-1.000000000000000000e+00
-7.460937500000000000e-01
-1.710937500000000000e+00
1.179687500000000000e+00
-3.066406250000000000e-01
2.187500000000000000e+00
1.500000000000000000e+00
9.882812500000000000e-01
-1.015625000000000000e+00
-1.250000000000000000e+00
1.460937500000000000e+00
1.242187500000000000e+00
1.781250000000000000e+00
5.820312500000000000e-01
1.203125000000000000e+00
7.617187500000000000e-01
-7.128906250000000000e-02
9.179687500000000000e-01
1.826171875000000000e-01
-1.710937500000000000e+00
-2.773437500000000000e-01
3.328125000000000000e+00
-4.906250000000000000e+00
-7.929687500000000000e-01
1.000000000000000000e+00
3.906250000000000000e-01
-3.000000000000000000e+00
-8.007812500000000000e-01
-4.902343750000000000e-01
-1.054687500000000000e+00
1.382812500000000000e+00
2.828125000000000000e+00
1.273437500000000000e+00
-5.703125000000000000e-01
2.714843750000000000e-01
-1.539062500000000000e+00
2.125000000000000000e+00
-1.320312500000000000e+00
2.500000000000000000e-01
-1.835937500000000000e+00
-2.773437500000000000e-01
1.843750000000000000e+00
5.820312500000000000e-01
-4.160156250000000000e-01
-1.335937500000000000e+00
1.710937500000000000e+00
1.398437500000000000e+00
-5.156250000000000000e-01
1.757812500000000000e+00
9.179687500000000000e-01
-1.007812500000000000e+00
-1.273437500000000000e+00
2.578125000000000000e+00
-9.179687500000000000e-01
1.070312500000000000e+00
2.617187500000000000e-01
-1.335937500000000000e+00
-3.062500000000000000e+00
-1.806640625000000000e-01
8.437500000000000000e-01
-1.718750000000000000e+00
1.218750000000000000e+00
-8.125000000000000000e-01
2.062500000000000000e+00
1.601562500000000000e+00
-2.714843750000000000e-01
1.000000000000000000e+00
-7.617187500000000000e-01
-8.007812500000000000e-01
1.445312500000000000e+00
-1.710937500000000000e+00
2.187500000000000000e+00
-4.941406250000000000e-01
-1.304687500000000000e+00
3.109375000000000000e+00
1.726562500000000000e+00
2.062500000000000000e+00
1.625000000000000000e+00
1.679687500000000000e+00
1.171875000000000000e-01
2.750000000000000000e+00
1.054687500000000000e+00
-1.976562500000000000e+00
-1.062500000000000000e+00
-2.437500000000000000e+00
2.171875000000000000e+00
2.910156250000000000e-01
1.273437500000000000e+00
9.687500000000000000e-01
-1.804687500000000000e+00
-1.406250000000000000e+00
4.121093750000000000e-01
-1.820312500000000000e+00
-6.914062500000000000e-01
1.835937500000000000e+00
-6.132812500000000000e-01
6.367187500000000000e-01
1.007812500000000000e+00
3.808593750000000000e-01
1.406250000000000000e+00
8.125000000000000000e-01
-1.617187500000000000e+00
-7.148437500000000000e-01
1.914062500000000000e+00
1.570312500000000000e+00
1.601562500000000000e+00
-1.806640625000000000e-01
2.250000000000000000e+00
-1.109375000000000000e+00
-1.148437500000000000e+00
1.898437500000000000e+00
4.121093750000000000e-01
1.843750000000000000e+00
-1.976562500000000000e+00
-7.460937500000000000e-01
1.914062500000000000e+00
2.703125000000000000e+00
-1.460937500000000000e+00
-1.437500000000000000e+00
-3.339843750000000000e-01
-8.320312500000000000e-01
-9.218750000000000000e-01
-5.039062500000000000e-01
1.648437500000000000e+00
1.710937500000000000e+00
7.187500000000000000e-01
1.757812500000000000e+00
1.710937500000000000e+00
1.351562500000000000e+00
1.164062500000000000e+00
2.546875000000000000e+00
1.203125000000000000e+00
1.000000000000000000e+00
-1.007812500000000000e+00
-2.937500000000000000e+00
-6.132812500000000000e-01
-1.109375000000000000e+00
9.570312500000000000e-01
1.625000000000000000e+00
-1.476562500000000000e+00
-1.023437500000000000e+00
2.796875000000000000e+00
2.015625000000000000e+00
9.882812500000000000e-01
1.679687500000000000e+00
-3.222656250000000000e-01
1.396484375000000000e-01
-1.351562500000000000e+00
1.289062500000000000e+00
1.773437500000000000e+00
-9.179687500000000000e-01
-2.490234375000000000e-01
-1.132812500000000000e+00
5.429687500000000000e-01
-1.250000000000000000e+00
-2.796875000000000000e+00
-6.132812500000000000e-01
-1.226562500000000000e+00
5.156250000000000000e-01
-4.062500000000000000e-01
-1.242187500000000000e+00
-2.046875000000000000e+00
7.343750000000000000e-01
-3.125000000000000000e+00
-1.156250000000000000e+00
1.632812500000000000e+00
-1.125000000000000000e+00
-3.750000000000000000e-01
2.609375000000000000e+00
-9.492187500000000000e-01
1.171875000000000000e+00
-1.429687500000000000e+00
2.109375000000000000e+00
1.250000000000000000e+00
-3.105468750000000000e-01
1.429687500000000000e+00
-8.085937500000000000e-01
2.312500000000000000e+00
3.000000000000000000e+00
1.398437500000000000e+00
-7.226562500000000000e-01
1.554687500000000000e+00
-1.914062500000000000e-01
-1.375000000000000000e+00
4.218750000000000000e-01
1.882812500000000000e+00
1.335937500000000000e+00
8.710937500000000000e-01
-1.335937500000000000e+00
9.531250000000000000e-01
1.687500000000000000e+00
-1.257812500000000000e+00
1.054687500000000000e+00
1.906250000000000000e+00
1.093750000000000000e+00
-1.625000000000000000e+00
5.859375000000000000e-01
-1.757812500000000000e+00
-1.218750000000000000e+00
-9.375000000000000000e-01
7.929687500000000000e-01
-1.343750000000000000e+00
1.300048828125000000e-02
1.030273437500000000e-01
2.949218750000000000e-01
9.804687500000000000e-01
-7.187500000000000000e-01
-1.273437500000000000e+00
1.085937500000000000e+00
7.382812500000000000e-01
-8.085937500000000000e-01
9.570312500000000000e-01
-8.750000000000000000e-01
1.882812500000000000e+00
1.650390625000000000e-01
1.726562500000000000e+00
-5.429687500000000000e-01
1.601562500000000000e+00
1.562500000000000000e+00
-2.015625000000000000e+00
-1.117187500000000000e+00
6.591796875000000000e-02
7.031250000000000000e-01
-3.535156250000000000e-01
-3.500000000000000000e+00
-1.218750000000000000e+00
-1.398437500000000000e+00
-1.875000000000000000e+00
-1.710937500000000000e+00
2.359375000000000000e+00
-8.320312500000000000e-01
-1.953125000000000000e-01
-7.226562500000000000e-01
4.531250000000000000e-01
-6.562500000000000000e-01
-1.226562500000000000e+00
-1.611328125000000000e-01
1.617187500000000000e+00
-1.554687500000000000e+00
-6.757812500000000000e-01
1.750000000000000000e+00
1.382812500000000000e+00
2.453125000000000000e+00
4.121093750000000000e-01
-8.320312500000000000e-01
-1.531250000000000000e+00
-1.257812500000000000e+00
-2.421875000000000000e-01
-1.320312500000000000e+00
-1.437500000000000000e+00
-3.265625000000000000e+00
-1.031250000000000000e+00
2.500000000000000000e-01
-9.804687500000000000e-01
1.445312500000000000e+00
1.843750000000000000e+00
-1.507812500000000000e+00
-1.210937500000000000e+00
-2.392578125000000000e-01
1.380920410156250000e-03
-7.656250000000000000e-01
-1.468750000000000000e+00
-9.257812500000000000e-01
-4.746093750000000000e-01
1.023437500000000000e+00
1.062500000000000000e+00
-6.445312500000000000e-01
-1.562500000000000000e+00
-9.531250000000000000e-01
-1.226562500000000000e+00
-2.046875000000000000e+00
-9.492187500000000000e-01
-4.824218750000000000e-01
9.882812500000000000e-01
-1.125000000000000000e+00
-2.203125000000000000e+00
1.320312500000000000e+00
-1.617187500000000000e+00
1.523437500000000000e+00
1.242187500000000000e+00
4.531250000000000000e-01
-1.125000000000000000e+00
-9.023437500000000000e-01
-7.968750000000000000e-01
-7.460937500000000000e-01
-6.718750000000000000e-01
4.589843750000000000e-01
1.257812500000000000e+00
-1.148437500000000000e+00
-6.132812500000000000e-01
1.257812500000000000e+00
1.468750000000000000e+00
-2.812500000000000000e+00
4.589843750000000000e-01
-5.781250000000000000e-01
1.632812500000000000e+00
1.031250000000000000e+00
1.923828125000000000e-01
9.101562500000000000e-01
3.691406250000000000e-01
1.812500000000000000e+00
1.437500000000000000e+00
1.031250000000000000e+00
1.812500000000000000e+00
5.742187500000000000e-01
2.828125000000000000e+00
-1.367187500000000000e+00
-3.691406250000000000e-01
1.429687500000000000e+00
-1.007812500000000000e+00
7.070312500000000000e-01
-8.632812500000000000e-01
7.851562500000000000e-01
1.304687500000000000e+00
1.296875000000000000e+00
-1.023437500000000000e+00
-9.804687500000000000e-01
9.570312500000000000e-01
1.070312500000000000e+00
-1.062500000000000000e+00
-8.750000000000000000e-01
9.062500000000000000e-01
1.812500000000000000e+00
1.804687500000000000e+00
-3.671875000000000000e+00
-6.679687500000000000e-01
-1.054687500000000000e+00
3.378906250000000000e-01
1.273437500000000000e+00
-1.101562500000000000e+00
6.601562500000000000e-01
1.085937500000000000e+00
2.078125000000000000e+00
2.484375000000000000e+00
-2.109375000000000000e+00
-3.453125000000000000e+00
-6.591796875000000000e-02
-2.453125000000000000e+00
-2.171875000000000000e+00
-9.804687500000000000e-01
-1.343750000000000000e+00
1.843750000000000000e+00
-2.812500000000000000e-01
6.367187500000000000e-01
-1.257812500000000000e+00
1.960937500000000000e+00
2.910156250000000000e-01
4.500000000000000000e+00
-1.257812500000000000e+00
-2.171875000000000000e+00
-5.898437500000000000e-01
7.031250000000000000e-01
9.619140625000000000e-02
7.695312500000000000e-01
-2.753906250000000000e-01
-2.015625000000000000e+00
2.937500000000000000e+00
-2.296875000000000000e+00
-3.085937500000000000e-01
-4.468750000000000000e+00
-2.109375000000000000e-01
-2.062500000000000000e+00
-3.734375000000000000e+00
1.210937500000000000e+00
1.351562500000000000e+00
-9.179687500000000000e-01
7.500000000000000000e-01
-8.867187500000000000e-01
-2.218750000000000000e+00
1.601562500000000000e+00
9.570312500000000000e-01
-8.281250000000000000e-01
1.570312500000000000e+00
1.632812500000000000e+00
1.601562500000000000e-01
1.304687500000000000e+00
-1.328125000000000000e+00
8.945312500000000000e-01
1.474609375000000000e-01
-1.148437500000000000e+00
-8.437500000000000000e-01
1.375000000000000000e+00
1.382812500000000000e+00
-1.093750000000000000e+00
