6.523437500000000000e-01
7.460937500000000000e-01
-1.960937500000000000e+00
1.460937500000000000e+00
-6.210937500000000000e-01
8.476562500000000000e-01
1.070312500000000000e+00
8.945312500000000000e-01
-1.062500000000000000e+00
-9.257812500000000000e-01
1.289062500000000000e+00
8.710937500000000000e-01
1.906250000000000000e+00
1.049804687500000000e-01
1.132812500000000000e+00
6.875000000000000000e-01
-1.250000000000000000e+00
9.726562500000000000e-01
2.390625000000000000e+00
-1.375000000000000000e+00
-9.492187500000000000e-01
2.875000000000000000e+00
-5.156250000000000000e+00
-8.789062500000000000e-01
1.117187500000000000e+00
6.523437500000000000e-01
-2.671875000000000000e+00
-6.757812500000000000e-01
-2.734375000000000000e-01
-1.140625000000000000e+00
2.265625000000000000e+00
7.148437500000000000e-01
1.656250000000000000e+00
-1.562500000000000000e+00
-1.416015625000000000e-01
-1.101562500000000000e+00
8.242187500000000000e-01
-6.093750000000000000e-01
2.871093750000000000e-01
-2.031250000000000000e+00
-4.511718750000000000e-01
2.468750000000000000e+00
8.750000000000000000e-01
-7.460937500000000000e-01
-9.531250000000000000e-01
1.304687500000000000e+00
8.320312500000000000e-01
-5.820312500000000000e-01
8.554687500000000000e-01
1.625000000000000000e+00
-8.632812500000000000e-01
-1.312500000000000000e+00
1.875000000000000000e+00
-5.937500000000000000e-01
1.562500000000000000e+00
1.742187500000000000e+00
-9.882812500000000000e-01
-1.750000000000000000e+00
5.351562500000000000e-01
7.851562500000000000e-01
-1.367187500000000000e+00
9.687500000000000000e-01
-6.054687500000000000e-01
2.453125000000000000e+00
1.914062500000000000e+00
-2.910156250000000000e-01
1.687500000000000000e+00
1.748046875000000000e-01
-4.531250000000000000e-01
-1.079101562500000000e-01
-9.335937500000000000e-01
8.320312500000000000e-01
-3.242187500000000000e-01
-2.390625000000000000e+00
1.750000000000000000e+00
-6.289062500000000000e-01
2.296875000000000000e+00
1.335937500000000000e+00
2.062500000000000000e+00
2.832031250000000000e-01
2.546875000000000000e+00
1.007812500000000000e+00
-1.767578125000000000e-01
-5.546875000000000000e-01
-2.484375000000000000e+00
8.320312500000000000e-01
9.531250000000000000e-01
1.750000000000000000e+00
8.398437500000000000e-01
-1.437500000000000000e+00
-4.316406250000000000e-01
1.039062500000000000e+00
-1.726562500000000000e+00
-5.117187500000000000e-01
8.085937500000000000e-01
-1.093750000000000000e+00
2.296875000000000000e+00
1.070312500000000000e+00
-1.273437500000000000e+00
1.281250000000000000e+00
1.789062500000000000e+00
-1.343750000000000000e+00
-1.664062500000000000e+00
2.000000000000000000e+00
2.390625000000000000e+00
2.078125000000000000e+00
7.617187500000000000e-02
2.000000000000000000e+00
-9.375000000000000000e-01
-7.500000000000000000e-01
2.484375000000000000e+00
-8.867187500000000000e-01
1.554687500000000000e+00
-1.474609375000000000e-01
-7.382812500000000000e-01
2.328125000000000000e+00
5.390625000000000000e-01
-5.976562500000000000e-01
-1.226562500000000000e+00
-7.275390625000000000e-02
-1.460937500000000000e+00
-1.101562500000000000e+00
-5.039062500000000000e-01
1.226562500000000000e+00
1.539062500000000000e+00
8.164062500000000000e-01
1.875000000000000000e+00
2.796875000000000000e+00
1.695312500000000000e+00
8.242187500000000000e-01
1.851562500000000000e+00
1.953125000000000000e-01
9.570312500000000000e-01
-1.523437500000000000e+00
-3.144531250000000000e-01
-6.992187500000000000e-01
-3.808593750000000000e-01
1.437500000000000000e+00
1.773437500000000000e+00
-1.585937500000000000e+00
-9.687500000000000000e-01
2.046875000000000000e+00
2.078125000000000000e+00
7.070312500000000000e-01
1.835937500000000000e+00
-9.804687500000000000e-01
1.164062500000000000e+00
-1.539062500000000000e+00
1.773437500000000000e+00
1.898437500000000000e+00
1.054687500000000000e+00
-7.148437500000000000e-01
-9.882812500000000000e-01
-4.418945312500000000e-02
-8.125000000000000000e-01
-1.750000000000000000e+00
-9.843750000000000000e-01
-8.125000000000000000e-01
-1.982421875000000000e-01
-1.320312500000000000e+00
-9.648437500000000000e-01
-7.226562500000000000e-01
7.500000000000000000e-01
-1.867187500000000000e+00
-6.171875000000000000e-01
2.437500000000000000e+00
-1.226562500000000000e+00
8.398437500000000000e-02
2.218750000000000000e+00
-8.398437500000000000e-01
7.617187500000000000e-01
-7.343750000000000000e-01
2.562500000000000000e+00
1.789062500000000000e+00
-5.590820312500000000e-02
2.046875000000000000e+00
-4.062500000000000000e-01
2.375000000000000000e+00
8.320312500000000000e-01
1.382812500000000000e+00
-1.562500000000000000e-01
1.757812500000000000e+00
-6.992187500000000000e-01
-9.882812500000000000e-01
2.294921875000000000e-01
2.937500000000000000e+00
1.179687500000000000e+00
5.429687500000000000e-01
1.000000000000000000e+00
7.460937500000000000e-01
1.625000000000000000e+00
-7.304687500000000000e-01
1.539062500000000000e+00
2.250000000000000000e+00
8.554687500000000000e-01
-5.820312500000000000e-01
3.144531250000000000e-01
-9.882812500000000000e-01
-9.257812500000000000e-01
-4.238281250000000000e-01
7.070312500000000000e-01
3.637695312500000000e-02
2.460937500000000000e-01
-6.757812500000000000e-01
2.470703125000000000e-01
1.804687500000000000e+00
-6.054687500000000000e-01
-1.101562500000000000e+00
1.476562500000000000e+00
1.179687500000000000e+00
-1.601562500000000000e+00
1.507812500000000000e+00
-1.039062500000000000e+00
1.382812500000000000e+00
-1.007812500000000000e+00
2.640625000000000000e+00
9.648437500000000000e-01
1.343750000000000000e+00
-1.023437500000000000e+00
-1.195312500000000000e+00
-6.757812500000000000e-01
3.144531250000000000e-01
6.289062500000000000e-01
-2.470703125000000000e-01
-2.984375000000000000e+00
-1.125000000000000000e+00
-9.882812500000000000e-01
-1.312500000000000000e+00
-1.476562500000000000e+00
1.500000000000000000e+00
-5.234375000000000000e-01
1.492187500000000000e+00
1.000000000000000000e+00
1.000976562500000000e-01
-8.349609375000000000e-02
-7.617187500000000000e-01
-1.351562500000000000e+00
1.437500000000000000e+00
-1.757812500000000000e+00
-9.804687500000000000e-01
2.093750000000000000e+00
1.101562500000000000e+00
-5.585937500000000000e-01
-3.886718750000000000e-01
-8.007812500000000000e-01
-1.156250000000000000e+00
-4.238281250000000000e-01
-5.625000000000000000e-01
-1.054687500000000000e+00
-8.593750000000000000e-01
-3.078125000000000000e+00
-1.054687500000000000e+00
1.164062500000000000e+00
-8.437500000000000000e-01
1.554687500000000000e+00
1.320312500000000000e+00
-1.437500000000000000e+00
-1.109375000000000000e+00
-2.773437500000000000e-01
-1.335937500000000000e+00
-1.882812500000000000e+00
-9.062500000000000000e-01
-1.164062500000000000e+00
-8.007812500000000000e-01
6.757812500000000000e-01
5.976562500000000000e-01
-1.257812500000000000e+00
-1.117187500000000000e+00
-5.937500000000000000e-01
-8.476562500000000000e-01
-8.125000000000000000e-01
-4.667968750000000000e-01
-1.210937500000000000e+00
1.125000000000000000e+00
-4.121093750000000000e-01
-1.101562500000000000e+00
1.843750000000000000e+00
-4.003906250000000000e-01
1.500000000000000000e+00
1.539062500000000000e+00
6.875000000000000000e-01
-1.132812500000000000e+00
-3.027343750000000000e-01
-2.294921875000000000e-01
6.757812500000000000e-01
-3.808593750000000000e-01
4.824218750000000000e-01
1.085937500000000000e+00
-3.457031250000000000e-01
-1.507812500000000000e+00
1.539062500000000000e+00
1.250000000000000000e+00
-1.648437500000000000e+00
7.812500000000000000e-01
-8.476562500000000000e-01
1.625000000000000000e+00
1.132812500000000000e+00
-2.236328125000000000e-01
1.375000000000000000e+00
1.650390625000000000e-01
1.617187500000000000e+00
1.054687500000000000e+00
2.265625000000000000e+00
2.140625000000000000e+00
8.750000000000000000e-01
2.015625000000000000e+00
-4.160156250000000000e-01
8.906250000000000000e-01
1.039062500000000000e+00
-2.753906250000000000e-01
9.257812500000000000e-01
-1.085937500000000000e+00
1.476562500000000000e+00
1.437500000000000000e+00
9.492187500000000000e-01
-1.945312500000000000e+00
-1.070312500000000000e+00
1.460937500000000000e+00
1.054687500000000000e+00
-1.132812500000000000e+00
-1.625000000000000000e+00
1.218750000000000000e+00
1.789062500000000000e+00
1.750000000000000000e+00
-3.187500000000000000e+00
-1.414062500000000000e+00
-1.125000000000000000e+00
4.472656250000000000e-01
8.632812500000000000e-01
-2.015625000000000000e+00
4.316406250000000000e-01
1.289062500000000000e+00
1.789062500000000000e+00
2.140625000000000000e+00
-2.250000000000000000e+00
-2.953125000000000000e+00
-6.500244140625000000e-03
-1.304687500000000000e+00
-1.132812500000000000e+00
1.382812500000000000e+00
-8.437500000000000000e-01
1.835937500000000000e+00
5.585937500000000000e-01
9.882812500000000000e-01
-7.812500000000000000e-01
2.312500000000000000e+00
-8.632812500000000000e-01
2.359375000000000000e+00
-1.007812500000000000e+00
-1.031250000000000000e+00
-9.726562500000000000e-01
1.000000000000000000e+00
-3.652343750000000000e-01
1.718750000000000000e+00
-6.875000000000000000e-01
-8.476562500000000000e-01
1.039062500000000000e+00
-1.898437500000000000e+00
-5.000000000000000000e-01
-4.625000000000000000e+00
-6.992187500000000000e-01
-1.281250000000000000e+00
-3.484375000000000000e+00
1.781250000000000000e+00
1.468750000000000000e+00
-7.695312500000000000e-01
5.507812500000000000e-01
-8.750000000000000000e-01
-2.750000000000000000e+00
1.804687500000000000e+00
1.500000000000000000e+00
-8.007812500000000000e-01
1.601562500000000000e+00
2.828125000000000000e+00
-5.820312500000000000e-01
1.187500000000000000e+00
-3.066406250000000000e-01
6.835937500000000000e-01
-4.174804687500000000e-02
-6.445312500000000000e-01
-1.867187500000000000e+00
1.492187500000000000e+00
3.300781250000000000e-01
3.637695312500000000e-02
