-2.062500000000000000e+00
3.437500000000000000e-01
-1.210937500000000000e+00
6.875000000000000000e-01
-5.820312500000000000e-01
1.664062500000000000e+00
9.375000000000000000e-01
5.117187500000000000e-01
-8.007812500000000000e-01
-1.070312500000000000e+00
8.593750000000000000e-01
6.992187500000000000e-01
1.492187500000000000e+00
1.884765625000000000e-01
5.585937500000000000e-01
3.046875000000000000e-01
5.346679687500000000e-02
4.082031250000000000e-01
-4.785156250000000000e-01
-1.617187500000000000e+00
-6.445312500000000000e-01
3.421875000000000000e+00
-5.500000000000000000e+00
-7.343750000000000000e-01
4.433593750000000000e-01
7.275390625000000000e-02
-3.375000000000000000e+00
-1.070312500000000000e+00
-7.070312500000000000e-01
-6.054687500000000000e-01
8.281250000000000000e-01
2.453125000000000000e+00
7.148437500000000000e-01
-6.367187500000000000e-01
1.337890625000000000e-01
-1.562500000000000000e+00
1.773437500000000000e+00
-1.039062500000000000e+00
-7.861328125000000000e-02
-1.656250000000000000e+00
-5.585937500000000000e-01
1.132812500000000000e+00
4.711914062500000000e-02
-2.021484375000000000e-01
-1.335937500000000000e+00
1.257812500000000000e+00
9.960937500000000000e-01
-5.195312500000000000e-01
1.351562500000000000e+00
4.062500000000000000e-01
-1.093750000000000000e+00
-1.328125000000000000e+00
2.484375000000000000e+00
-1.591796875000000000e-01
5.351562500000000000e-01
-1.494140625000000000e-01
-1.062500000000000000e+00
-3.687500000000000000e+00
-3.066406250000000000e-01
4.082031250000000000e-01
-1.242187500000000000e+00
8.789062500000000000e-01
-8.593750000000000000e-01
1.320312500000000000e+00
1.343750000000000000e+00
-3.027343750000000000e-01
4.589843750000000000e-01
-2.109375000000000000e-01
-7.070312500000000000e-01
3.750000000000000000e-01
-1.351562500000000000e+00
1.226562500000000000e+00
-6.992187500000000000e-01
-1.281250000000000000e+00
2.687500000000000000e+00
1.562500000000000000e+00
1.343750000000000000e+00
1.304687500000000000e+00
1.093750000000000000e+00
-2.600097656250000000e-02
2.421875000000000000e+00
5.625000000000000000e-01
-7.929687500000000000e-01
-1.132812500000000000e+00
-1.593750000000000000e+00
1.523437500000000000e+00
-5.468750000000000000e-01
6.835937500000000000e-01
5.898437500000000000e-01
-2.015625000000000000e+00
-1.109375000000000000e+00
1.215820312500000000e-01
-8.007812500000000000e-01
-7.031250000000000000e-01
2.062500000000000000e+00
-4.550781250000000000e-01
-7.304687500000000000e-01
4.628906250000000000e-01
-5.625000000000000000e-01
1.226562500000000000e+00
1.787109375000000000e-01
-1.875000000000000000e+00
-6.757812500000000000e-01
1.945312500000000000e+00
9.062500000000000000e-01
9.257812500000000000e-01
-1.562500000000000000e-02
2.156250000000000000e+00
-1.335937500000000000e+00
-9.257812500000000000e-01
1.132812500000000000e+00
1.796875000000000000e-01
1.914062500000000000e+00
-7.343750000000000000e-01
-7.500000000000000000e-01
1.304687500000000000e+00
2.750000000000000000e+00
-8.242187500000000000e-01
-1.695312500000000000e+00
-9.912109375000000000e-02
-4.785156250000000000e-01
-1.273437500000000000e+00
-4.121093750000000000e-01
9.335937500000000000e-01
1.406250000000000000e+00
3.535156250000000000e-01
1.320312500000000000e+00
9.804687500000000000e-01
8.437500000000000000e-01
7.304687500000000000e-01
2.312500000000000000e+00
8.476562500000000000e-01
5.468750000000000000e-01
-8.750000000000000000e-01
-2.546875000000000000e+00
-6.132812500000000000e-01
-7.382812500000000000e-01
3.125000000000000000e-01
1.039062500000000000e+00
-9.062500000000000000e-01
-9.179687500000000000e-01
2.578125000000000000e+00
1.289062500000000000e+00
5.039062500000000000e-01
1.132812500000000000e+00
-4.707031250000000000e-01
-7.929687500000000000e-01
-1.140625000000000000e+00
7.851562500000000000e-01
1.054687500000000000e+00
-1.835937500000000000e+00
-5.351562500000000000e-01
-9.648437500000000000e-01
9.704589843750000000e-03
-1.437500000000000000e+00
-3.546875000000000000e+00
-4.843750000000000000e-01
-1.101562500000000000e+00
1.289062500000000000e-01
-7.070312500000000000e-01
-1.062500000000000000e+00
-1.687500000000000000e+00
3.515625000000000000e-01
-2.890625000000000000e+00
-9.531250000000000000e-01
9.101562500000000000e-01
-1.062500000000000000e+00
-2.138671875000000000e-01
2.500000000000000000e+00
-3.652343750000000000e-01
7.226562500000000000e-01
-1.132812500000000000e+00
1.468750000000000000e+00
7.382812500000000000e-01
-6.679687500000000000e-01
9.375000000000000000e-01
-9.570312500000000000e-01
1.773437500000000000e+00
2.328125000000000000e+00
8.164062500000000000e-01
-1.257812500000000000e+00
8.750000000000000000e-01
-3.535156250000000000e-01
-1.226562500000000000e+00
2.490234375000000000e-01
1.117187500000000000e+00
9.062500000000000000e-01
5.937500000000000000e-01
3.691406250000000000e-01
5.507812500000000000e-01
1.117187500000000000e+00
-9.257812500000000000e-01
5.937500000000000000e-01
1.226562500000000000e+00
5.468750000000000000e-01
-2.296875000000000000e+00
4.941406250000000000e-01
-2.671875000000000000e+00
-1.273437500000000000e+00
-9.414062500000000000e-01
5.898437500000000000e-01
-2.046875000000000000e+00
1.718750000000000000e-01
1.054687500000000000e-01
-1.845703125000000000e-01
4.921875000000000000e-01
1.689453125000000000e-01
-1.414062500000000000e+00
5.742187500000000000e-01
2.333984375000000000e-01
-9.687500000000000000e-01
4.433593750000000000e-01
-1.031250000000000000e+00
1.476562500000000000e+00
-6.054687500000000000e-02
8.945312500000000000e-01
-1.179687500000000000e+00
8.476562500000000000e-01
2.148437500000000000e-01
-3.015625000000000000e+00
-1.156250000000000000e+00
-4.082031250000000000e-01
3.964843750000000000e-01
-1.445312500000000000e-01
-4.156250000000000000e+00
-8.242187500000000000e-01
-1.054687500000000000e+00
-2.296875000000000000e+00
-2.093750000000000000e+00
2.000000000000000000e+00
-6.367187500000000000e-01
-1.203125000000000000e+00
-1.281250000000000000e+00
2.968750000000000000e-01
-2.597656250000000000e-01
-1.445312500000000000e+00
-3.164062500000000000e-01
1.101562500000000000e+00
-1.210937500000000000e+00
-1.039062500000000000e+00
1.234375000000000000e+00
1.460937500000000000e+00
2.234375000000000000e+00
-1.796875000000000000e-01
-7.812500000000000000e-01
-1.445312500000000000e+00
-1.015625000000000000e+00
-6.601562500000000000e-01
-1.117187500000000000e+00
-1.601562500000000000e+00
-4.187500000000000000e+00
-5.664062500000000000e-01
-1.015625000000000000e+00
-9.414062500000000000e-01
1.070312500000000000e+00
1.539062500000000000e+00
-9.960937500000000000e-01
-4.375000000000000000e-01
-2.966308593750000000e-02
-3.359375000000000000e-01
-7.070312500000000000e-01
-1.070312500000000000e+00
-9.218750000000000000e-01
-5.859375000000000000e-01
7.460937500000000000e-01
9.492187500000000000e-01
-4.550781250000000000e-01
-1.500000000000000000e+00
-1.031250000000000000e+00
-1.445312500000000000e+00
-2.250000000000000000e+00
-8.007812500000000000e-01
-4.667968750000000000e-01
5.507812500000000000e-01
-8.437500000000000000e-01
-2.359375000000000000e+00
7.304687500000000000e-01
-2.343750000000000000e+00
9.570312500000000000e-01
5.507812500000000000e-01
-1.337890625000000000e-01
-1.601562500000000000e+00
-6.562500000000000000e-01
-6.601562500000000000e-01
-2.880859375000000000e-02
-6.679687500000000000e-01
1.186523437500000000e-01
7.695312500000000000e-01
-8.242187500000000000e-01
-5.585937500000000000e-01
1.210937500000000000e+00
9.648437500000000000e-01
-1.656250000000000000e+00
3.378906250000000000e-01
-5.585937500000000000e-01
1.007812500000000000e+00
5.468750000000000000e-01
-2.675781250000000000e-01
6.445312500000000000e-01
-7.763671875000000000e-02
1.875000000000000000e+00
1.320312500000000000e+00
1.269531250000000000e-01
1.218750000000000000e+00
1.533203125000000000e-01
2.046875000000000000e+00
-1.281250000000000000e+00
-8.125000000000000000e-01
1.562500000000000000e+00
-8.125000000000000000e-01
1.796875000000000000e-01
-1.179687500000000000e+00
8.789062500000000000e-01
7.460937500000000000e-01
7.929687500000000000e-01
-9.218750000000000000e-01
-1.187500000000000000e+00
3.535156250000000000e-01
5.507812500000000000e-01
-1.070312500000000000e+00
-7.695312500000000000e-01
4.863281250000000000e-01
1.117187500000000000e+00
1.773437500000000000e+00
-4.000000000000000000e+00
-5.976562500000000000e-01
-1.101562500000000000e+00
1.904296875000000000e-02
9.257812500000000000e-01
-1.023437500000000000e+00
1.611328125000000000e-01
6.132812500000000000e-01
1.585937500000000000e+00
2.265625000000000000e+00
-1.679687500000000000e+00
-3.515625000000000000e+00
-3.886718750000000000e-01
-3.296875000000000000e+00
-2.109375000000000000e+00
1.039062500000000000e+00
-1.156250000000000000e+00
1.179687500000000000e+00
-4.531250000000000000e-01
2.421875000000000000e-01
-1.304687500000000000e+00
1.125000000000000000e+00
-5.351562500000000000e-01
4.125000000000000000e+00
-1.351562500000000000e+00
-1.804687500000000000e+00
-7.695312500000000000e-01
2.343750000000000000e-01
2.185058593750000000e-02
2.519531250000000000e-01
-4.238281250000000000e-01
-1.968750000000000000e+00
2.640625000000000000e+00
-2.750000000000000000e+00
-1.982421875000000000e-01
-5.031250000000000000e+00
-6.250000000000000000e-01
-1.757812500000000000e+00
-4.343750000000000000e+00
6.757812500000000000e-01
1.218750000000000000e+00
-9.257812500000000000e-01
1.337890625000000000e-01
-7.851562500000000000e-01
-1.710937500000000000e+00
1.039062500000000000e+00
3.496093750000000000e-01
-1.023437500000000000e+00
1.125000000000000000e+00
9.179687500000000000e-01
2.041015625000000000e-01
6.992187500000000000e-01
-3.378906250000000000e-01
5.507812500000000000e-01
-1.376953125000000000e-01
-1.039062500000000000e+00
-6.601562500000000000e-01
7.968750000000000000e-01
1.132812500000000000e+00
-1.664062500000000000e+00
