1.196289062500000000e-01
-2.910156250000000000e-01
-1.585937500000000000e+00
1.382812500000000000e+00
1.010742187500000000e-01
1.726562500000000000e+00
1.492187500000000000e+00
1.054687500000000000e+00
-1.093750000000000000e+00
-7.304687500000000000e-01
1.507812500000000000e+00
1.125000000000000000e+00
1.835937500000000000e+00
5.273437500000000000e-01
1.187500000000000000e+00
8.867187500000000000e-01
-4.121093750000000000e-01
1.085937500000000000e+00
1.937500000000000000e+00
-1.898437500000000000e+00
2.209472656250000000e-02
3.484375000000000000e+00
-4.156250000000000000e+00
-5.429687500000000000e-01
1.203125000000000000e+00
5.820312500000000000e-01
-1.882812500000000000e+00
2.949218750000000000e-01
-6.132812500000000000e-01
-8.554687500000000000e-01
1.945312500000000000e+00
1.898437500000000000e+00
1.648437500000000000e+00
-9.843750000000000000e-01
-4.370117187500000000e-02
-9.843750000000000000e-01
1.789062500000000000e+00
-1.382812500000000000e+00
4.218750000000000000e-01
-2.234375000000000000e+00
5.898437500000000000e-01
2.250000000000000000e+00
2.968750000000000000e-01
-4.375000000000000000e-01
-2.868652343750000000e-02
1.789062500000000000e+00
1.148437500000000000e+00
-1.093750000000000000e+00
1.460937500000000000e+00
1.398437500000000000e+00
-1.125000000000000000e+00
-1.171875000000000000e+00
2.546875000000000000e+00
-4.160156250000000000e-01
1.500000000000000000e+00
1.414062500000000000e+00
-1.789062500000000000e+00
-2.093750000000000000e+00
-4.101562500000000000e-02
9.687500000000000000e-01
-1.992187500000000000e+00
1.210937500000000000e+00
-8.007812500000000000e-01
2.171875000000000000e+00
1.664062500000000000e+00
-3.808593750000000000e-01
1.382812500000000000e+00
-8.164062500000000000e-01
-1.007812500000000000e+00
7.851562500000000000e-01
-1.039062500000000000e+00
1.687500000000000000e+00
-8.632812500000000000e-01
-1.585937500000000000e+00
2.750000000000000000e+00
6.835937500000000000e-01
2.203125000000000000e+00
1.562500000000000000e+00
1.898437500000000000e+00
4.042968750000000000e-01
2.796875000000000000e+00
1.296875000000000000e+00
-9.843750000000000000e-01
-6.992187500000000000e-01
-2.390625000000000000e+00
1.843750000000000000e+00
1.414062500000000000e+00
1.539062500000000000e+00
1.101562500000000000e+00
-5.429687500000000000e-01
-1.320312500000000000e+00
1.630859375000000000e-01
-1.976562500000000000e+00
-8.007812500000000000e-01
1.687500000000000000e+00
-5.781250000000000000e-01
1.750000000000000000e+00
1.132812500000000000e+00
4.433593750000000000e-01
1.304687500000000000e+00
1.664062500000000000e+00
-5.156250000000000000e-01
-6.210937500000000000e-01
2.125000000000000000e+00
2.250000000000000000e+00
1.906250000000000000e+00
-4.863281250000000000e-01
2.218750000000000000e+00
-4.375000000000000000e-01
-1.218750000000000000e+00
2.250000000000000000e+00
3.203125000000000000e-01
1.507812500000000000e+00
-1.789062500000000000e+00
-4.472656250000000000e-01
2.187500000000000000e+00
1.789062500000000000e+00
-1.273437500000000000e+00
-5.117187500000000000e-01
-2.714843750000000000e-01
-1.101562500000000000e+00
-3.691406250000000000e-01
-1.826171875000000000e-01
1.585937500000000000e+00
1.726562500000000000e+00
8.906250000000000000e-01
1.898437500000000000e+00
2.437500000000000000e+00
1.562500000000000000e+00
1.015625000000000000e+00
2.203125000000000000e+00
5.078125000000000000e-01
1.242187500000000000e+00
-9.179687500000000000e-01
-1.164062500000000000e+00
-4.902343750000000000e-01
-9.843750000000000000e-01
1.328125000000000000e+00
1.648437500000000000e+00
-1.867187500000000000e+00
-9.882812500000000000e-01
2.171875000000000000e+00
2.250000000000000000e+00
1.023437500000000000e+00
1.875000000000000000e+00
-7.958984375000000000e-02
8.398437500000000000e-01
-1.218750000000000000e+00
1.664062500000000000e+00
1.992187500000000000e+00
1.982421875000000000e-01
2.675781250000000000e-01
-6.679687500000000000e-01
4.589843750000000000e-01
-2.060546875000000000e-01
-1.960937500000000000e+00
-7.070312500000000000e-01
-1.351562500000000000e+00
7.460937500000000000e-01
-4.667968750000000000e-01
-1.367187500000000000e+00
-1.539062500000000000e+00
9.804687500000000000e-01
-1.742187500000000000e+00
-1.234375000000000000e+00
2.093750000000000000e+00
-1.023437500000000000e+00
-1.132812500000000000e-01
2.562500000000000000e+00
-8.281250000000000000e-01
9.726562500000000000e-01
-1.335937500000000000e+00
2.406250000000000000e+00
1.617187500000000000e+00
1.043701171875000000e-02
1.695312500000000000e+00
-5.898437500000000000e-01
2.453125000000000000e+00
2.515625000000000000e+00
1.554687500000000000e+00
-2.343750000000000000e-01
1.742187500000000000e+00
-4.375000000000000000e-01
-1.625000000000000000e+00
-2.770996093750000000e-02
2.609375000000000000e+00
1.398437500000000000e+00
8.437500000000000000e-01
-2.695312500000000000e-01
1.031250000000000000e+00
1.804687500000000000e+00
-8.554687500000000000e-01
1.312500000000000000e+00
2.109375000000000000e+00
1.125000000000000000e+00
-7.929687500000000000e-01
3.886718750000000000e-01
-6.523437500000000000e-01
-9.492187500000000000e-01
-9.521484375000000000e-02
8.867187500000000000e-01
-6.289062500000000000e-01
-8.056640625000000000e-02
1.166992187500000000e-01
5.742187500000000000e-01
1.414062500000000000e+00
-1.132812500000000000e+00
-5.585937500000000000e-01
1.398437500000000000e+00
9.531250000000000000e-01
-1.007812500000000000e+00
1.414062500000000000e+00
-2.031250000000000000e-01
1.710937500000000000e+00
-1.357421875000000000e-01
2.359375000000000000e+00
1.591796875000000000e-01
1.617187500000000000e+00
2.988281250000000000e-01
-1.039062500000000000e+00
-8.320312500000000000e-01
6.289062500000000000e-01
6.757812500000000000e-01
-3.886718750000000000e-01
-2.734375000000000000e+00
-9.726562500000000000e-01
-1.562500000000000000e+00
-7.382812500000000000e-01
-1.312500000000000000e+00
2.250000000000000000e+00
-5.625000000000000000e-01
7.070312500000000000e-01
8.632812500000000000e-01
1.093750000000000000e-01
-5.820312500000000000e-01
-2.868652343750000000e-02
-1.429687500000000000e+00
1.617187500000000000e+00
-1.875000000000000000e+00
-3.164062500000000000e-01
1.914062500000000000e+00
1.343750000000000000e+00
1.062500000000000000e+00
6.132812500000000000e-01
-8.789062500000000000e-01
-1.437500000000000000e+00
-8.554687500000000000e-01
2.148437500000000000e-02
-1.414062500000000000e+00
-1.562500000000000000e-01
-2.406250000000000000e+00
-8.867187500000000000e-01
1.148437500000000000e+00
-4.609375000000000000e-01
1.539062500000000000e+00
1.960937500000000000e+00
-1.312500000000000000e+00
-8.867187500000000000e-01
-4.375000000000000000e-01
-2.578125000000000000e-01
-1.523437500000000000e+00
-2.000000000000000000e+00
-8.164062500000000000e-01
-4.472656250000000000e-01
8.242187500000000000e-01
8.320312500000000000e-01
-7.695312500000000000e-01
-1.617187500000000000e+00
-1.117187500000000000e+00
-1.982421875000000000e-01
-7.617187500000000000e-01
-8.554687500000000000e-01
-5.781250000000000000e-01
1.218750000000000000e+00
-1.007812500000000000e+00
-9.882812500000000000e-01
1.664062500000000000e+00
-7.187500000000000000e-01
1.781250000000000000e+00
1.585937500000000000e+00
7.148437500000000000e-01
-3.496093750000000000e-01
-1.296875000000000000e+00
-2.656250000000000000e-01
-5.781250000000000000e-01
-8.007812500000000000e-01
5.429687500000000000e-01
1.289062500000000000e+00
-1.109375000000000000e+00
-7.851562500000000000e-01
1.304687500000000000e+00
1.460937500000000000e+00
-3.000000000000000000e+00
2.597656250000000000e-01
-1.953125000000000000e-01
1.531250000000000000e+00
1.140625000000000000e+00
3.144531250000000000e-01
1.210937500000000000e+00
5.000000000000000000e-01
1.851562500000000000e+00
1.171875000000000000e+00
1.875000000000000000e+00
2.171875000000000000e+00
7.070312500000000000e-01
2.750000000000000000e+00
-7.187500000000000000e-01
9.843750000000000000e-01
1.156250000000000000e+00
-1.179687500000000000e+00
9.257812500000000000e-01
-8.125000000000000000e-01
5.351562500000000000e-01
1.523437500000000000e+00
1.351562500000000000e+00
-1.132812500000000000e+00
-9.130859375000000000e-02
1.367187500000000000e+00
1.242187500000000000e+00
-7.695312500000000000e-01
-8.320312500000000000e-01
1.148437500000000000e+00
1.968750000000000000e+00
1.851562500000000000e+00
-3.078125000000000000e+00
-7.187500000000000000e-01
-1.320312500000000000e+00
7.851562500000000000e-01
1.250000000000000000e+00
-1.507812500000000000e+00
5.156250000000000000e-01
1.023437500000000000e+00
2.187500000000000000e+00
2.484375000000000000e+00
-2.234375000000000000e+00
-2.171875000000000000e+00
3.144531250000000000e-01
-1.429687500000000000e+00
-1.757812500000000000e+00
-4.589843750000000000e-01
-5.664062500000000000e-01
1.960937500000000000e+00
-4.628906250000000000e-01
8.007812500000000000e-01
-5.546875000000000000e-01
2.171875000000000000e+00
-2.890625000000000000e-01
3.671875000000000000e+00
-3.535156250000000000e-01
-1.351562500000000000e+00
9.375000000000000000e-02
8.945312500000000000e-01
2.343750000000000000e-01
1.406250000000000000e+00
-5.395507812500000000e-02
-1.429687500000000000e+00
2.015625000000000000e+00
-1.687500000000000000e+00
-4.687500000000000000e-01
-3.671875000000000000e+00
6.494140625000000000e-02
-2.109375000000000000e+00
-2.953125000000000000e+00
1.632812500000000000e+00
1.507812500000000000e+00
-7.968750000000000000e-01
7.187500000000000000e-01
-4.765625000000000000e-01
-2.218750000000000000e+00
1.750000000000000000e+00
1.562500000000000000e+00
3.046875000000000000e-01
1.687500000000000000e+00
2.593750000000000000e+00
8.447265625000000000e-02
1.351562500000000000e+00
-1.664062500000000000e+00
9.257812500000000000e-01
8.281250000000000000e-01
-9.492187500000000000e-01
-1.281250000000000000e+00
1.710937500000000000e+00
8.320312500000000000e-01
-4.277343750000000000e-01
