-1.773437500000000000e+00
5.664062500000000000e-01
-7.304687500000000000e-01
1.455078125000000000e-01
8.789062500000000000e-01
1.437500000000000000e+00
1.376953125000000000e-01
1.171875000000000000e-01
-1.357421875000000000e-01
2.382812500000000000e-01
2.753906250000000000e-01
9.130859375000000000e-02
7.968750000000000000e-01
-2.597656250000000000e-01
-9.130859375000000000e-02
-2.656250000000000000e-01
1.656250000000000000e+00
-6.787109375000000000e-02
2.558593750000000000e-01
-1.781250000000000000e+00
2.031250000000000000e-01
3.437500000000000000e+00
-3.640625000000000000e+00
6.127929687500000000e-02
-1.304626464843750000e-03
-5.273437500000000000e-01
-1.265625000000000000e+00
7.656250000000000000e-01
-7.617187500000000000e-01
2.343750000000000000e-01
3.261718750000000000e-01
2.515625000000000000e+00
2.597656250000000000e-01
-9.218750000000000000e-01
-1.015625000000000000e-01
-1.406250000000000000e-01
2.234375000000000000e+00
-1.335937500000000000e+00
-2.333984375000000000e-01
-1.476562500000000000e+00
9.179687500000000000e-01
4.277343750000000000e-01
-6.289062500000000000e-01
2.988281250000000000e-01
1.218750000000000000e+00
7.656250000000000000e-01
4.472656250000000000e-01
-1.195312500000000000e+00
1.445312500000000000e+00
2.792968750000000000e-01
-8.750000000000000000e-01
-4.687500000000000000e-01
2.484375000000000000e+00
9.960937500000000000e-01
1.000976562500000000e-01
6.494140625000000000e-02
-9.570312500000000000e-01
-2.984375000000000000e+00
5.273437500000000000e-02
-1.235351562500000000e-01
-1.492187500000000000e+00
3.222656250000000000e-01
-1.093750000000000000e+00
6.562500000000000000e-01
4.199218750000000000e-01
9.716796875000000000e-02
-2.373046875000000000e-01
1.055908203125000000e-02
-6.718750000000000000e-01
-4.316406250000000000e-01
4.160156250000000000e-01
1.669921875000000000e-01
-6.757812500000000000e-01
-1.500000000000000000e+00
2.203125000000000000e+00
1.289062500000000000e+00
2.734375000000000000e-01
6.914062500000000000e-01
1.298828125000000000e-01
5.541992187500000000e-02
1.664062500000000000e+00
1.572265625000000000e-01
-5.468750000000000000e-02
7.031250000000000000e-02
-1.601562500000000000e+00
1.007812500000000000e+00
-1.533203125000000000e-01
4.687500000000000000e-02
4.565429687500000000e-02
9.726562500000000000e-01
-1.015625000000000000e+00
-4.746093750000000000e-01
3.203125000000000000e-01
-1.039062500000000000e+00
2.546875000000000000e+00
7.304687500000000000e-01
-1.437500000000000000e+00
-3.784179687500000000e-02
-7.617187500000000000e-01
9.218750000000000000e-01
2.519531250000000000e-01
3.457031250000000000e-01
4.765625000000000000e-01
1.812500000000000000e+00
5.273437500000000000e-01
2.871093750000000000e-01
-4.042968750000000000e-01
1.937500000000000000e+00
2.500000000000000000e-01
-1.554687500000000000e+00
1.640625000000000000e-01
5.834960937500000000e-02
1.695312500000000000e+00
6.396484375000000000e-02
6.992187500000000000e-01
2.158203125000000000e-01
2.609375000000000000e+00
5.859375000000000000e-02
1.300048828125000000e-02
2.519531250000000000e-01
-2.216796875000000000e-01
1.611328125000000000e-01
3.925781250000000000e-01
0.000000000000000000e+00
1.210937500000000000e+00
8.593750000000000000e-02
5.507812500000000000e-01
5.039062500000000000e-01
1.171875000000000000e-01
2.890625000000000000e-01
1.914062500000000000e+00
1.875000000000000000e-01
1.259765625000000000e-01
-4.375000000000000000e-01
-6.562500000000000000e-01
-1.679687500000000000e-01
-1.039062500000000000e+00
-4.062500000000000000e-01
3.144531250000000000e-01
-8.789062500000000000e-01
-1.945312500000000000e+00
2.000000000000000000e+00
2.851562500000000000e-01
-1.562500000000000000e-01
2.675781250000000000e-01
7.460937500000000000e-01
-1.375000000000000000e+00
-1.265625000000000000e+00
2.031250000000000000e-01
1.767578125000000000e-01
-1.593750000000000000e+00
8.632812500000000000e-01
-2.209472656250000000e-02
-2.968750000000000000e-01
4.902343750000000000e-01
-2.796875000000000000e+00
-3.378906250000000000e-01
-6.289062500000000000e-01
8.632812500000000000e-01
-8.632812500000000000e-01
-1.351562500000000000e+00
-1.718750000000000000e+00
1.376953125000000000e-01
-1.101562500000000000e+00
-1.820312500000000000e+00
3.242187500000000000e-01
5.218505859375000000e-03
4.956054687500000000e-02
2.125000000000000000e+00
7.929687500000000000e-01
-1.806640625000000000e-01
-5.218505859375000000e-03
5.234375000000000000e-01
8.593750000000000000e-02
1.455078125000000000e-01
1.279296875000000000e-01
-9.687500000000000000e-01
1.289062500000000000e+00
2.296875000000000000e+00
9.375000000000000000e-02
-1.789062500000000000e+00
1.196289062500000000e-01
-3.222656250000000000e-01
-1.398437500000000000e+00
-6.054687500000000000e-01
7.226562500000000000e-01
2.138671875000000000e-01
3.574218750000000000e-01
2.031250000000000000e-01
2.119140625000000000e-01
3.535156250000000000e-01
-4.160156250000000000e-01
1.845703125000000000e-01
3.359375000000000000e-01
-1.748046875000000000e-01
-2.234375000000000000e+00
4.746093750000000000e-01
-1.835937500000000000e+00
-4.550781250000000000e-01
5.625000000000000000e-01
2.714843750000000000e-01
-2.312500000000000000e+00
-3.881835937500000000e-02
-2.734375000000000000e-01
5.507812500000000000e-01
1.728515625000000000e-01
-3.222656250000000000e-01
-4.687500000000000000e-02
-1.196289062500000000e-01
-2.812500000000000000e-01
-9.375000000000000000e-01
1.523437500000000000e-01
6.523437500000000000e-01
8.437500000000000000e-01
-6.445312500000000000e-01
1.611328125000000000e-01
-1.296875000000000000e+00
-8.593750000000000000e-02
-1.148437500000000000e+00
-2.453125000000000000e+00
1.953125000000000000e-01
6.445312500000000000e-01
-2.734375000000000000e-01
9.375000000000000000e-02
-2.859375000000000000e+00
4.418945312500000000e-02
-1.242187500000000000e+00
1.562500000000000000e-01
-2.359375000000000000e+00
9.531250000000000000e-01
3.281250000000000000e-01
-1.414062500000000000e+00
-1.210937500000000000e-01
-4.062500000000000000e-01
-3.222656250000000000e-01
6.093750000000000000e-01
-1.218750000000000000e+00
2.031250000000000000e-01
-6.562500000000000000e-01
-3.535156250000000000e-01
2.333984375000000000e-01
1.960937500000000000e+00
2.234375000000000000e+00
-6.601562500000000000e-01
-1.945312500000000000e+00
-1.710937500000000000e+00
-2.015625000000000000e+00
3.320312500000000000e-01
-1.257812500000000000e+00
5.273437500000000000e-01
-3.062500000000000000e+00
-4.433593750000000000e-01
-1.250000000000000000e+00
5.195312500000000000e-01
1.328125000000000000e-01
6.992187500000000000e-01
-7.695312500000000000e-01
3.300781250000000000e-01
-4.921875000000000000e-01
-7.656250000000000000e-01
-1.085937500000000000e+00
-9.023437500000000000e-01
6.494140625000000000e-02
-1.000000000000000000e+00
3.784179687500000000e-02
8.632812500000000000e-01
-5.585937500000000000e-01
-1.648437500000000000e+00
-9.687500000000000000e-01
2.236328125000000000e-01
6.132812500000000000e-01
-1.226562500000000000e+00
-5.898437500000000000e-01
1.708984375000000000e-01
-1.696777343750000000e-02
-5.507812500000000000e-01
2.558593750000000000e-01
-2.281250000000000000e+00
4.003906250000000000e-01
-7.568359375000000000e-02
-9.414062500000000000e-01
-1.552734375000000000e-01
-6.679687500000000000e-01
8.007812500000000000e-01
1.650390625000000000e-01
-2.021484375000000000e-01
-1.474609375000000000e-01
7.812500000000000000e-02
-1.806640625000000000e-01
-7.343750000000000000e-01
7.031250000000000000e-01
7.031250000000000000e-02
-1.070312500000000000e+00
-5.590820312500000000e-02
8.320312500000000000e-01
3.164062500000000000e-01
2.600097656250000000e-02
8.242187500000000000e-01
2.714843750000000000e-01
1.623535156250000000e-02
1.632812500000000000e+00
1.250000000000000000e+00
-4.160156250000000000e-01
4.628906250000000000e-01
-3.906250000000000000e-01
1.351562500000000000e+00
3.574218750000000000e-01
7.714843750000000000e-02
1.195312500000000000e+00
-7.226562500000000000e-01
-2.353515625000000000e-01
-1.195312500000000000e+00
-3.496093750000000000e-01
1.279296875000000000e-01
5.981445312500000000e-02
-1.117187500000000000e+00
8.085937500000000000e-01
-2.868652343750000000e-02
7.275390625000000000e-02
-5.737304687500000000e-02
6.640625000000000000e-01
-1.171875000000000000e-02
2.343750000000000000e-02
1.585937500000000000e+00
-2.937500000000000000e+00
-6.835937500000000000e-01
-1.414062500000000000e+00
9.023437500000000000e-01
3.125000000000000000e-01
-1.187500000000000000e+00
-3.652343750000000000e-01
5.078125000000000000e-02
8.945312500000000000e-01
1.960937500000000000e+00
-1.296875000000000000e+00
-1.000000000000000000e+00
4.394531250000000000e-01
-2.687500000000000000e+00
-2.046875000000000000e+00
6.679687500000000000e-01
5.273437500000000000e-01
3.203125000000000000e-01
-1.914062500000000000e+00
-1.171875000000000000e-01
2.421875000000000000e-01
3.125000000000000000e-01
-8.085937500000000000e-01
4.031250000000000000e+00
2.392578125000000000e-01
-9.218750000000000000e-01
1.328125000000000000e+00
-8.593750000000000000e-02
-2.021484375000000000e-01
-1.679687500000000000e-01
1.806640625000000000e-01
-1.937500000000000000e+00
2.390625000000000000e+00
-2.406250000000000000e+00
7.460937500000000000e-01
-2.453125000000000000e+00
2.949218750000000000e-01
-1.789062500000000000e+00
-3.250000000000000000e+00
2.470703125000000000e-01
6.250000000000000000e-01
-8.710937500000000000e-01
-1.689453125000000000e-01
7.773437500000000000e-01
-2.296875000000000000e+00
4.218750000000000000e-01
2.490234375000000000e-01
8.632812500000000000e-01
3.925781250000000000e-01
5.234375000000000000e-01
-5.507812500000000000e-01
-5.737304687500000000e-02
-9.531250000000000000e-01
2.209472656250000000e-02
4.921875000000000000e-01
-2.060546875000000000e-01
-8.320312500000000000e-01
2.431640625000000000e-01
2.062500000000000000e+00
-1.820312500000000000e+00
