-1.718750000000000000e+00
-4.042968750000000000e-01
-1.296875000000000000e+00
7.812500000000000000e-01
-3.027343750000000000e-01
1.476562500000000000e+00
8.789062500000000000e-01
4.746093750000000000e-01
-9.375000000000000000e-01
-1.031250000000000000e+00
9.257812500000000000e-01
1.000000000000000000e+00
1.312500000000000000e+00
3.300781250000000000e-01
7.187500000000000000e-01
2.714843750000000000e-01
6.914062500000000000e-01
4.316406250000000000e-01
-3.339843750000000000e-01
-1.312500000000000000e+00
-2.871093750000000000e-01
3.109375000000000000e+00
-4.750000000000000000e+00
-6.250000000000000000e-01
5.742187500000000000e-01
3.247070312500000000e-02
-2.750000000000000000e+00
-6.367187500000000000e-01
-3.164062500000000000e-01
-7.226562500000000000e-01
9.062500000000000000e-01
2.625000000000000000e+00
8.750000000000000000e-01
-7.695312500000000000e-01
3.784179687500000000e-02
-1.289062500000000000e+00
1.773437500000000000e+00
-1.023437500000000000e+00
-4.174804687500000000e-02
-1.406250000000000000e+00
-1.010742187500000000e-01
1.304687500000000000e+00
3.750000000000000000e-01
-3.066406250000000000e-01
-1.023437500000000000e+00
1.140625000000000000e+00
1.156250000000000000e+00
-5.156250000000000000e-01
1.507812500000000000e+00
5.859375000000000000e-01
-7.812500000000000000e-01
-1.179687500000000000e+00
2.359375000000000000e+00
-3.691406250000000000e-01
6.835937500000000000e-01
-2.236328125000000000e-01
-8.945312500000000000e-01
-3.390625000000000000e+00
-1.136779785156250000e-03
4.687500000000000000e-01
-1.539062500000000000e+00
8.437500000000000000e-01
-6.406250000000000000e-01
1.398437500000000000e+00
1.109375000000000000e+00
-1.376953125000000000e-01
4.707031250000000000e-01
-5.195312500000000000e-01
-4.394531250000000000e-01
7.929687500000000000e-01
-1.187500000000000000e+00
1.414062500000000000e+00
-1.728515625000000000e-01
-1.570312500000000000e+00
2.531250000000000000e+00
1.687500000000000000e+00
1.320312500000000000e+00
1.140625000000000000e+00
1.031250000000000000e+00
9.130859375000000000e-02
2.109375000000000000e+00
6.093750000000000000e-01
-1.648437500000000000e+00
-9.492187500000000000e-01
-1.882812500000000000e+00
1.562500000000000000e+00
-4.003906250000000000e-01
7.617187500000000000e-01
4.863281250000000000e-01
-1.437500000000000000e+00
-1.039062500000000000e+00
2.792968750000000000e-01
-8.437500000000000000e-01
-5.507812500000000000e-01
1.976562500000000000e+00
-3.046875000000000000e-01
-4.375000000000000000e-01
5.273437500000000000e-01
-2.236328125000000000e-01
1.062500000000000000e+00
2.832031250000000000e-01
-1.312500000000000000e+00
-4.687500000000000000e-01
1.632812500000000000e+00
1.015625000000000000e+00
1.125000000000000000e+00
-1.953125000000000000e-01
1.914062500000000000e+00
-1.039062500000000000e+00
-9.804687500000000000e-01
1.187500000000000000e+00
4.614257812500000000e-02
1.812500000000000000e+00
-1.148437500000000000e+00
-4.511718750000000000e-01
1.195312500000000000e+00
2.812500000000000000e+00
-1.062500000000000000e+00
-1.351562500000000000e+00
-1.225585937500000000e-01
-8.242187500000000000e-01
-8.125000000000000000e-01
0.000000000000000000e+00
1.023437500000000000e+00
1.398437500000000000e+00
3.437500000000000000e-01
1.242187500000000000e+00
1.117187500000000000e+00
8.437500000000000000e-01
9.062500000000000000e-01
2.140625000000000000e+00
9.492187500000000000e-01
5.742187500000000000e-01
-8.593750000000000000e-01
-2.484375000000000000e+00
-4.589843750000000000e-01
-8.398437500000000000e-01
3.593750000000000000e-01
1.195312500000000000e+00
-1.570312500000000000e+00
-1.054687500000000000e+00
2.546875000000000000e+00
1.273437500000000000e+00
4.941406250000000000e-01
1.070312500000000000e+00
-1.074218750000000000e-01
-7.500000000000000000e-01
-1.218750000000000000e+00
8.554687500000000000e-01
1.085937500000000000e+00
-1.500000000000000000e+00
-2.197265625000000000e-01
-1.062500000000000000e+00
9.228515625000000000e-02
-1.023437500000000000e+00
-3.171875000000000000e+00
-6.992187500000000000e-01
-1.101562500000000000e+00
3.378906250000000000e-01
-7.304687500000000000e-01
-9.375000000000000000e-01
-1.945312500000000000e+00
5.820312500000000000e-01
-2.390625000000000000e+00
-1.015625000000000000e+00
1.085937500000000000e+00
-1.101562500000000000e+00
-2.792968750000000000e-01
2.250000000000000000e+00
-3.535156250000000000e-01
7.539062500000000000e-01
-8.320312500000000000e-01
1.468750000000000000e+00
8.164062500000000000e-01
-1.708984375000000000e-01
9.570312500000000000e-01
-6.406250000000000000e-01
1.750000000000000000e+00
2.531250000000000000e+00
8.320312500000000000e-01
-1.406250000000000000e+00
9.218750000000000000e-01
-4.296875000000000000e-02
-1.007812500000000000e+00
3.066406250000000000e-01
1.281250000000000000e+00
8.320312500000000000e-01
5.664062500000000000e-01
-1.007812500000000000e+00
6.171875000000000000e-01
1.023437500000000000e+00
-1.007812500000000000e+00
6.992187500000000000e-01
1.351562500000000000e+00
6.406250000000000000e-01
-2.234375000000000000e+00
4.062500000000000000e-01
-2.296875000000000000e+00
-1.117187500000000000e+00
-6.210937500000000000e-01
4.765625000000000000e-01
-1.914062500000000000e+00
-2.050781250000000000e-02
-7.958984375000000000e-02
4.062500000000000000e-01
6.679687500000000000e-01
-1.923828125000000000e-01
-1.117187500000000000e+00
6.171875000000000000e-01
3.320312500000000000e-01
-9.062500000000000000e-01
6.210937500000000000e-01
-7.539062500000000000e-01
1.351562500000000000e+00
-1.923828125000000000e-01
1.070312500000000000e+00
-1.031250000000000000e+00
8.632812500000000000e-01
7.539062500000000000e-01
-2.562500000000000000e+00
-8.945312500000000000e-01
2.697753906250000000e-02
3.574218750000000000e-01
-1.259765625000000000e-01
-3.671875000000000000e+00
-8.476562500000000000e-01
-1.000000000000000000e+00
-1.367187500000000000e+00
-2.296875000000000000e+00
1.625000000000000000e+00
-3.652343750000000000e-01
-9.687500000000000000e-01
-1.007812500000000000e+00
1.367187500000000000e-01
-5.820312500000000000e-01
-1.031250000000000000e+00
-6.093750000000000000e-01
9.804687500000000000e-01
-1.406250000000000000e+00
-8.554687500000000000e-01
1.210937500000000000e+00
1.539062500000000000e+00
2.875000000000000000e+00
-3.925781250000000000e-01
-8.867187500000000000e-01
-1.296875000000000000e+00
-1.195312500000000000e+00
-3.730468750000000000e-01
-9.570312500000000000e-01
-1.148437500000000000e+00
-3.609375000000000000e+00
-9.062500000000000000e-01
-6.875000000000000000e-01
-7.812500000000000000e-01
9.492187500000000000e-01
1.171875000000000000e+00
-1.320312500000000000e+00
-6.601562500000000000e-01
-3.652343750000000000e-01
-4.238281250000000000e-01
-8.789062500000000000e-01
-9.492187500000000000e-01
-9.570312500000000000e-01
-9.648437500000000000e-01
7.500000000000000000e-01
9.218750000000000000e-01
-7.617187500000000000e-01
-1.289062500000000000e+00
-6.679687500000000000e-01
-1.046875000000000000e+00
-1.171875000000000000e+00
-1.085937500000000000e+00
-6.250000000000000000e-01
7.460937500000000000e-01
-7.929687500000000000e-01
-1.726562500000000000e+00
8.242187500000000000e-01
-2.203125000000000000e+00
9.726562500000000000e-01
6.445312500000000000e-01
-1.040039062500000000e-01
-1.054687500000000000e+00
-5.898437500000000000e-01
-5.039062500000000000e-01
-1.250000000000000000e-01
-5.000000000000000000e-01
1.718750000000000000e-01
7.304687500000000000e-01
-9.062500000000000000e-01
-6.914062500000000000e-01
1.031250000000000000e+00
8.945312500000000000e-01
-1.585937500000000000e+00
4.921875000000000000e-01
-3.925781250000000000e-01
1.257812500000000000e+00
5.820312500000000000e-01
3.203125000000000000e-01
7.382812500000000000e-01
1.445312500000000000e-01
1.562500000000000000e+00
1.312500000000000000e+00
2.734375000000000000e-01
1.320312500000000000e+00
1.513671875000000000e-01
2.187500000000000000e+00
-1.085937500000000000e+00
-7.500000000000000000e-01
1.304687500000000000e+00
-7.304687500000000000e-01
2.910156250000000000e-01
-6.757812500000000000e-01
5.703125000000000000e-01
8.906250000000000000e-01
7.617187500000000000e-01
-1.210937500000000000e+00
-8.437500000000000000e-01
5.000000000000000000e-01
5.703125000000000000e-01
-8.437500000000000000e-01
-6.640625000000000000e-01
4.316406250000000000e-01
1.132812500000000000e+00
1.531250000000000000e+00
-3.562500000000000000e+00
-8.476562500000000000e-01
-9.101562500000000000e-01
5.820312500000000000e-01
8.242187500000000000e-01
-1.218750000000000000e+00
3.535156250000000000e-01
8.242187500000000000e-01
1.398437500000000000e+00
2.062500000000000000e+00
-1.789062500000000000e+00
-2.875000000000000000e+00
1.298828125000000000e-01
-2.937500000000000000e+00
-1.937500000000000000e+00
-1.298828125000000000e-01
-1.023437500000000000e+00
1.156250000000000000e+00
-7.031250000000000000e-01
4.042968750000000000e-01
-1.125000000000000000e+00
1.250000000000000000e+00
1.054687500000000000e-01
4.156250000000000000e+00
-1.070312500000000000e+00
-1.750000000000000000e+00
-4.316406250000000000e-01
2.890625000000000000e-01
6.225585937500000000e-02
2.578125000000000000e-01
-2.734375000000000000e-01
-2.046875000000000000e+00
2.812500000000000000e+00
-2.687500000000000000e+00
-2.343750000000000000e-01
-3.953125000000000000e+00
-1.943359375000000000e-01
-1.562500000000000000e+00
-3.890625000000000000e+00
7.226562500000000000e-01
9.492187500000000000e-01
-6.445312500000000000e-01
3.300781250000000000e-01
-4.687500000000000000e-01
-1.960937500000000000e+00
9.843750000000000000e-01
4.511718750000000000e-01
-6.445312500000000000e-01
9.804687500000000000e-01
9.960937500000000000e-01
-6.127929687500000000e-02
7.851562500000000000e-01
-1.023437500000000000e+00
5.585937500000000000e-01
-7.226562500000000000e-02
-9.570312500000000000e-01
-1.054687500000000000e+00
8.750000000000000000e-01
1.804687500000000000e+00
-1.617187500000000000e+00
