-6.132812500000000000e-01
2.600097656250000000e-02
-1.015625000000000000e+00
6.289062500000000000e-01
1.007812500000000000e+00
1.804687500000000000e+00
6.328125000000000000e-01
5.351562500000000000e-01
-2.871093750000000000e-01
1.611328125000000000e-01
7.343750000000000000e-01
3.457031250000000000e-01
1.101562500000000000e+00
-9.094238281250000000e-03
3.613281250000000000e-01
2.294921875000000000e-01
1.015625000000000000e+00
4.375000000000000000e-01
1.476562500000000000e+00
-2.015625000000000000e+00
5.468750000000000000e-01
3.734375000000000000e+00
-3.296875000000000000e+00
2.451171875000000000e-01
4.843750000000000000e-01
-1.015625000000000000e-01
-8.164062500000000000e-01
1.351562500000000000e+00
-8.125000000000000000e-01
7.568359375000000000e-02
1.031250000000000000e+00
2.609375000000000000e+00
7.929687500000000000e-01
-1.007812500000000000e+00
6.030273437500000000e-02
-7.275390625000000000e-02
2.375000000000000000e+00
-1.773437500000000000e+00
1.318359375000000000e-01
-1.812500000000000000e+00
1.507812500000000000e+00
1.117187500000000000e+00
-4.687500000000000000e-01
2.609252929687500000e-03
1.460937500000000000e+00
1.234375000000000000e+00
6.757812500000000000e-01
-1.273437500000000000e+00
1.570312500000000000e+00
8.593750000000000000e-01
-1.101562500000000000e+00
-4.785156250000000000e-01
2.640625000000000000e+00
5.078125000000000000e-01
7.226562500000000000e-01
8.476562500000000000e-01
-1.507812500000000000e+00
-2.234375000000000000e+00
7.568359375000000000e-02
2.871093750000000000e-01
-1.898437500000000000e+00
5.976562500000000000e-01
-1.226562500000000000e+00
1.257812500000000000e+00
7.539062500000000000e-01
-1.562500000000000000e-02
4.433593750000000000e-01
-5.468750000000000000e-01
-1.007812500000000000e+00
3.393554687500000000e-02
1.513671875000000000e-01
7.226562500000000000e-01
-1.031250000000000000e+00
-1.554687500000000000e+00
2.546875000000000000e+00
1.156250000000000000e+00
9.570312500000000000e-01
1.070312500000000000e+00
7.812500000000000000e-01
3.730468750000000000e-01
2.140625000000000000e+00
6.054687500000000000e-01
-2.753906250000000000e-01
2.031250000000000000e-01
-2.062500000000000000e+00
1.539062500000000000e+00
1.000000000000000000e+00
6.445312500000000000e-01
5.000000000000000000e-01
1.179687500000000000e+00
-1.234375000000000000e+00
-4.160156250000000000e-01
-6.679687500000000000e-01
-1.085937500000000000e+00
2.453125000000000000e+00
6.640625000000000000e-01
9.375000000000000000e-02
4.394531250000000000e-01
1.113281250000000000e-01
1.148437500000000000e+00
1.117187500000000000e+00
7.539062500000000000e-01
2.236328125000000000e-01
2.000000000000000000e+00
1.320312500000000000e+00
9.257812500000000000e-01
-6.601562500000000000e-01
2.109375000000000000e+00
4.472656250000000000e-01
-1.648437500000000000e+00
9.687500000000000000e-01
4.531250000000000000e-01
1.585937500000000000e+00
-1.000000000000000000e+00
6.523437500000000000e-01
9.101562500000000000e-01
2.140625000000000000e+00
-6.406250000000000000e-01
4.609375000000000000e-01
7.958984375000000000e-02
-4.980468750000000000e-01
2.773437500000000000e-01
2.949218750000000000e-01
6.054687500000000000e-01
1.539062500000000000e+00
3.984375000000000000e-01
1.023437500000000000e+00
1.382812500000000000e+00
6.562500000000000000e-01
5.039062500000000000e-01
2.125000000000000000e+00
3.393554687500000000e-02
6.406250000000000000e-01
-4.218750000000000000e-01
-1.250000000000000000e-01
-3.247070312500000000e-02
-1.210937500000000000e+00
3.144531250000000000e-01
8.125000000000000000e-01
-1.351562500000000000e+00
-1.687500000000000000e+00
2.140625000000000000e+00
1.023437500000000000e+00
3.339843750000000000e-01
8.398437500000000000e-01
9.726562500000000000e-01
-2.656250000000000000e-01
-1.218750000000000000e+00
7.656250000000000000e-01
8.906250000000000000e-01
-5.351562500000000000e-01
1.242187500000000000e+00
-2.478027343750000000e-02
1.962890625000000000e-01
8.945312500000000000e-01
-2.000000000000000000e+00
-3.437500000000000000e-01
-9.179687500000000000e-01
1.210937500000000000e+00
-5.742187500000000000e-01
-1.460937500000000000e+00
-1.757812500000000000e+00
4.628906250000000000e-01
-7.812500000000000000e-01
-1.945312500000000000e+00
1.046875000000000000e+00
7.812500000000000000e-03
-4.760742187500000000e-02
2.375000000000000000e+00
3.593750000000000000e-01
1.376953125000000000e-01
-4.218750000000000000e-01
1.179687500000000000e+00
6.367187500000000000e-01
4.824218750000000000e-01
6.679687500000000000e-01
-9.492187500000000000e-01
1.937500000000000000e+00
2.828125000000000000e+00
6.914062500000000000e-01
-1.007812500000000000e+00
7.617187500000000000e-01
-4.062500000000000000e-01
-1.687500000000000000e+00
-6.640625000000000000e-01
1.601562500000000000e+00
5.703125000000000000e-01
6.250000000000000000e-01
-2.021484375000000000e-01
5.742187500000000000e-01
9.179687500000000000e-01
-5.273437500000000000e-01
6.406250000000000000e-01
9.062500000000000000e-01
2.832031250000000000e-01
-1.375000000000000000e+00
5.742187500000000000e-01
-7.812500000000000000e-01
-4.765625000000000000e-01
6.054687500000000000e-01
5.664062500000000000e-01
-1.492187500000000000e+00
6.445312500000000000e-02
-3.515625000000000000e-02
9.375000000000000000e-01
6.992187500000000000e-01
-1.132812500000000000e+00
2.138671875000000000e-01
4.921875000000000000e-01
2.314453125000000000e-01
-8.398437500000000000e-01
7.187500000000000000e-01
9.648437500000000000e-01
1.242187500000000000e+00
-4.238281250000000000e-01
1.140625000000000000e+00
-5.195312500000000000e-01
6.406250000000000000e-01
-7.304687500000000000e-01
-1.320312500000000000e+00
3.393554687500000000e-02
1.218750000000000000e+00
1.300048828125000000e-02
-1.445312500000000000e-01
-2.296875000000000000e+00
-2.070312500000000000e-01
-1.500000000000000000e+00
6.015625000000000000e-01
-1.726562500000000000e+00
1.570312500000000000e+00
3.393554687500000000e-02
-3.027343750000000000e-01
9.375000000000000000e-01
-2.910156250000000000e-01
-4.746093750000000000e-01
1.070312500000000000e+00
-1.632812500000000000e+00
7.187500000000000000e-01
-9.882812500000000000e-01
-6.500244140625000000e-03
7.773437500000000000e-01
2.000000000000000000e+00
1.773437500000000000e+00
-3.125000000000000000e-02
-1.757812500000000000e+00
-1.687500000000000000e+00
-1.617187500000000000e+00
6.093750000000000000e-01
-1.375000000000000000e+00
9.648437500000000000e-01
-2.140625000000000000e+00
-5.429687500000000000e-01
8.837890625000000000e-02
5.781250000000000000e-01
5.703125000000000000e-01
1.523437500000000000e+00
-9.335937500000000000e-01
-7.812500000000000000e-03
-5.351562500000000000e-01
-5.351562500000000000e-01
-1.406250000000000000e+00
-1.539062500000000000e+00
-3.247070312500000000e-02
-7.070312500000000000e-01
2.138671875000000000e-01
9.257812500000000000e-01
-6.562500000000000000e-01
-1.812500000000000000e+00
-1.210937500000000000e+00
6.015625000000000000e-01
6.992187500000000000e-01
-1.117187500000000000e+00
-4.843750000000000000e-01
5.585937500000000000e-01
-3.339843750000000000e-01
-1.767578125000000000e-01
8.437500000000000000e-01
-1.304687500000000000e+00
9.804687500000000000e-01
6.875000000000000000e-01
-3.261718750000000000e-01
3.652343750000000000e-01
-1.140625000000000000e+00
7.070312500000000000e-01
-3.593750000000000000e-01
-2.714843750000000000e-01
1.982421875000000000e-01
5.234375000000000000e-01
-3.769531250000000000e-01
-7.500000000000000000e-01
8.320312500000000000e-01
5.507812500000000000e-01
-2.109375000000000000e+00
-2.470703125000000000e-01
9.687500000000000000e-01
6.484375000000000000e-01
4.843750000000000000e-01
1.164062500000000000e+00
6.289062500000000000e-01
4.550781250000000000e-01
1.789062500000000000e+00
1.375000000000000000e+00
7.226562500000000000e-01
1.085937500000000000e+00
4.956054687500000000e-02
2.046875000000000000e+00
3.203125000000000000e-01
9.687500000000000000e-01
1.187500000000000000e+00
-1.164062500000000000e+00
2.675781250000000000e-01
-1.085937500000000000e+00
-3.437500000000000000e-01
5.937500000000000000e-01
6.132812500000000000e-01
-1.132812500000000000e+00
1.210937500000000000e+00
6.250000000000000000e-01
5.703125000000000000e-01
5.218505859375000000e-03
5.937500000000000000e-01
5.039062500000000000e-01
7.187500000000000000e-01
1.726562500000000000e+00
-2.750000000000000000e+00
-6.406250000000000000e-01
-1.726562500000000000e+00
1.289062500000000000e+00
6.757812500000000000e-01
-1.375000000000000000e+00
-8.203125000000000000e-02
3.457031250000000000e-01
1.445312500000000000e+00
2.328125000000000000e+00
-1.601562500000000000e+00
-7.617187500000000000e-01
8.320312500000000000e-01
-1.750000000000000000e+00
-2.140625000000000000e+00
-3.007812500000000000e-01
3.808593750000000000e-01
9.726562500000000000e-01
-1.757812500000000000e+00
2.080078125000000000e-01
2.968750000000000000e-01
1.054687500000000000e+00
-5.781250000000000000e-01
4.031250000000000000e+00
6.171875000000000000e-01
-7.812500000000000000e-01
1.507812500000000000e+00
3.691406250000000000e-01
-6.079101562500000000e-02
5.742187500000000000e-01
4.687500000000000000e-01
-1.812500000000000000e+00
2.375000000000000000e+00
-1.773437500000000000e+00
5.468750000000000000e-01
-2.312500000000000000e+00
6.718750000000000000e-01
-2.046875000000000000e+00
-2.609375000000000000e+00
8.789062500000000000e-01
9.218750000000000000e-01
-9.023437500000000000e-01
1.982421875000000000e-01
5.507812500000000000e-01
-2.453125000000000000e+00
9.531250000000000000e-01
1.007812500000000000e+00
1.398437500000000000e+00
9.375000000000000000e-01
1.507812500000000000e+00
-4.082031250000000000e-01
4.472656250000000000e-01
-1.617187500000000000e+00
3.222656250000000000e-01
1.054687500000000000e+00
-3.535156250000000000e-01
-1.070312500000000000e+00
8.710937500000000000e-01
1.664062500000000000e+00
-1.039062500000000000e+00
