3.000000000000000000e+00
-3.144531250000000000e-01
-2.578125000000000000e+00
2.609375000000000000e+00
-5.546875000000000000e-01
1.625000000000000000e+00
2.375000000000000000e+00
1.898437500000000000e+00
-1.625000000000000000e+00
-1.539062500000000000e+00
2.484375000000000000e+00
1.914062500000000000e+00
2.500000000000000000e+00
9.843750000000000000e-01
2.562500000000000000e+00
1.742187500000000000e+00
-1.710937500000000000e+00
1.937500000000000000e+00
3.546875000000000000e+00
-1.460937500000000000e+00
-5.507812500000000000e-01
2.796875000000000000e+00
-3.609375000000000000e+00
-1.500000000000000000e+00
2.187500000000000000e+00
1.601562500000000000e+00
-1.835937500000000000e+00
-8.632812500000000000e-01
-8.740234375000000000e-02
-1.914062500000000000e+00
3.578125000000000000e+00
1.179687500000000000e+00
2.796875000000000000e+00
-1.007812500000000000e+00
1.494140625000000000e-01
-1.812500000000000000e+00
1.242187500000000000e+00
-5.468750000000000000e-01
1.125000000000000000e+00
-2.296875000000000000e+00
-4.687500000000000000e-01
4.062500000000000000e+00
1.523437500000000000e+00
-1.273437500000000000e+00
-1.437500000000000000e+00
2.203125000000000000e+00
1.742187500000000000e+00
-8.242187500000000000e-01
1.320312500000000000e+00
2.796875000000000000e+00
-8.789062500000000000e-01
-1.539062500000000000e+00
1.898437500000000000e+00
-2.015625000000000000e+00
2.671875000000000000e+00
2.796875000000000000e+00
-1.601562500000000000e+00
2.080078125000000000e-01
2.656250000000000000e-01
1.812500000000000000e+00
-1.539062500000000000e+00
1.867187500000000000e+00
-3.613281250000000000e-01
3.796875000000000000e+00
2.609375000000000000e+00
-7.070312500000000000e-01
3.109375000000000000e+00
-6.640625000000000000e-01
-5.039062500000000000e-01
1.296875000000000000e+00
-1.937500000000000000e+00
2.703125000000000000e+00
-1.728515625000000000e-01
-2.312500000000000000e+00
2.515625000000000000e+00
-2.060546875000000000e-01
3.859375000000000000e+00
2.171875000000000000e+00
3.359375000000000000e+00
3.203125000000000000e-01
3.203125000000000000e+00
2.171875000000000000e+00
-1.992187500000000000e+00
-1.585937500000000000e+00
-3.453125000000000000e+00
2.000000000000000000e+00
2.765625000000000000e+00
3.125000000000000000e+00
1.773437500000000000e+00
-2.046875000000000000e+00
-1.312500000000000000e+00
1.000000000000000000e+00
-3.546875000000000000e+00
-3.769531250000000000e-01
5.312500000000000000e-01
-1.460937500000000000e+00
5.281250000000000000e+00
2.234375000000000000e+00
3.300781250000000000e-01
1.476562500000000000e+00
3.234375000000000000e+00
-1.687500000000000000e+00
-1.976562500000000000e+00
2.015625000000000000e+00
3.828125000000000000e+00
3.500000000000000000e+00
-3.491210937500000000e-02
2.296875000000000000e+00
-1.242187500000000000e+00
-9.101562500000000000e-01
4.218750000000000000e+00
-1.552734375000000000e-01
1.460937500000000000e+00
-1.968750000000000000e+00
-1.039062500000000000e+00
3.687500000000000000e+00
5.625000000000000000e-01
-1.968750000000000000e+00
-1.507812500000000000e+00
-5.976562500000000000e-01
-1.726562500000000000e+00
-1.117187500000000000e+00
-7.304687500000000000e-01
2.921875000000000000e+00
1.867187500000000000e+00
1.898437500000000000e+00
2.796875000000000000e+00
4.343750000000000000e+00
2.890625000000000000e+00
1.382812500000000000e+00
2.156250000000000000e+00
4.375000000000000000e-01
1.875000000000000000e+00
-1.648437500000000000e+00
-9.375000000000000000e-01
-1.320312500000000000e+00
-7.070312500000000000e-01
3.046875000000000000e+00
2.796875000000000000e+00
-2.000000000000000000e+00
-6.679687500000000000e-01
2.296875000000000000e+00
3.703125000000000000e+00
1.812500000000000000e+00
3.125000000000000000e+00
-8.789062500000000000e-01
3.359375000000000000e+00
-1.492187500000000000e+00
3.078125000000000000e+00
3.375000000000000000e+00
2.984375000000000000e+00
-5.976562500000000000e-01
-1.500000000000000000e+00
9.648437500000000000e-01
-1.320312500000000000e+00
-4.316406250000000000e-01
-1.101562500000000000e+00
-1.148437500000000000e+00
4.140625000000000000e-01
-9.062500000000000000e-01
-9.257812500000000000e-01
-8.593750000000000000e-01
1.523437500000000000e+00
-1.882812500000000000e+00
-3.671875000000000000e-01
3.921875000000000000e+00
-1.570312500000000000e+00
-3.535156250000000000e-01
2.531250000000000000e+00
-1.835937500000000000e+00
1.875000000000000000e+00
-1.812500000000000000e+00
3.953125000000000000e+00
3.171875000000000000e+00
-4.980468750000000000e-01
3.250000000000000000e+00
-2.832031250000000000e-01
3.000000000000000000e+00
1.945312500000000000e+00
2.703125000000000000e+00
1.664062500000000000e+00
3.234375000000000000e+00
-7.187500000000000000e-01
-1.242187500000000000e+00
5.468750000000000000e-01
4.406250000000000000e+00
2.140625000000000000e+00
1.039062500000000000e+00
-6.289062500000000000e-01
1.460937500000000000e+00
2.921875000000000000e+00
-1.148437500000000000e+00
2.734375000000000000e+00
3.734375000000000000e+00
2.078125000000000000e+00
1.445312500000000000e+00
4.707031250000000000e-01
1.078125000000000000e+00
-1.242187500000000000e+00
-1.070312500000000000e+00
1.054687500000000000e+00
1.804687500000000000e+00
1.892089843750000000e-02
-2.421875000000000000e-01
3.378906250000000000e-01
3.078125000000000000e+00
-1.304687500000000000e+00
-1.601562500000000000e+00
2.640625000000000000e+00
2.437500000000000000e+00
-1.289062500000000000e+00
2.640625000000000000e+00
-1.250000000000000000e+00
2.328125000000000000e+00
-5.932617187500000000e-02
4.531250000000000000e+00
2.296875000000000000e+00
2.859375000000000000e+00
8.437500000000000000e-01
1.367187500000000000e+00
-1.460937500000000000e+00
3.691406250000000000e-01
1.414062500000000000e+00
-4.667968750000000000e-01
-1.531250000000000000e+00
-1.898437500000000000e+00
-1.375000000000000000e+00
-1.804687500000000000e+00
7.275390625000000000e-02
2.796875000000000000e+00
-1.375000000000000000e+00
3.578125000000000000e+00
2.078125000000000000e+00
6.054687500000000000e-01
-5.976562500000000000e-01
-1.242187500000000000e+00
-2.519531250000000000e-01
2.703125000000000000e+00
-2.640625000000000000e+00
-8.750000000000000000e-01
3.250000000000000000e+00
6.679687500000000000e-01
-1.376953125000000000e-01
1.085937500000000000e+00
-3.964843750000000000e-01
-1.281250000000000000e+00
-4.824218750000000000e-01
-3.691406250000000000e-01
-1.250000000000000000e+00
-1.437500000000000000e+00
-4.687500000000000000e-01
-1.757812500000000000e+00
3.859375000000000000e+00
-1.304687500000000000e+00
2.640625000000000000e+00
2.046875000000000000e+00
-1.992187500000000000e+00
-2.328125000000000000e+00
-3.593750000000000000e-01
-4.628906250000000000e-01
-1.398437500000000000e+00
-1.898437500000000000e+00
-1.312500000000000000e+00
-2.060546875000000000e-01
1.351562500000000000e+00
8.945312500000000000e-01
-1.382812500000000000e+00
-1.351562500000000000e+00
-5.351562500000000000e-01
-1.296875000000000000e+00
-1.945312500000000000e+00
-7.539062500000000000e-01
-1.125000000000000000e+00
2.125000000000000000e+00
-1.210937500000000000e+00
-9.062500000000000000e-01
3.046875000000000000e+00
1.710937500000000000e+00
2.578125000000000000e+00
3.171875000000000000e+00
2.218750000000000000e+00
-1.273437500000000000e+00
-1.070312500000000000e+00
-1.039062500000000000e+00
-2.343750000000000000e-01
-7.617187500000000000e-01
1.398437500000000000e+00
2.109375000000000000e+00
-1.320312500000000000e+00
-1.398437500000000000e+00
1.789062500000000000e+00
2.515625000000000000e+00
-3.328125000000000000e+00
1.109375000000000000e+00
-1.031250000000000000e+00
2.750000000000000000e+00
2.281250000000000000e+00
-3.183593750000000000e-01
2.171875000000000000e+00
6.835937500000000000e-01
1.726562500000000000e+00
8.085937500000000000e-01
4.281250000000000000e+00
3.546875000000000000e+00
1.960937500000000000e+00
3.453125000000000000e+00
-1.398437500000000000e+00
1.968750000000000000e+00
1.242187500000000000e+00
-7.460937500000000000e-01
1.914062500000000000e+00
-7.343750000000000000e-01
1.343750000000000000e+00
2.796875000000000000e+00
2.046875000000000000e+00
-1.773437500000000000e+00
-1.242187500000000000e+00
2.750000000000000000e+00
2.171875000000000000e+00
-1.500000000000000000e+00
-1.710937500000000000e+00
2.296875000000000000e+00
3.453125000000000000e+00
1.898437500000000000e+00
-2.375000000000000000e+00
-1.343750000000000000e+00
-3.925781250000000000e-01
1.054687500000000000e-01
1.664062500000000000e+00
-1.960937500000000000e+00
1.335937500000000000e+00
2.078125000000000000e+00
2.921875000000000000e+00
2.500000000000000000e+00
-3.000000000000000000e+00
-2.234375000000000000e+00
-8.203125000000000000e-02
8.242187500000000000e-01
-1.187500000000000000e+00
-5.976562500000000000e-01
-1.632812500000000000e+00
3.328125000000000000e+00
1.335937500000000000e+00
2.015625000000000000e+00
-1.492187500000000000e+00
3.984375000000000000e+00
3.964843750000000000e-01
2.859375000000000000e+00
-1.343750000000000000e+00
-1.835937500000000000e+00
-1.093750000000000000e+00
2.171875000000000000e+00
-2.031250000000000000e-01
3.078125000000000000e+00
-9.882812500000000000e-01
-7.617187500000000000e-01
1.375000000000000000e+00
-5.898437500000000000e-01
-8.632812500000000000e-01
-3.375000000000000000e+00
-6.757812500000000000e-01
-1.875000000000000000e+00
-1.851562500000000000e+00
2.921875000000000000e+00
1.898437500000000000e+00
-8.085937500000000000e-01
1.937500000000000000e+00
-1.382812500000000000e+00
-2.812500000000000000e+00
2.921875000000000000e+00
2.609375000000000000e+00
-9.687500000000000000e-01
2.500000000000000000e+00
4.375000000000000000e+00
-2.539062500000000000e-01
2.562500000000000000e+00
-1.429687500000000000e+00
1.500000000000000000e+00
3.906250000000000000e-01
-1.351562500000000000e+00
-1.757812500000000000e+00
2.703125000000000000e+00
1.953125000000000000e-02
1.781250000000000000e+00
