1.100000000000000000e+02
-8.312500000000000000e+00
-1.550000000000000000e+01
2.912500000000000000e+01
-8.500000000000000000e+00
-1.331250000000000000e+01
1.125000000000000000e+01
2.187500000000000000e+01
-8.562500000000000000e+00
-4.687500000000000000e+00
1.556250000000000000e+01
4.531250000000000000e+00
2.609375000000000000e+00
3.515625000000000000e+00
2.612500000000000000e+01
1.550000000000000000e+01
-1.937500000000000000e+01
1.912500000000000000e+01
9.600000000000000000e+01
5.625000000000000000e-01
-1.131250000000000000e+01
-3.875000000000000000e+00
7.000000000000000000e+01
-4.750000000000000000e+00
2.262500000000000000e+01
2.137500000000000000e+01
6.175000000000000000e+01
-7.750000000000000000e+00
2.484375000000000000e+00
-1.600000000000000000e+01
5.225000000000000000e+01
-2.462500000000000000e+01
3.037500000000000000e+01
-1.762500000000000000e+01
-2.203125000000000000e+00
-7.093750000000000000e+00
-5.312500000000000000e+00
-1.101562500000000000e+00
2.437500000000000000e+01
-1.081250000000000000e+01
-1.193750000000000000e+01
4.675000000000000000e+01
2.140625000000000000e+00
-1.206250000000000000e+01
-8.312500000000000000e+00
3.796875000000000000e+00
4.875000000000000000e+00
-1.393750000000000000e+01
-7.343750000000000000e+00
5.325000000000000000e+01
-8.320312500000000000e-01
-2.796875000000000000e+00
-1.268750000000000000e+01
-1.100000000000000000e+01
3.275000000000000000e+01
7.300000000000000000e+01
-2.087500000000000000e+01
1.055000000000000000e+02
1.147460937500000000e-01
1.650000000000000000e+01
-6.156250000000000000e+00
1.226562500000000000e+00
2.343750000000000000e+00
2.800000000000000000e+01
6.375000000000000000e+00
-1.356250000000000000e+01
4.775000000000000000e+01
-1.231250000000000000e+01
-5.343750000000000000e+00
-2.762500000000000000e+01
-7.148437500000000000e-01
-1.031250000000000000e+01
-4.707031250000000000e-01
-2.462500000000000000e+01
-1.518750000000000000e+01
-2.462500000000000000e+01
2.737500000000000000e+01
3.359375000000000000e+00
2.337500000000000000e+01
3.203125000000000000e+00
3.828125000000000000e+00
2.162500000000000000e+01
-1.068750000000000000e+01
-3.921875000000000000e+00
-1.987500000000000000e+01
-1.000000000000000000e+01
7.750000000000000000e+01
4.250000000000000000e+01
1.787500000000000000e+01
-4.781250000000000000e+00
-3.453125000000000000e+00
-1.143750000000000000e+01
-2.087500000000000000e+01
1.523437500000000000e+00
-1.962500000000000000e+01
-1.218750000000000000e+01
1.125000000000000000e+02
2.500000000000000000e+01
-7.593750000000000000e+00
-2.984375000000000000e+00
6.750000000000000000e+01
-5.468750000000000000e+00
-1.031250000000000000e+01
1.992187500000000000e+00
5.925000000000000000e+01
2.937500000000000000e+01
-4.468750000000000000e+00
-4.687500000000000000e-02
-3.796875000000000000e+00
-1.687500000000000000e+00
4.925000000000000000e+01
-1.500000000000000000e+01
-6.250000000000000000e+00
-4.843750000000000000e+00
-5.281250000000000000e+00
2.075000000000000000e+01
-4.925000000000000000e+01
-8.937500000000000000e+00
-5.781250000000000000e+00
-3.875000000000000000e+00
-1.343750000000000000e+01
-3.109375000000000000e+00
-1.500000000000000000e+01
1.568750000000000000e+01
-5.531250000000000000e+00
3.062500000000000000e+01
1.343750000000000000e+01
6.600000000000000000e+01
2.962500000000000000e+01
-6.031250000000000000e+00
-5.875000000000000000e+00
-2.850000000000000000e+01
1.118750000000000000e+01
-1.218750000000000000e+01
9.450000000000000000e+01
-6.531250000000000000e+00
-3.046875000000000000e+00
4.700000000000000000e+01
1.293750000000000000e+01
-1.450000000000000000e+01
2.234375000000000000e+00
-1.306250000000000000e+01
2.900000000000000000e+01
1.250000000000000000e+01
2.312500000000000000e+01
-9.687500000000000000e+00
7.500000000000000000e+01
-1.800000000000000000e+01
3.375000000000000000e+01
2.600000000000000000e+01
1.055000000000000000e+02
-1.250000000000000000e+01
-7.968750000000000000e+00
1.125000000000000000e+01
-7.656250000000000000e+00
7.150000000000000000e+01
-1.418750000000000000e+01
-2.984375000000000000e+00
-6.906250000000000000e+00
-1.231250000000000000e+01
3.847656250000000000e-01
3.062500000000000000e+01
1.700000000000000000e+01
6.550000000000000000e+01
-5.742187500000000000e-01
5.325000000000000000e+01
-4.000000000000000000e+00
1.648437500000000000e+00
8.710937500000000000e-01
-1.275000000000000000e+01
3.015625000000000000e+00
2.046875000000000000e+00
3.062500000000000000e+01
3.825000000000000000e+01
-8.812500000000000000e+00
3.062500000000000000e+01
2.531250000000000000e+00
1.000000000000000000e+01
-7.156250000000000000e+00
2.662500000000000000e+01
5.875000000000000000e+01
3.525000000000000000e+01
-1.962500000000000000e+01
-3.750000000000000000e+00
-2.450000000000000000e+01
6.325000000000000000e+01
8.187500000000000000e+00
1.710937500000000000e+00
-1.181250000000000000e+01
4.718750000000000000e+00
2.400000000000000000e+01
-6.906250000000000000e+00
4.275000000000000000e+01
2.862500000000000000e+01
1.281250000000000000e+01
8.450000000000000000e+01
5.468750000000000000e-02
1.000000000000000000e+02
-5.593750000000000000e+00
-3.125000000000000000e+00
1.968750000000000000e+00
7.500000000000000000e+01
-4.218750000000000000e+00
-1.700000000000000000e+01
7.187500000000000000e-01
5.700000000000000000e+01
-2.800000000000000000e+01
-1.100000000000000000e+01
2.700000000000000000e+01
3.875000000000000000e+01
-9.000000000000000000e+00
4.000000000000000000e+01
-7.468750000000000000e+00
3.250000000000000000e+00
-9.000000000000000000e+00
5.775000000000000000e+01
6.450000000000000000e+01
1.637500000000000000e+01
-4.675000000000000000e+01
1.005000000000000000e+02
-1.242187500000000000e+00
3.125000000000000000e-02
6.625000000000000000e+00
-2.015625000000000000e+00
7.500000000000000000e+01
-1.118750000000000000e+01
-5.976562500000000000e-01
-6.593750000000000000e+00
4.975000000000000000e+01
-5.156250000000000000e+00
-8.000000000000000000e+00
9.200000000000000000e+01
9.200000000000000000e+01
-1.539062500000000000e+00
-2.312500000000000000e+00
-5.093750000000000000e+00
-2.012500000000000000e+01
9.875000000000000000e+00
-1.268750000000000000e+01
-3.171875000000000000e+00
1.368750000000000000e+01
-1.289062500000000000e+00
-4.775000000000000000e+01
-8.312500000000000000e+00
-3.671875000000000000e+00
-3.437500000000000000e-01
1.023437500000000000e+00
-4.781250000000000000e+00
6.367187500000000000e-01
-6.531250000000000000e+00
9.800000000000000000e+01
-1.206250000000000000e+01
9.200000000000000000e+01
-5.156250000000000000e+00
1.662500000000000000e+01
-5.281250000000000000e+00
-1.500000000000000000e+01
-2.062500000000000000e+01
-1.368750000000000000e+01
-2.062500000000000000e+01
-2.550000000000000000e+01
-1.331250000000000000e+01
-4.437500000000000000e+00
-1.068750000000000000e+01
-1.456250000000000000e+01
-1.023437500000000000e+00
-1.737500000000000000e+01
-1.484375000000000000e-01
1.898437500000000000e+00
-4.687500000000000000e+00
-4.531250000000000000e+00
-1.718750000000000000e+00
-1.200000000000000000e+01
1.812500000000000000e+01
-2.515625000000000000e+00
5.675000000000000000e+01
3.825000000000000000e+01
9.450000000000000000e+01
1.612500000000000000e+01
4.300000000000000000e+01
2.612500000000000000e+01
-3.921875000000000000e+00
-1.543750000000000000e+01
-2.234375000000000000e+00
-8.562500000000000000e+00
-1.767578125000000000e-01
2.712500000000000000e+01
1.381250000000000000e+01
-6.523437500000000000e-01
-1.225000000000000000e+01
1.812500000000000000e+00
1.431250000000000000e+01
-6.125000000000000000e+00
-1.093750000000000000e+01
-7.906250000000000000e+00
1.612500000000000000e+01
3.275000000000000000e+01
-1.550000000000000000e+01
2.912500000000000000e+01
-2.703125000000000000e+00
2.871093750000000000e-01
-1.100000000000000000e+01
7.700000000000000000e+01
3.450000000000000000e+01
2.887500000000000000e+01
6.593750000000000000e+00
-2.832031250000000000e-01
8.100000000000000000e+01
-6.835937500000000000e-01
-4.718750000000000000e+00
2.637500000000000000e+01
-8.937500000000000000e+00
-1.550000000000000000e+01
3.050000000000000000e+01
9.312500000000000000e+00
-1.825000000000000000e+01
-6.625000000000000000e+00
4.625000000000000000e+01
2.687500000000000000e+01
-4.343750000000000000e+00
-1.231250000000000000e+01
3.275000000000000000e+01
2.162500000000000000e+01
1.281250000000000000e+00
4.625000000000000000e+01
-1.500000000000000000e+01
-1.132812500000000000e+00
-1.356250000000000000e+01
1.945312500000000000e+00
-1.750000000000000000e+01
5.187500000000000000e+00
6.250000000000000000e+00
1.231250000000000000e+01
-5.200195312500000000e-02
-1.156250000000000000e+01
7.850000000000000000e+01
-3.921875000000000000e+00
9.750000000000000000e+01
2.250000000000000000e+01
-1.581250000000000000e+01
-1.968750000000000000e+00
2.437500000000000000e+01
1.787500000000000000e+01
3.000000000000000000e+01
-3.328125000000000000e+00
4.200000000000000000e+01
-1.750000000000000000e+01
-2.300000000000000000e+01
-6.250000000000000000e+00
1.712500000000000000e+01
-1.081250000000000000e+01
3.675000000000000000e+01
-1.531250000000000000e+01
5.675000000000000000e+01
-1.050000000000000000e+01
3.375000000000000000e+01
-2.187500000000000000e+01
4.600000000000000000e+01
-1.712500000000000000e+01
6.550000000000000000e+01
-4.062500000000000000e+00
-8.750000000000000000e-01
6.450000000000000000e+01
4.175000000000000000e+01
3.000000000000000000e+00
-5.843750000000000000e+00
3.012500000000000000e+01
-1.585937500000000000e+00
-2.087500000000000000e+01
2.662500000000000000e+01
3.975000000000000000e+01
-9.812500000000000000e+00
1.393750000000000000e+01
7.450000000000000000e+01
-1.200000000000000000e+01
1.925000000000000000e+01
-1.887500000000000000e+01
5.593750000000000000e+00
-5.343750000000000000e+00
-1.492187500000000000e+00
-2.012500000000000000e+01
3.037500000000000000e+01
-1.400000000000000000e+01
7.550000000000000000e+01
