5.375000000000000000e+00
-1.164062500000000000e+00
-1.085937500000000000e+00
2.921875000000000000e+00
-6.914062500000000000e-01
1.000000000000000000e+00
2.203125000000000000e+00
2.359375000000000000e+00
-3.046875000000000000e+00
-7.695312500000000000e-01
2.484375000000000000e+00
9.882812500000000000e-01
1.843750000000000000e+00
9.687500000000000000e-01
2.046875000000000000e+00
2.296875000000000000e+00
-2.609375000000000000e+00
2.437500000000000000e+00
8.687500000000000000e+00
-2.796875000000000000e+00
-1.117187500000000000e+00
3.015625000000000000e+00
4.174804687500000000e-02
-1.398437500000000000e+00
2.484375000000000000e+00
1.914062500000000000e+00
2.359375000000000000e+00
-1.375000000000000000e+00
-1.281250000000000000e+00
-2.125000000000000000e+00
5.000000000000000000e+00
-1.562500000000000000e+00
3.546875000000000000e+00
-1.781250000000000000e+00
-7.812500000000000000e-01
-2.234375000000000000e+00
1.437500000000000000e+00
-2.562500000000000000e+00
2.109375000000000000e+00
-2.812500000000000000e+00
-2.125000000000000000e+00
4.406250000000000000e+00
-1.632812500000000000e+00
-3.808593750000000000e-01
-9.335937500000000000e-01
2.296875000000000000e+00
-4.062500000000000000e-01
-3.453125000000000000e+00
7.070312500000000000e-01
4.250000000000000000e+00
-2.609375000000000000e+00
-1.507812500000000000e+00
2.875000000000000000e+00
4.550781250000000000e-01
3.250000000000000000e+00
6.156250000000000000e+00
-5.343750000000000000e+00
3.328125000000000000e+00
-9.531250000000000000e-01
2.203125000000000000e+00
-4.218750000000000000e+00
1.585937500000000000e+00
-1.242187500000000000e+00
2.234375000000000000e+00
1.929687500000000000e+00
-1.851562500000000000e+00
3.921875000000000000e+00
-1.992187500000000000e+00
-4.312500000000000000e+00
-1.710937500000000000e+00
-6.015625000000000000e-01
-1.062500000000000000e+00
-2.703125000000000000e+00
-2.515625000000000000e+00
1.695312500000000000e+00
-3.015625000000000000e+00
3.296875000000000000e+00
1.414062500000000000e+00
2.812500000000000000e+00
6.640625000000000000e-01
2.937500000000000000e+00
3.250000000000000000e+00
4.531250000000000000e-01
-1.234375000000000000e+00
-2.187500000000000000e+00
4.746093750000000000e-01
6.875000000000000000e+00
3.328125000000000000e+00
2.328125000000000000e+00
-6.914062500000000000e-01
-2.328125000000000000e+00
-2.421875000000000000e+00
-2.750000000000000000e+00
-1.375000000000000000e+00
9.687500000000000000e-01
-3.203125000000000000e+00
8.000000000000000000e+00
2.546875000000000000e+00
6.875000000000000000e-01
1.007812500000000000e+00
5.906250000000000000e+00
-1.468750000000000000e+00
-6.367187500000000000e-01
2.265625000000000000e+00
6.250000000000000000e+00
2.421875000000000000e+00
-1.468750000000000000e+00
2.359375000000000000e+00
-6.992187500000000000e-01
-2.453125000000000000e+00
4.656250000000000000e+00
-2.373046875000000000e-01
2.421875000000000000e-01
-3.796875000000000000e+00
-2.453125000000000000e+00
3.296875000000000000e+00
-1.867187500000000000e+00
-9.023437500000000000e-01
-1.523437500000000000e+00
2.490234375000000000e-01
-1.125000000000000000e+00
6.992187500000000000e-01
-2.031250000000000000e-01
1.914062500000000000e+00
1.585937500000000000e+00
3.203125000000000000e+00
2.828125000000000000e+00
6.406250000000000000e+00
3.000000000000000000e+00
2.060546875000000000e-01
2.046875000000000000e+00
-1.210937500000000000e+00
2.125000000000000000e+00
-4.531250000000000000e-01
5.843750000000000000e+00
-1.312500000000000000e+00
-1.976562500000000000e+00
3.984375000000000000e+00
1.304687500000000000e+00
-2.437500000000000000e+00
-1.414062500000000000e+00
1.343750000000000000e+00
3.953125000000000000e+00
1.929687500000000000e+00
2.921875000000000000e+00
-2.921875000000000000e+00
4.593750000000000000e+00
-1.437500000000000000e+00
3.578125000000000000e+00
3.875000000000000000e+00
4.937500000000000000e+00
-1.882812500000000000e+00
-4.956054687500000000e-02
6.250000000000000000e-01
-1.406250000000000000e+00
1.625000000000000000e+00
-2.703125000000000000e+00
-2.515625000000000000e+00
-1.308593750000000000e-01
-1.250000000000000000e-01
-2.390625000000000000e+00
7.304687500000000000e-01
2.015625000000000000e+00
2.937500000000000000e+00
-2.312500000000000000e+00
5.281250000000000000e+00
-2.078125000000000000e+00
-1.484375000000000000e-01
2.406250000000000000e+00
-4.765625000000000000e-01
6.093750000000000000e-01
-2.140625000000000000e+00
3.734375000000000000e+00
3.390625000000000000e+00
-2.000000000000000000e+00
3.125000000000000000e+00
-9.218750000000000000e-01
2.343750000000000000e+00
5.937500000000000000e-01
3.015625000000000000e+00
2.703125000000000000e+00
3.250000000000000000e+00
-1.945312500000000000e+00
-3.562500000000000000e+00
-3.421875000000000000e+00
7.000000000000000000e+00
2.156250000000000000e+00
1.279296875000000000e-01
-4.902343750000000000e-01
1.687500000000000000e+00
3.312500000000000000e+00
-1.812500000000000000e+00
3.578125000000000000e+00
2.859375000000000000e+00
1.851562500000000000e+00
3.750000000000000000e+00
1.357421875000000000e-01
5.218750000000000000e+00
-3.203125000000000000e-01
4.687500000000000000e-01
9.257812500000000000e-01
2.671875000000000000e+00
-3.984375000000000000e-01
-1.562500000000000000e-02
-1.031250000000000000e+00
4.031250000000000000e+00
-2.562500000000000000e+00
-1.523437500000000000e+00
2.734375000000000000e+00
2.734375000000000000e+00
-7.304687500000000000e-01
3.687500000000000000e+00
-1.710937500000000000e+00
1.085937500000000000e+00
-7.187500000000000000e-01
4.906250000000000000e+00
2.796875000000000000e+00
1.625000000000000000e+00
-4.593750000000000000e+00
3.765625000000000000e+00
-9.726562500000000000e-01
-1.757812500000000000e+00
1.132812500000000000e+00
-1.218750000000000000e+00
9.804687500000000000e-01
-9.375000000000000000e-01
-2.703125000000000000e+00
-2.265625000000000000e+00
1.656250000000000000e+00
1.468750000000000000e+00
-3.007812500000000000e-01
4.781250000000000000e+00
6.656250000000000000e+00
-4.902343750000000000e-01
-6.601562500000000000e-01
-6.875000000000000000e-01
-5.406250000000000000e+00
1.757812500000000000e+00
-2.265625000000000000e+00
2.988281250000000000e-01
2.046875000000000000e+00
4.121093750000000000e-01
-4.718750000000000000e+00
7.656250000000000000e-01
-1.570312500000000000e+00
-1.851562500000000000e+00
-6.054687500000000000e-01
-3.652343750000000000e-01
-2.234375000000000000e+00
-8.320312500000000000e-01
2.296875000000000000e+00
-2.333984375000000000e-01
5.750000000000000000e+00
-1.593750000000000000e+00
2.328125000000000000e+00
2.109375000000000000e+00
-1.140625000000000000e+00
-9.179687500000000000e-01
-6.494140625000000000e-02
-6.679687500000000000e-01
-3.062500000000000000e+00
-4.031250000000000000e+00
-8.710937500000000000e-01
-5.937500000000000000e-01
-8.164062500000000000e-01
8.710937500000000000e-01
-5.820312500000000000e-01
-2.250000000000000000e+00
-1.945312500000000000e+00
-6.992187500000000000e-01
-2.343750000000000000e+00
-1.187500000000000000e+00
-3.378906250000000000e-01
2.156250000000000000e+00
-2.031250000000000000e+00
2.625000000000000000e+00
3.671875000000000000e+00
4.343750000000000000e+00
3.437500000000000000e+00
3.828125000000000000e+00
1.664062500000000000e+00
-6.562500000000000000e-01
-4.031250000000000000e+00
-8.437500000000000000e-01
-1.937500000000000000e+00
-1.750000000000000000e+00
2.140625000000000000e+00
2.359375000000000000e+00
-2.140625000000000000e+00
-6.523437500000000000e-01
1.898437500000000000e+00
2.234375000000000000e+00
-3.750000000000000000e+00
-3.203125000000000000e+00
-2.125000000000000000e+00
1.710937500000000000e+00
2.703125000000000000e+00
-3.437500000000000000e+00
2.562500000000000000e+00
4.199218750000000000e-01
1.976562500000000000e+00
-5.976562500000000000e-01
6.250000000000000000e+00
4.125000000000000000e+00
2.171875000000000000e+00
2.000000000000000000e+00
-1.320312500000000000e+00
7.156250000000000000e+00
1.455078125000000000e-01
-3.453125000000000000e+00
2.500000000000000000e+00
-2.296875000000000000e+00
-1.867187500000000000e+00
3.171875000000000000e+00
2.093750000000000000e+00
-1.429687500000000000e+00
-1.289062500000000000e+00
4.000000000000000000e+00
2.812500000000000000e+00
-1.960937500000000000e+00
-2.937500000000000000e+00
2.953125000000000000e+00
2.703125000000000000e+00
2.234375000000000000e+00
2.392578125000000000e-01
-3.769531250000000000e-01
-2.687500000000000000e+00
-2.125000000000000000e+00
1.320312500000000000e+00
-2.640625000000000000e+00
2.675781250000000000e-01
2.109375000000000000e-01
3.187500000000000000e+00
2.609375000000000000e+00
-1.851562500000000000e+00
3.437500000000000000e+00
-1.789062500000000000e+00
3.312500000000000000e+00
1.357421875000000000e-01
-1.250000000000000000e+00
3.535156250000000000e-01
2.953125000000000000e+00
-5.898437500000000000e-01
1.945312500000000000e+00
-4.511718750000000000e-01
3.953125000000000000e+00
-2.953125000000000000e+00
1.250000000000000000e+00
-1.664062500000000000e+00
5.429687500000000000e-01
-2.031250000000000000e+00
2.765625000000000000e+00
1.273437500000000000e+00
4.593750000000000000e+00
-7.617187500000000000e-01
1.234375000000000000e+00
-9.414062500000000000e-01
1.210937500000000000e+00
-3.328125000000000000e+00
-7.275390625000000000e-02
-1.312500000000000000e+00
-3.171875000000000000e+00
3.964843750000000000e-01
4.343750000000000000e+00
1.914062500000000000e+00
-2.031250000000000000e+00
1.851562500000000000e+00
-1.054687500000000000e+00
-1.718750000000000000e+00
2.984375000000000000e+00
4.718750000000000000e+00
-1.195312500000000000e+00
2.796875000000000000e+00
8.187500000000000000e+00
2.216796875000000000e-01
2.375000000000000000e+00
-3.828125000000000000e+00
1.617187500000000000e+00
1.835937500000000000e+00
-1.523437500000000000e+00
-2.171875000000000000e+00
3.890625000000000000e+00
-2.140625000000000000e+00
3.234375000000000000e+00
