-1.179687500000000000e+00
2.382812500000000000e-01
-1.148437500000000000e+00
5.468750000000000000e-01
8.554687500000000000e-01
1.406250000000000000e+00
5.273437500000000000e-01
4.902343750000000000e-01
-4.140625000000000000e-01
2.636718750000000000e-01
6.601562500000000000e-01
3.535156250000000000e-01
1.125000000000000000e+00
-3.344726562500000000e-02
2.148437500000000000e-01
8.984375000000000000e-02
9.062500000000000000e-01
3.847656250000000000e-01
1.187500000000000000e+00
-1.992187500000000000e+00
5.351562500000000000e-01
3.640625000000000000e+00
-3.859375000000000000e+00
2.636718750000000000e-01
4.062500000000000000e-01
-3.496093750000000000e-01
-1.429687500000000000e+00
1.460937500000000000e+00
-6.523437500000000000e-01
-2.160644531250000000e-02
8.242187500000000000e-01
2.312500000000000000e+00
7.500000000000000000e-01
-1.132812500000000000e+00
-1.533203125000000000e-01
-9.375000000000000000e-02
2.062500000000000000e+00
-1.562500000000000000e+00
-1.892089843750000000e-02
-1.648437500000000000e+00
1.625000000000000000e+00
1.007812500000000000e+00
-3.964843750000000000e-01
7.958984375000000000e-02
1.281250000000000000e+00
1.085937500000000000e+00
7.148437500000000000e-01
-1.164062500000000000e+00
1.476562500000000000e+00
6.992187500000000000e-01
-9.492187500000000000e-01
-6.367187500000000000e-01
2.515625000000000000e+00
4.667968750000000000e-01
5.976562500000000000e-01
7.226562500000000000e-01
-1.398437500000000000e+00
-2.921875000000000000e+00
2.187500000000000000e-01
1.875000000000000000e-01
-2.062500000000000000e+00
5.117187500000000000e-01
-1.023437500000000000e+00
1.039062500000000000e+00
7.187500000000000000e-01
1.679687500000000000e-01
2.041015625000000000e-01
-8.242187500000000000e-01
-7.656250000000000000e-01
-6.884765625000000000e-02
4.418945312500000000e-02
4.980468750000000000e-01
-7.500000000000000000e-01
-1.789062500000000000e+00
2.390625000000000000e+00
1.007812500000000000e+00
8.867187500000000000e-01
9.179687500000000000e-01
5.625000000000000000e-01
3.496093750000000000e-01
2.109375000000000000e+00
5.585937500000000000e-01
-2.929687500000000000e-01
2.275390625000000000e-01
-2.015625000000000000e+00
1.218750000000000000e+00
6.132812500000000000e-01
4.531250000000000000e-01
3.125000000000000000e-01
1.085937500000000000e+00
-1.085937500000000000e+00
-2.148437500000000000e-01
-4.433593750000000000e-01
-9.414062500000000000e-01
2.265625000000000000e+00
3.007812500000000000e-01
-4.687500000000000000e-01
3.417968750000000000e-01
-3.242187500000000000e-01
1.023437500000000000e+00
8.554687500000000000e-01
7.929687500000000000e-01
1.171875000000000000e-01
2.000000000000000000e+00
1.164062500000000000e+00
7.500000000000000000e-01
-8.125000000000000000e-01
1.960937500000000000e+00
5.507812500000000000e-01
-1.648437500000000000e+00
7.695312500000000000e-01
2.255859375000000000e-01
1.718750000000000000e+00
-8.320312500000000000e-01
3.593750000000000000e-01
7.929687500000000000e-01
2.171875000000000000e+00
-5.468750000000000000e-01
5.273437500000000000e-01
-7.421875000000000000e-02
-8.945312500000000000e-01
1.748046875000000000e-01
2.041015625000000000e-01
4.277343750000000000e-01
1.414062500000000000e+00
3.652343750000000000e-01
8.945312500000000000e-01
1.132812500000000000e+00
5.351562500000000000e-01
5.976562500000000000e-01
2.015625000000000000e+00
4.453125000000000000e-01
5.585937500000000000e-01
-4.687500000000000000e-01
-3.613281250000000000e-01
5.981445312500000000e-02
-1.023437500000000000e+00
7.275390625000000000e-02
6.992187500000000000e-01
-1.976562500000000000e+00
-1.789062500000000000e+00
2.046875000000000000e+00
8.750000000000000000e-01
1.904296875000000000e-01
6.835937500000000000e-01
8.085937500000000000e-01
-8.945312500000000000e-01
-1.437500000000000000e+00
6.132812500000000000e-01
7.070312500000000000e-01
-9.687500000000000000e-01
1.195312500000000000e+00
-2.209472656250000000e-02
-6.494140625000000000e-02
9.804687500000000000e-01
-2.546875000000000000e+00
-6.445312500000000000e-01
-9.062500000000000000e-01
1.093750000000000000e+00
-8.320312500000000000e-01
-1.304687500000000000e+00
-1.875000000000000000e+00
5.078125000000000000e-01
-1.117187500000000000e+00
-1.757812500000000000e+00
9.179687500000000000e-01
-2.988281250000000000e-01
1.513671875000000000e-01
2.218750000000000000e+00
2.294921875000000000e-01
3.393554687500000000e-02
-1.147460937500000000e-01
1.039062500000000000e+00
5.156250000000000000e-01
6.718750000000000000e-01
5.664062500000000000e-01
-7.812500000000000000e-01
1.804687500000000000e+00
2.406250000000000000e+00
5.898437500000000000e-01
-1.562500000000000000e+00
5.820312500000000000e-01
-2.060546875000000000e-01
-1.531250000000000000e+00
-6.250000000000000000e-01
1.429687500000000000e+00
5.468750000000000000e-01
6.718750000000000000e-01
-1.679687500000000000e-01
4.453125000000000000e-01
7.031250000000000000e-01
-5.273437500000000000e-01
5.273437500000000000e-01
7.968750000000000000e-01
2.265625000000000000e-01
-2.093750000000000000e+00
3.925781250000000000e-01
-1.296875000000000000e+00
-6.367187500000000000e-01
7.929687500000000000e-01
5.468750000000000000e-01
-2.046875000000000000e+00
-2.990722656250000000e-02
-2.519531250000000000e-01
1.195312500000000000e+00
5.898437500000000000e-01
-9.101562500000000000e-01
3.496093750000000000e-01
3.593750000000000000e-01
6.396484375000000000e-02
-1.062500000000000000e+00
6.679687500000000000e-01
8.320312500000000000e-01
1.023437500000000000e+00
-5.742187500000000000e-01
8.867187500000000000e-01
-1.007812500000000000e+00
3.261718750000000000e-01
-8.554687500000000000e-01
-2.031250000000000000e+00
1.250000000000000000e-01
1.320312500000000000e+00
-5.346679687500000000e-02
-4.907226562500000000e-02
-2.953125000000000000e+00
-2.197265625000000000e-01
-1.351562500000000000e+00
9.179687500000000000e-01
-2.328125000000000000e+00
1.132812500000000000e+00
1.513671875000000000e-01
-8.632812500000000000e-01
6.054687500000000000e-01
-4.062500000000000000e-01
-6.718750000000000000e-01
1.164062500000000000e+00
-2.140625000000000000e+00
4.453125000000000000e-01
-1.093750000000000000e+00
-2.868652343750000000e-02
6.601562500000000000e-01
2.109375000000000000e+00
2.000000000000000000e+00
-2.001953125000000000e-01
-1.718750000000000000e+00
-1.648437500000000000e+00
-1.718750000000000000e+00
5.117187500000000000e-01
-1.367187500000000000e+00
1.132812500000000000e+00
-3.000000000000000000e+00
-5.273437500000000000e-01
-5.820312500000000000e-01
5.000000000000000000e-01
5.117187500000000000e-01
1.179687500000000000e+00
-1.007812500000000000e+00
1.030273437500000000e-01
-6.367187500000000000e-01
-8.242187500000000000e-01
-1.781250000000000000e+00
-1.125000000000000000e+00
-2.099609375000000000e-01
-7.187500000000000000e-01
1.523437500000000000e-01
7.929687500000000000e-01
-6.601562500000000000e-01
-1.664062500000000000e+00
-9.218750000000000000e-01
9.375000000000000000e-01
1.132812500000000000e+00
-1.164062500000000000e+00
-5.625000000000000000e-01
5.312500000000000000e-01
-2.070312500000000000e-01
-4.433593750000000000e-01
7.460937500000000000e-01
-1.875000000000000000e+00
8.750000000000000000e-01
3.671875000000000000e-01
-5.898437500000000000e-01
6.289062500000000000e-01
-9.257812500000000000e-01
7.382812500000000000e-01
-6.250000000000000000e-02
-5.507812500000000000e-01
7.226562500000000000e-02
3.925781250000000000e-01
-2.773437500000000000e-01
-8.710937500000000000e-01
7.382812500000000000e-01
3.964843750000000000e-01
-1.835937500000000000e+00
-1.171875000000000000e-02
7.539062500000000000e-01
7.031250000000000000e-01
3.183593750000000000e-01
1.289062500000000000e+00
5.898437500000000000e-01
2.158203125000000000e-01
1.710937500000000000e+00
1.445312500000000000e+00
3.574218750000000000e-01
1.015625000000000000e+00
-1.445312500000000000e-01
1.882812500000000000e+00
3.300781250000000000e-01
6.562500000000000000e-01
1.078125000000000000e+00
-1.125000000000000000e+00
1.367187500000000000e-01
-7.851562500000000000e-01
-1.845703125000000000e-01
5.859375000000000000e-01
4.843750000000000000e-01
-1.429687500000000000e+00
1.093750000000000000e+00
4.218750000000000000e-01
4.531250000000000000e-01
1.767578125000000000e-01
6.298828125000000000e-02
2.871093750000000000e-01
5.468750000000000000e-01
1.648437500000000000e+00
-3.000000000000000000e+00
-7.460937500000000000e-01
-1.687500000000000000e+00
1.601562500000000000e+00
6.171875000000000000e-01
-1.664062500000000000e+00
-1.235351562500000000e-01
2.871093750000000000e-01
1.320312500000000000e+00
2.265625000000000000e+00
-1.820312500000000000e+00
-1.281250000000000000e+00
1.007812500000000000e+00
-2.359375000000000000e+00
-2.109375000000000000e+00
-1.845703125000000000e-01
3.378906250000000000e-01
7.617187500000000000e-01
-1.937500000000000000e+00
1.186523437500000000e-01
4.042968750000000000e-01
9.023437500000000000e-01
-7.968750000000000000e-01
3.953125000000000000e+00
6.132812500000000000e-01
-8.750000000000000000e-01
1.320312500000000000e+00
1.826171875000000000e-01
-2.600097656250000000e-02
3.417968750000000000e-01
4.902343750000000000e-01
-1.937500000000000000e+00
2.265625000000000000e+00
-2.359375000000000000e+00
2.910156250000000000e-01
-2.734375000000000000e+00
7.812500000000000000e-01
-1.992187500000000000e+00
-3.171875000000000000e+00
6.992187500000000000e-01
8.007812500000000000e-01
-6.601562500000000000e-01
1.562500000000000000e-02
6.367187500000000000e-01
-2.421875000000000000e+00
8.476562500000000000e-01
8.125000000000000000e-01
1.398437500000000000e+00
7.304687500000000000e-01
1.320312500000000000e+00
-3.671875000000000000e-01
3.750000000000000000e-01
-1.695312500000000000e+00
2.187500000000000000e-01
8.242187500000000000e-01
-3.378906250000000000e-01
-1.468750000000000000e+00
7.929687500000000000e-01
1.898437500000000000e+00
-1.570312500000000000e+00
