-1.406250000000000000e+00
2.451171875000000000e-01
-1.539062500000000000e+00
9.023437500000000000e-01
-4.218750000000000000e-01
1.476562500000000000e+00
1.023437500000000000e+00
6.250000000000000000e-01
-8.242187500000000000e-01
-1.210937500000000000e+00
1.007812500000000000e+00
9.375000000000000000e-01
1.601562500000000000e+00
2.382812500000000000e-01
7.968750000000000000e-01
3.730468750000000000e-01
-1.396484375000000000e-01
5.859375000000000000e-01
-1.328125000000000000e-01
-1.351562500000000000e+00
-4.921875000000000000e-01
3.078125000000000000e+00
-5.406250000000000000e+00
-7.226562500000000000e-01
6.875000000000000000e-01
1.337890625000000000e-01
-3.437500000000000000e+00
-8.906250000000000000e-01
-2.636718750000000000e-01
-8.710937500000000000e-01
1.062500000000000000e+00
2.187500000000000000e+00
9.257812500000000000e-01
-7.617187500000000000e-01
-1.953125000000000000e-03
-1.539062500000000000e+00
1.539062500000000000e+00
-8.750000000000000000e-01
-5.859375000000000000e-03
-1.460937500000000000e+00
-3.457031250000000000e-01
1.460937500000000000e+00
5.742187500000000000e-01
-3.847656250000000000e-01
-1.367187500000000000e+00
1.250000000000000000e+00
1.101562500000000000e+00
-2.714843750000000000e-01
1.398437500000000000e+00
6.914062500000000000e-01
-7.968750000000000000e-01
-1.398437500000000000e+00
2.187500000000000000e+00
-6.835937500000000000e-01
7.304687500000000000e-01
8.056640625000000000e-02
-7.226562500000000000e-01
-3.234375000000000000e+00
2.021484375000000000e-01
5.039062500000000000e-01
-1.296875000000000000e+00
9.375000000000000000e-01
-6.679687500000000000e-01
1.687500000000000000e+00
1.476562500000000000e+00
-1.030273437500000000e-01
6.992187500000000000e-01
-1.826171875000000000e-01
-2.636718750000000000e-01
6.562500000000000000e-01
-1.500000000000000000e+00
1.476562500000000000e+00
-1.533203125000000000e-01
-1.648437500000000000e+00
2.515625000000000000e+00
1.195312500000000000e+00
1.648437500000000000e+00
1.312500000000000000e+00
1.335937500000000000e+00
-2.600097656250000000e-02
2.390625000000000000e+00
6.210937500000000000e-01
-1.148437500000000000e+00
-1.007812500000000000e+00
-2.062500000000000000e+00
1.460937500000000000e+00
-3.925781250000000000e-01
9.531250000000000000e-01
5.742187500000000000e-01
-1.929687500000000000e+00
-9.843750000000000000e-01
6.367187500000000000e-01
-1.078125000000000000e+00
-4.902343750000000000e-01
1.625000000000000000e+00
-5.585937500000000000e-01
-1.147460937500000000e-01
6.992187500000000000e-01
-6.992187500000000000e-01
1.203125000000000000e+00
4.453125000000000000e-01
-1.750000000000000000e+00
-1.085937500000000000e+00
1.835937500000000000e+00
1.125000000000000000e+00
1.304687500000000000e+00
-1.069335937500000000e-01
2.046875000000000000e+00
-1.210937500000000000e+00
-8.750000000000000000e-01
1.437500000000000000e+00
-2.265625000000000000e-01
1.843750000000000000e+00
-6.210937500000000000e-01
-6.640625000000000000e-01
1.523437500000000000e+00
2.328125000000000000e+00
-9.960937500000000000e-01
-1.617187500000000000e+00
-2.656250000000000000e-01
-8.007812500000000000e-01
-1.320312500000000000e+00
-4.941406250000000000e-01
1.132812500000000000e+00
1.414062500000000000e+00
4.687500000000000000e-01
1.437500000000000000e+00
1.281250000000000000e+00
1.054687500000000000e+00
8.867187500000000000e-01
2.140625000000000000e+00
9.570312500000000000e-01
6.406250000000000000e-01
-1.062500000000000000e+00
-2.500000000000000000e+00
-4.472656250000000000e-01
-6.406250000000000000e-01
5.429687500000000000e-01
1.398437500000000000e+00
-1.281250000000000000e+00
-1.132812500000000000e+00
2.484375000000000000e+00
1.476562500000000000e+00
5.507812500000000000e-01
1.289062500000000000e+00
-4.472656250000000000e-01
-4.375000000000000000e-01
-1.367187500000000000e+00
9.804687500000000000e-01
1.226562500000000000e+00
-1.085937500000000000e+00
-3.183593750000000000e-01
-1.101562500000000000e+00
2.087402343750000000e-02
-1.257812500000000000e+00
-3.062500000000000000e+00
-5.312500000000000000e-01
-9.492187500000000000e-01
2.792968750000000000e-01
-8.945312500000000000e-01
-8.867187500000000000e-01
-1.625000000000000000e+00
4.902343750000000000e-01
-2.953125000000000000e+00
-7.187500000000000000e-01
1.218750000000000000e+00
-1.140625000000000000e+00
-2.343750000000000000e-01
2.359375000000000000e+00
-7.812500000000000000e-01
8.632812500000000000e-01
-9.570312500000000000e-01
1.710937500000000000e+00
9.960937500000000000e-01
-2.695312500000000000e-01
1.210937500000000000e+00
-7.304687500000000000e-01
1.929687500000000000e+00
2.062500000000000000e+00
9.804687500000000000e-01
-1.148437500000000000e+00
1.117187500000000000e+00
-1.533203125000000000e-01
-9.492187500000000000e-01
4.589843750000000000e-01
1.375000000000000000e+00
1.000000000000000000e+00
6.367187500000000000e-01
-4.614257812500000000e-02
6.210937500000000000e-01
1.265625000000000000e+00
-9.843750000000000000e-01
8.242187500000000000e-01
1.539062500000000000e+00
7.304687500000000000e-01
-1.960937500000000000e+00
4.433593750000000000e-01
-2.421875000000000000e+00
-1.265625000000000000e+00
-9.726562500000000000e-01
5.820312500000000000e-01
-1.523437500000000000e+00
8.251953125000000000e-02
-1.904296875000000000e-01
2.392578125000000000e-01
8.125000000000000000e-01
-9.619140625000000000e-02
-1.398437500000000000e+00
7.500000000000000000e-01
4.687500000000000000e-01
-1.062500000000000000e+00
7.031250000000000000e-01
-1.015625000000000000e+00
1.500000000000000000e+00
-2.851562500000000000e-01
1.289062500000000000e+00
-6.875000000000000000e-01
1.054687500000000000e+00
4.121093750000000000e-01
-2.531250000000000000e+00
-1.023437500000000000e+00
9.033203125000000000e-02
4.746093750000000000e-01
-1.523437500000000000e-01
-3.859375000000000000e+00
-1.101562500000000000e+00
-9.492187500000000000e-01
-1.929687500000000000e+00
-2.125000000000000000e+00
1.812500000000000000e+00
-7.187500000000000000e-01
-5.781250000000000000e-01
-9.531250000000000000e-01
2.138671875000000000e-01
-4.121093750000000000e-01
-1.335937500000000000e+00
-5.200195312500000000e-02
1.179687500000000000e+00
-1.445312500000000000e+00
-1.156250000000000000e+00
1.468750000000000000e+00
1.351562500000000000e+00
2.015625000000000000e+00
-2.392578125000000000e-01
-7.851562500000000000e-01
-1.398437500000000000e+00
-1.195312500000000000e+00
-4.902343750000000000e-01
-1.062500000000000000e+00
-1.523437500000000000e+00
-3.890625000000000000e+00
-9.023437500000000000e-01
-5.898437500000000000e-01
-9.804687500000000000e-01
1.179687500000000000e+00
1.304687500000000000e+00
-1.289062500000000000e+00
-8.242187500000000000e-01
-3.066406250000000000e-01
-6.132812500000000000e-01
-8.320312500000000000e-01
-7.539062500000000000e-01
-9.687500000000000000e-01
-6.132812500000000000e-01
8.710937500000000000e-01
8.437500000000000000e-01
-7.304687500000000000e-01
-1.351562500000000000e+00
-5.820312500000000000e-01
-1.375000000000000000e+00
-1.679687500000000000e+00
-9.257812500000000000e-01
-7.070312500000000000e-01
7.343750000000000000e-01
-6.992187500000000000e-01
-2.156250000000000000e+00
1.007812500000000000e+00
-1.976562500000000000e+00
1.054687500000000000e+00
7.500000000000000000e-01
9.912109375000000000e-02
-1.460937500000000000e+00
-2.734375000000000000e-01
-5.976562500000000000e-01
3.164062500000000000e-01
-5.117187500000000000e-01
2.373046875000000000e-01
8.632812500000000000e-01
-7.226562500000000000e-01
-8.750000000000000000e-01
1.226562500000000000e+00
1.085937500000000000e+00
-1.492187500000000000e+00
7.304687500000000000e-01
-5.976562500000000000e-01
1.382812500000000000e+00
6.757812500000000000e-01
2.451171875000000000e-01
8.242187500000000000e-01
-6.195068359375000000e-03
1.664062500000000000e+00
1.328125000000000000e+00
5.468750000000000000e-01
1.460937500000000000e+00
3.027343750000000000e-01
2.156250000000000000e+00
-1.218750000000000000e+00
-6.914062500000000000e-01
1.414062500000000000e+00
-4.433593750000000000e-01
3.496093750000000000e-01
-9.531250000000000000e-01
1.062500000000000000e+00
9.531250000000000000e-01
8.320312500000000000e-01
-1.320312500000000000e+00
-1.148437500000000000e+00
5.703125000000000000e-01
6.562500000000000000e-01
-1.093750000000000000e+00
-9.570312500000000000e-01
6.289062500000000000e-01
1.335937500000000000e+00
1.687500000000000000e+00
-3.796875000000000000e+00
-8.867187500000000000e-01
-8.945312500000000000e-01
5.429687500000000000e-01
9.179687500000000000e-01
-1.304687500000000000e+00
3.964843750000000000e-01
1.023437500000000000e+00
1.625000000000000000e+00
2.171875000000000000e+00
-1.976562500000000000e+00
-3.640625000000000000e+00
-3.247070312500000000e-02
-2.796875000000000000e+00
-1.914062500000000000e+00
6.562500000000000000e-01
-1.320312500000000000e+00
1.375000000000000000e+00
-5.859375000000000000e-02
4.902343750000000000e-01
-1.226562500000000000e+00
1.476562500000000000e+00
-2.910156250000000000e-01
3.828125000000000000e+00
-1.312500000000000000e+00
-1.851562500000000000e+00
-7.031250000000000000e-01
4.218750000000000000e-01
-1.601562500000000000e-01
5.234375000000000000e-01
-3.378906250000000000e-01
-1.867187500000000000e+00
2.390625000000000000e+00
-2.640625000000000000e+00
-6.933593750000000000e-02
-4.750000000000000000e+00
-4.433593750000000000e-01
-1.507812500000000000e+00
-4.156250000000000000e+00
8.320312500000000000e-01
1.164062500000000000e+00
-7.148437500000000000e-01
3.300781250000000000e-01
-8.437500000000000000e-01
-2.234375000000000000e+00
1.257812500000000000e+00
5.156250000000000000e-01
-8.945312500000000000e-01
1.179687500000000000e+00
1.093750000000000000e+00
-1.796875000000000000e-01
8.750000000000000000e-01
-3.691406250000000000e-01
5.703125000000000000e-01
-2.714843750000000000e-01
-1.054687500000000000e+00
-1.031250000000000000e+00
9.179687500000000000e-01
1.414062500000000000e+00
-1.289062500000000000e+00
