2.148437500000000000e-01
-6.562500000000000000e-01
-2.000000000000000000e+00
1.789062500000000000e+00
-3.281250000000000000e-01
2.203125000000000000e+00
2.015625000000000000e+00
1.367187500000000000e+00
-1.414062500000000000e+00
-1.468750000000000000e+00
1.968750000000000000e+00
1.664062500000000000e+00
2.203125000000000000e+00
8.632812500000000000e-01
1.757812500000000000e+00
1.218750000000000000e+00
-5.195312500000000000e-01
1.335937500000000000e+00
1.125000000000000000e+00
-1.710937500000000000e+00
-5.786132812500000000e-02
3.328125000000000000e+00
-4.843750000000000000e+00
-9.882812500000000000e-01
1.476562500000000000e+00
9.335937500000000000e-01
-2.828125000000000000e+00
-6.289062500000000000e-01
-3.925781250000000000e-01
-1.335937500000000000e+00
2.171875000000000000e+00
2.671875000000000000e+00
1.820312500000000000e+00
-5.039062500000000000e-01
3.066406250000000000e-01
-1.718750000000000000e+00
1.804687500000000000e+00
-1.156250000000000000e+00
6.210937500000000000e-01
-2.000000000000000000e+00
-1.434326171875000000e-02
2.734375000000000000e+00
9.257812500000000000e-01
-8.632812500000000000e-01
-1.281250000000000000e+00
2.125000000000000000e+00
1.710937500000000000e+00
-7.460937500000000000e-01
1.757812500000000000e+00
1.554687500000000000e+00
-1.093750000000000000e+00
-1.414062500000000000e+00
2.515625000000000000e+00
-1.531250000000000000e+00
1.648437500000000000e+00
9.687500000000000000e-01
-1.335937500000000000e+00
-2.312500000000000000e+00
-1.215820312500000000e-01
1.289062500000000000e+00
-1.601562500000000000e+00
1.656250000000000000e+00
-7.343750000000000000e-01
2.828125000000000000e+00
2.125000000000000000e+00
-4.218750000000000000e-01
1.789062500000000000e+00
-8.750000000000000000e-01
-8.750000000000000000e-01
1.843750000000000000e+00
-1.960937500000000000e+00
2.859375000000000000e+00
-5.078125000000000000e-01
-1.507812500000000000e+00
3.265625000000000000e+00
1.414062500000000000e+00
2.875000000000000000e+00
2.000000000000000000e+00
2.421875000000000000e+00
1.640625000000000000e-01
3.171875000000000000e+00
1.554687500000000000e+00
-2.203125000000000000e+00
-1.351562500000000000e+00
-2.828125000000000000e+00
2.500000000000000000e+00
1.078125000000000000e+00
2.046875000000000000e+00
1.406250000000000000e+00
-1.914062500000000000e+00
-1.414062500000000000e+00
5.468750000000000000e-01
-2.750000000000000000e+00
-5.820312500000000000e-01
1.648437500000000000e+00
-7.851562500000000000e-01
2.390625000000000000e+00
1.523437500000000000e+00
7.187500000000000000e-01
1.539062500000000000e+00
1.593750000000000000e+00
-1.492187500000000000e+00
-1.226562500000000000e+00
2.031250000000000000e+00
2.359375000000000000e+00
2.421875000000000000e+00
-1.835937500000000000e-01
2.484375000000000000e+00
-1.171875000000000000e+00
-9.804687500000000000e-01
2.859375000000000000e+00
5.429687500000000000e-01
1.726562500000000000e+00
-2.437500000000000000e+00
-7.929687500000000000e-01
2.703125000000000000e+00
2.265625000000000000e+00
-1.875000000000000000e+00
-1.320312500000000000e+00
-4.355468750000000000e-01
-1.156250000000000000e+00
-1.007812500000000000e+00
-2.490234375000000000e-01
2.359375000000000000e+00
1.960937500000000000e+00
1.164062500000000000e+00
2.328125000000000000e+00
2.687500000000000000e+00
2.015625000000000000e+00
1.429687500000000000e+00
2.578125000000000000e+00
1.054687500000000000e+00
1.437500000000000000e+00
-1.117187500000000000e+00
-2.875000000000000000e+00
-7.968750000000000000e-01
-9.843750000000000000e-01
1.804687500000000000e+00
2.265625000000000000e+00
-1.789062500000000000e+00
-8.164062500000000000e-01
3.015625000000000000e+00
2.828125000000000000e+00
1.476562500000000000e+00
2.375000000000000000e+00
-2.656250000000000000e-01
1.343750000000000000e+00
-1.015625000000000000e+00
2.062500000000000000e+00
2.578125000000000000e+00
2.265625000000000000e-01
-1.337890625000000000e-01
-1.320312500000000000e+00
9.648437500000000000e-01
-1.148437500000000000e+00
-2.234375000000000000e+00
-5.898437500000000000e-01
-1.242187500000000000e+00
7.304687500000000000e-01
-3.750000000000000000e-01
-1.171875000000000000e+00
-2.015625000000000000e+00
1.070312500000000000e+00
-3.125000000000000000e+00
-8.164062500000000000e-01
2.484375000000000000e+00
-1.351562500000000000e+00
-6.132812500000000000e-01
2.796875000000000000e+00
-1.265625000000000000e+00
1.648437500000000000e+00
-1.937500000000000000e+00
2.953125000000000000e+00
2.000000000000000000e+00
-3.164062500000000000e-01
2.171875000000000000e+00
-6.484375000000000000e-01
2.796875000000000000e+00
3.078125000000000000e+00
2.046875000000000000e+00
1.259765625000000000e-01
2.250000000000000000e+00
-3.066406250000000000e-01
-1.375000000000000000e+00
6.601562500000000000e-01
2.828125000000000000e+00
1.789062500000000000e+00
1.093750000000000000e+00
-1.335937500000000000e+00
1.289062500000000000e+00
2.281250000000000000e+00
-1.085937500000000000e+00
1.625000000000000000e+00
2.734375000000000000e+00
1.656250000000000000e+00
-7.187500000000000000e-01
5.820312500000000000e-01
-9.882812500000000000e-01
-1.335937500000000000e+00
-1.054687500000000000e+00
1.007812500000000000e+00
-3.769531250000000000e-01
1.718750000000000000e-01
3.359375000000000000e-01
3.574218750000000000e-01
1.664062500000000000e+00
-8.398437500000000000e-01
-1.351562500000000000e+00
1.750000000000000000e+00
1.351562500000000000e+00
-8.867187500000000000e-01
1.585937500000000000e+00
-9.062500000000000000e-01
2.328125000000000000e+00
3.593750000000000000e-01
2.828125000000000000e+00
4.218750000000000000e-01
2.359375000000000000e+00
1.937500000000000000e+00
-9.375000000000000000e-01
-1.437500000000000000e+00
2.910156250000000000e-01
1.109375000000000000e+00
-4.277343750000000000e-01
-3.140625000000000000e+00
-1.562500000000000000e+00
-1.562500000000000000e+00
-1.632812500000000000e+00
-1.093750000000000000e+00
2.921875000000000000e+00
-1.125000000000000000e+00
1.054687500000000000e+00
-1.171875000000000000e-02
6.132812500000000000e-01
-7.929687500000000000e-01
-1.125000000000000000e+00
-6.445312500000000000e-02
2.296875000000000000e+00
-2.140625000000000000e+00
-6.757812500000000000e-01
2.484375000000000000e+00
1.195312500000000000e+00
2.109375000000000000e+00
9.687500000000000000e-01
-4.824218750000000000e-01
-1.414062500000000000e+00
-8.242187500000000000e-01
-2.695312500000000000e-01
-1.398437500000000000e+00
-1.289062500000000000e+00
-2.390625000000000000e+00
-1.273437500000000000e+00
1.601562500000000000e+00
-1.062500000000000000e+00
2.046875000000000000e+00
2.234375000000000000e+00
-1.617187500000000000e+00
-1.562500000000000000e+00
-1.552734375000000000e-01
2.636718750000000000e-01
-8.125000000000000000e-01
-1.750000000000000000e+00
-1.195312500000000000e+00
-2.734375000000000000e-01
1.351562500000000000e+00
1.101562500000000000e+00
-7.656250000000000000e-01
-1.554687500000000000e+00
-9.257812500000000000e-01
-1.226562500000000000e+00
-1.875000000000000000e+00
-9.687500000000000000e-01
-6.054687500000000000e-01
1.437500000000000000e+00
-1.289062500000000000e+00
-2.109375000000000000e+00
1.945312500000000000e+00
-5.976562500000000000e-01
2.031250000000000000e+00
2.093750000000000000e+00
1.226562500000000000e+00
-1.117187500000000000e+00
-1.187500000000000000e+00
-9.960937500000000000e-01
-7.382812500000000000e-01
-7.382812500000000000e-01
8.242187500000000000e-01
1.750000000000000000e+00
-1.398437500000000000e+00
-7.695312500000000000e-01
1.570312500000000000e+00
2.078125000000000000e+00
-3.375000000000000000e+00
7.070312500000000000e-01
-6.289062500000000000e-01
2.140625000000000000e+00
1.562500000000000000e+00
1.943359375000000000e-01
1.375000000000000000e+00
6.015625000000000000e-01
1.929687500000000000e+00
1.335937500000000000e+00
2.296875000000000000e+00
2.578125000000000000e+00
1.109375000000000000e+00
3.453125000000000000e+00
-1.523437500000000000e+00
2.373046875000000000e-01
1.539062500000000000e+00
-1.070312500000000000e+00
1.226562500000000000e+00
-4.980468750000000000e-01
1.070312500000000000e+00
1.914062500000000000e+00
1.789062500000000000e+00
-1.062500000000000000e+00
-9.687500000000000000e-01
1.648437500000000000e+00
1.562500000000000000e+00
-1.273437500000000000e+00
-1.039062500000000000e+00
1.500000000000000000e+00
2.671875000000000000e+00
1.968750000000000000e+00
-3.562500000000000000e+00
-8.007812500000000000e-01
-7.070312500000000000e-01
4.199218750000000000e-01
1.617187500000000000e+00
-1.265625000000000000e+00
1.046875000000000000e+00
1.562500000000000000e+00
2.625000000000000000e+00
2.671875000000000000e+00
-2.453125000000000000e+00
-3.421875000000000000e+00
7.177734375000000000e-02
-1.593750000000000000e+00
-2.140625000000000000e+00
-1.125000000000000000e+00
-1.601562500000000000e+00
2.625000000000000000e+00
1.445312500000000000e-01
1.117187500000000000e+00
-1.468750000000000000e+00
2.796875000000000000e+00
7.929687500000000000e-01
4.156250000000000000e+00
-1.132812500000000000e+00
-2.343750000000000000e+00
-6.875000000000000000e-01
1.218750000000000000e+00
2.177734375000000000e-01
1.585937500000000000e+00
-4.199218750000000000e-01
-1.945312500000000000e+00
2.750000000000000000e+00
-1.789062500000000000e+00
-5.273437500000000000e-01
-4.531250000000000000e+00
-2.656250000000000000e-01
-2.140625000000000000e+00
-3.328125000000000000e+00
1.906250000000000000e+00
1.710937500000000000e+00
-7.070312500000000000e-01
1.281250000000000000e+00
-1.226562500000000000e+00
-2.234375000000000000e+00
2.140625000000000000e+00
1.585937500000000000e+00
-5.898437500000000000e-01
2.078125000000000000e+00
2.609375000000000000e+00
2.197265625000000000e-01
1.929687500000000000e+00
-1.476562500000000000e+00
1.226562500000000000e+00
4.062500000000000000e-01
-1.445312500000000000e+00
-1.070312500000000000e+00
1.960937500000000000e+00
8.867187500000000000e-01
-1.865234375000000000e-01
