4.325000000000000000e+01
-2.390625000000000000e+00
-7.593750000000000000e+00
1.318750000000000000e+01
-2.140625000000000000e+00
-3.828125000000000000e+00
6.406250000000000000e+00
9.437500000000000000e+00
-3.671875000000000000e+00
-2.609375000000000000e+00
8.250000000000000000e+00
4.000000000000000000e+00
3.671875000000000000e+00
2.359375000000000000e+00
1.206250000000000000e+01
7.625000000000000000e+00
-9.812500000000000000e+00
9.187500000000000000e+00
3.775000000000000000e+01
-5.195312500000000000e-01
-3.500000000000000000e+00
-9.375000000000000000e-01
2.300000000000000000e+01
-2.562500000000000000e+00
1.068750000000000000e+01
9.625000000000000000e+00
2.037500000000000000e+01
-1.468750000000000000e+00
2.625000000000000000e+00
-7.500000000000000000e+00
2.212500000000000000e+01
-1.100000000000000000e+01
1.431250000000000000e+01
-6.968750000000000000e+00
-1.968750000000000000e+00
-2.890625000000000000e+00
-1.500000000000000000e+00
1.171875000000000000e+00
9.812500000000000000e+00
-5.468750000000000000e+00
-2.734375000000000000e+00
2.062500000000000000e+01
4.468750000000000000e+00
-5.593750000000000000e+00
-2.125000000000000000e+00
3.328125000000000000e+00
2.671875000000000000e+00
-3.687500000000000000e+00
-1.687500000000000000e+00
2.137500000000000000e+01
8.398437500000000000e-01
-1.820312500000000000e+00
-4.406250000000000000e+00
-6.843750000000000000e+00
1.518750000000000000e+01
2.837500000000000000e+01
-8.312500000000000000e+00
3.925000000000000000e+01
2.171875000000000000e+00
8.000000000000000000e+00
-1.726562500000000000e+00
2.640625000000000000e+00
2.171875000000000000e+00
1.493750000000000000e+01
5.000000000000000000e+00
-4.593750000000000000e+00
2.000000000000000000e+01
-3.671875000000000000e+00
8.085937500000000000e-01
-7.000000000000000000e+00
-1.382812500000000000e+00
6.718750000000000000e-01
1.250000000000000000e+00
-1.075000000000000000e+01
-3.828125000000000000e+00
-1.375000000000000000e+01
1.400000000000000000e+01
3.234375000000000000e+00
1.268750000000000000e+01
3.250000000000000000e+00
3.953125000000000000e+00
1.006250000000000000e+01
-4.093750000000000000e+00
-2.265625000000000000e+00
-1.100000000000000000e+01
-1.695312500000000000e+00
3.037500000000000000e+01
1.800000000000000000e+01
7.843750000000000000e+00
-1.437500000000000000e+00
-2.171875000000000000e+00
-4.785156250000000000e-01
-1.293750000000000000e+01
1.320312500000000000e+00
-8.500000000000000000e+00
-5.656250000000000000e+00
4.600000000000000000e+01
1.100000000000000000e+01
-1.726562500000000000e+00
2.910156250000000000e-01
2.737500000000000000e+01
-1.539062500000000000e+00
-6.406250000000000000e+00
2.000000000000000000e+00
2.437500000000000000e+01
1.506250000000000000e+01
-2.328125000000000000e+00
1.117187500000000000e+00
-1.468750000000000000e+00
-1.085937500000000000e+00
2.162500000000000000e+01
-6.343750000000000000e+00
-2.750000000000000000e+00
-2.671875000000000000e+00
-1.882812500000000000e+00
1.218750000000000000e+01
-1.937500000000000000e+01
-5.750000000000000000e+00
-1.492187500000000000e+00
-2.531250000000000000e+00
-6.843750000000000000e+00
-1.187500000000000000e+00
-6.093750000000000000e+00
8.937500000000000000e+00
-5.737304687500000000e-02
1.225000000000000000e+01
7.968750000000000000e+00
2.700000000000000000e+01
1.381250000000000000e+01
-3.691406250000000000e-01
-1.992187500000000000e+00
-1.081250000000000000e+01
6.656250000000000000e+00
-5.406250000000000000e+00
3.275000000000000000e+01
-3.453125000000000000e+00
-7.382812500000000000e-01
1.962500000000000000e+01
8.000000000000000000e+00
-6.406250000000000000e+00
7.812500000000000000e-01
-5.843750000000000000e+00
1.381250000000000000e+01
6.281250000000000000e+00
1.181250000000000000e+01
-3.671875000000000000e+00
3.137500000000000000e+01
-7.375000000000000000e+00
1.556250000000000000e+01
1.256250000000000000e+01
4.200000000000000000e+01
-3.703125000000000000e+00
-3.953125000000000000e+00
4.000000000000000000e+00
-1.757812500000000000e+00
2.762500000000000000e+01
-5.656250000000000000e+00
-9.843750000000000000e-01
-1.406250000000000000e+00
-5.125000000000000000e+00
5.429687500000000000e-01
1.231250000000000000e+01
8.250000000000000000e+00
2.187500000000000000e+01
8.945312500000000000e-01
2.237500000000000000e+01
-1.914062500000000000e+00
1.632812500000000000e+00
1.554687500000000000e+00
-6.906250000000000000e+00
3.359375000000000000e+00
-3.515625000000000000e-01
1.518750000000000000e+01
1.700000000000000000e+01
-1.992187500000000000e+00
1.450000000000000000e+01
2.312500000000000000e+00
6.406250000000000000e+00
-2.515625000000000000e+00
1.200000000000000000e+01
2.387500000000000000e+01
1.600000000000000000e+01
-6.593750000000000000e+00
-1.523437500000000000e+00
-6.250000000000000000e+00
2.637500000000000000e+01
5.406250000000000000e+00
1.335937500000000000e+00
-3.546875000000000000e+00
3.890625000000000000e+00
1.100000000000000000e+01
-2.953125000000000000e+00
1.750000000000000000e+01
1.431250000000000000e+01
6.968750000000000000e+00
3.275000000000000000e+01
-3.457031250000000000e-01
3.675000000000000000e+01
-2.390625000000000000e+00
-1.085937500000000000e+00
1.585937500000000000e+00
3.012500000000000000e+01
-2.703125000000000000e+00
-6.468750000000000000e+00
1.812500000000000000e+00
2.262500000000000000e+01
-1.231250000000000000e+01
-4.000000000000000000e+00
1.300000000000000000e+01
1.662500000000000000e+01
-3.796875000000000000e+00
1.700000000000000000e+01
-2.406250000000000000e+00
2.796875000000000000e+00
-3.921875000000000000e+00
2.562500000000000000e+01
2.712500000000000000e+01
9.000000000000000000e+00
-1.475000000000000000e+01
3.825000000000000000e+01
-6.328125000000000000e-01
2.484375000000000000e+00
4.156250000000000000e+00
-1.992187500000000000e-01
2.737500000000000000e+01
-6.125000000000000000e+00
-2.460937500000000000e-01
-1.468750000000000000e+00
1.912500000000000000e+01
7.304687500000000000e-01
-3.812500000000000000e+00
3.775000000000000000e+01
3.475000000000000000e+01
-1.250000000000000000e+00
1.196289062500000000e-01
-1.179687500000000000e+00
-5.250000000000000000e+00
6.156250000000000000e+00
-7.656250000000000000e+00
-1.562500000000000000e+00
9.437500000000000000e+00
-1.179687500000000000e+00
-2.162500000000000000e+01
3.222656250000000000e-01
-6.250000000000000000e-01
-7.568359375000000000e-02
1.234375000000000000e+00
-9.726562500000000000e-01
3.247070312500000000e-02
-1.960937500000000000e+00
3.575000000000000000e+01
-6.656250000000000000e+00
3.825000000000000000e+01
-2.062500000000000000e+00
8.562500000000000000e+00
-2.187500000000000000e-01
-6.968750000000000000e+00
-1.018750000000000000e+01
-6.250000000000000000e+00
-7.593750000000000000e+00
-9.562500000000000000e+00
-6.218750000000000000e+00
-2.203125000000000000e+00
-2.078125000000000000e+00
-1.867187500000000000e+00
-7.773437500000000000e-01
-8.312500000000000000e+00
-1.235351562500000000e-01
2.125000000000000000e+00
-1.351562500000000000e+00
-1.242187500000000000e+00
3.125000000000000000e-02
-5.156250000000000000e+00
9.625000000000000000e+00
-1.437500000000000000e+00
2.062500000000000000e+01
1.712500000000000000e+01
3.625000000000000000e+01
8.937500000000000000e+00
1.837500000000000000e+01
1.293750000000000000e+01
-4.746093750000000000e-01
-3.734375000000000000e+00
-1.414062500000000000e+00
-1.976562500000000000e+00
1.357421875000000000e-01
1.100000000000000000e+01
7.093750000000000000e+00
-1.367187500000000000e+00
-6.156250000000000000e+00
2.203125000000000000e+00
7.875000000000000000e+00
-5.843750000000000000e+00
-3.261718750000000000e-01
-2.812500000000000000e+00
8.812500000000000000e+00
1.350000000000000000e+01
-4.468750000000000000e+00
1.281250000000000000e+01
2.406250000000000000e+00
6.718750000000000000e-01
-4.781250000000000000e+00
3.200000000000000000e+01
1.568750000000000000e+01
1.268750000000000000e+01
5.250000000000000000e+00
-4.140625000000000000e-01
3.050000000000000000e+01
-6.601562500000000000e-01
1.748046875000000000e-01
1.143750000000000000e+01
-3.578125000000000000e+00
-2.921875000000000000e+00
1.368750000000000000e+01
6.000000000000000000e+00
-8.187500000000000000e+00
-1.812500000000000000e+00
1.937500000000000000e+01
1.175000000000000000e+01
-2.671875000000000000e+00
-5.500000000000000000e+00
1.375000000000000000e+01
1.150000000000000000e+01
1.601562500000000000e+00
1.637500000000000000e+01
-6.843750000000000000e+00
1.156250000000000000e+00
-3.015625000000000000e+00
2.296875000000000000e+00
-8.750000000000000000e+00
3.953125000000000000e+00
5.218750000000000000e+00
7.093750000000000000e+00
1.460937500000000000e+00
-7.093750000000000000e+00
2.587500000000000000e+01
-5.156250000000000000e-01
3.775000000000000000e+01
9.187500000000000000e+00
-5.968750000000000000e+00
-1.726562500000000000e+00
1.175000000000000000e+01
9.937500000000000000e+00
1.318750000000000000e+01
-1.585937500000000000e+00
1.912500000000000000e+01
-4.968750000000000000e+00
-9.062500000000000000e+00
-2.187500000000000000e+00
6.593750000000000000e+00
-2.937500000000000000e+00
1.518750000000000000e+01
-5.593750000000000000e+00
2.312500000000000000e+01
-3.828125000000000000e+00
1.368750000000000000e+01
-1.006250000000000000e+01
1.812500000000000000e+01
-5.656250000000000000e+00
2.187500000000000000e+01
-1.585937500000000000e+00
-8.593750000000000000e-01
2.362500000000000000e+01
1.750000000000000000e+01
3.171875000000000000e+00
-2.046875000000000000e+00
1.200000000000000000e+01
-1.273437500000000000e+00
-1.081250000000000000e+01
1.243750000000000000e+01
1.687500000000000000e+01
-2.359375000000000000e+00
7.250000000000000000e+00
2.950000000000000000e+01
-5.593750000000000000e+00
9.750000000000000000e+00
-6.656250000000000000e+00
4.343750000000000000e+00
1.054687500000000000e-01
-2.080078125000000000e-01
-9.000000000000000000e+00
1.375000000000000000e+01
-7.250000000000000000e+00
2.962500000000000000e+01
