3.375000000000000000e+01
-1.539062500000000000e+00
-7.250000000000000000e+00
1.118750000000000000e+01
-1.835937500000000000e+00
-2.250000000000000000e+00
6.218750000000000000e+00
7.718750000000000000e+00
-3.453125000000000000e+00
-2.546875000000000000e+00
7.593750000000000000e+00
4.125000000000000000e+00
4.125000000000000000e+00
2.375000000000000000e+00
1.043750000000000000e+01
6.906250000000000000e+00
-9.687500000000000000e+00
8.000000000000000000e+00
2.962500000000000000e+01
-8.398437500000000000e-01
-2.984375000000000000e+00
-9.814453125000000000e-02
1.493750000000000000e+01
-3.328125000000000000e+00
9.312500000000000000e+00
8.250000000000000000e+00
1.393750000000000000e+01
-1.054687500000000000e+00
2.140625000000000000e+00
-6.750000000000000000e+00
1.850000000000000000e+01
-9.187500000000000000e+00
1.231250000000000000e+01
-5.906250000000000000e+00
-1.218750000000000000e+00
-2.484375000000000000e+00
-1.312500000000000000e+00
8.867187500000000000e-01
7.906250000000000000e+00
-5.375000000000000000e+00
-1.937500000000000000e+00
1.762500000000000000e+01
4.781250000000000000e+00
-5.406250000000000000e+00
-1.750000000000000000e+00
3.671875000000000000e+00
2.484375000000000000e+00
-2.750000000000000000e+00
-1.148437500000000000e+00
1.712500000000000000e+01
-3.515625000000000000e-02
-1.937500000000000000e+00
-2.937500000000000000e+00
-6.593750000000000000e+00
1.300000000000000000e+01
2.212500000000000000e+01
-6.875000000000000000e+00
2.862500000000000000e+01
2.203125000000000000e+00
7.125000000000000000e+00
-2.140625000000000000e+00
3.187500000000000000e+00
1.648437500000000000e+00
1.331250000000000000e+01
5.312500000000000000e+00
-3.671875000000000000e+00
1.650000000000000000e+01
-2.640625000000000000e+00
5.937500000000000000e-01
-4.031250000000000000e+00
-1.789062500000000000e+00
2.390625000000000000e+00
9.375000000000000000e-01
-9.562500000000000000e+00
-1.968750000000000000e+00
-1.218750000000000000e+01
1.256250000000000000e+01
3.625000000000000000e+00
1.181250000000000000e+01
3.078125000000000000e+00
4.343750000000000000e+00
8.812500000000000000e+00
-3.312500000000000000e+00
-2.359375000000000000e+00
-1.018750000000000000e+01
-4.394531250000000000e-01
2.362500000000000000e+01
1.493750000000000000e+01
6.750000000000000000e+00
-1.695312500000000000e+00
-2.046875000000000000e+00
1.101562500000000000e+00
-1.275000000000000000e+01
8.632812500000000000e-01
-7.125000000000000000e+00
-5.500000000000000000e+00
3.700000000000000000e+01
9.500000000000000000e+00
-3.457031250000000000e-01
1.179687500000000000e+00
2.187500000000000000e+01
-1.585937500000000000e+00
-6.875000000000000000e+00
2.125000000000000000e+00
2.000000000000000000e+01
1.350000000000000000e+01
-1.585937500000000000e+00
1.710937500000000000e+00
-1.539062500000000000e+00
-1.289062500000000000e+00
1.837500000000000000e+01
-4.625000000000000000e+00
-1.820312500000000000e+00
-3.296875000000000000e+00
-2.015625000000000000e+00
1.168750000000000000e+01
-1.531250000000000000e+01
-5.593750000000000000e+00
-1.507812500000000000e+00
-2.046875000000000000e+00
-6.375000000000000000e+00
-1.046875000000000000e+00
-4.968750000000000000e+00
8.500000000000000000e+00
1.164062500000000000e+00
9.875000000000000000e+00
7.531250000000000000e+00
2.237500000000000000e+01
1.200000000000000000e+01
5.585937500000000000e-01
-7.187500000000000000e-01
-8.250000000000000000e+00
6.343750000000000000e+00
-4.781250000000000000e+00
2.300000000000000000e+01
-3.750000000000000000e+00
-8.085937500000000000e-01
1.637500000000000000e+01
7.750000000000000000e+00
-5.593750000000000000e+00
8.906250000000000000e-01
-3.578125000000000000e+00
1.256250000000000000e+01
5.781250000000000000e+00
1.075000000000000000e+01
-3.453125000000000000e+00
2.537500000000000000e+01
-6.000000000000000000e+00
1.331250000000000000e+01
1.150000000000000000e+01
3.225000000000000000e+01
-3.078125000000000000e+00
-3.703125000000000000e+00
3.453125000000000000e+00
-1.437500000000000000e+00
2.037500000000000000e+01
-4.781250000000000000e+00
-1.375000000000000000e+00
-1.140625000000000000e+00
-4.093750000000000000e+00
3.300781250000000000e-01
8.812500000000000000e+00
6.968750000000000000e+00
1.450000000000000000e+01
1.015625000000000000e+00
1.862500000000000000e+01
-2.296875000000000000e+00
1.351562500000000000e+00
1.914062500000000000e+00
-6.531250000000000000e+00
3.828125000000000000e+00
-1.507812500000000000e+00
1.375000000000000000e+01
1.456250000000000000e+01
-1.304687500000000000e+00
1.281250000000000000e+01
1.851562500000000000e+00
6.500000000000000000e+00
-2.109375000000000000e+00
1.031250000000000000e+01
1.862500000000000000e+01
1.381250000000000000e+01
-5.031250000000000000e+00
-1.523437500000000000e+00
-3.375000000000000000e+00
2.200000000000000000e+01
5.281250000000000000e+00
1.351562500000000000e+00
-1.625000000000000000e+00
3.828125000000000000e+00
9.687500000000000000e+00
-2.703125000000000000e+00
1.406250000000000000e+01
1.281250000000000000e+01
6.593750000000000000e+00
2.500000000000000000e+01
-1.147460937500000000e-01
2.737500000000000000e+01
-1.812500000000000000e+00
-1.218750000000000000e+00
1.750000000000000000e+00
2.362500000000000000e+01
-1.835937500000000000e+00
-4.625000000000000000e+00
1.742187500000000000e+00
1.812500000000000000e+01
-1.018750000000000000e+01
-3.421875000000000000e+00
1.131250000000000000e+01
1.350000000000000000e+01
-3.453125000000000000e+00
1.400000000000000000e+01
-2.296875000000000000e+00
3.250000000000000000e+00
-3.000000000000000000e+00
2.162500000000000000e+01
2.137500000000000000e+01
8.750000000000000000e+00
-9.875000000000000000e+00
2.862500000000000000e+01
-1.273437500000000000e+00
2.515625000000000000e+00
4.062500000000000000e+00
-3.222656250000000000e-01
1.937500000000000000e+01
-5.406250000000000000e+00
-6.523437500000000000e-01
-1.414062500000000000e+00
1.450000000000000000e+01
2.203125000000000000e+00
-3.828125000000000000e+00
2.987500000000000000e+01
2.662500000000000000e+01
-6.562500000000000000e-01
4.121093750000000000e-01
-1.070312500000000000e+00
-4.000000000000000000e+00
6.468750000000000000e+00
-7.468750000000000000e+00
-1.328125000000000000e+00
9.250000000000000000e+00
-1.187500000000000000e+00
-1.850000000000000000e+01
1.726562500000000000e+00
-1.137695312500000000e-01
-4.433593750000000000e-01
1.976562500000000000e+00
-5.625000000000000000e-01
-3.183593750000000000e-01
-1.742187500000000000e+00
2.562500000000000000e+01
-6.093750000000000000e+00
3.050000000000000000e+01
-2.187500000000000000e+00
7.843750000000000000e+00
1.242187500000000000e+00
-6.000000000000000000e+00
-9.000000000000000000e+00
-4.531250000000000000e+00
-6.000000000000000000e+00
-8.000000000000000000e+00
-5.968750000000000000e+00
-2.296875000000000000e+00
-1.273437500000000000e+00
-1.118164062500000000e-01
-3.359375000000000000e-01
-7.375000000000000000e+00
-4.863281250000000000e-01
1.414062500000000000e+00
-1.398437500000000000e+00
-1.570312500000000000e+00
3.984375000000000000e-01
-4.562500000000000000e+00
8.562500000000000000e+00
-1.812500000000000000e+00
1.431250000000000000e+01
1.431250000000000000e+01
2.762500000000000000e+01
8.312500000000000000e+00
1.543750000000000000e+01
1.118750000000000000e+01
-6.523437500000000000e-01
-2.875000000000000000e+00
-1.687500000000000000e+00
-9.492187500000000000e-01
2.343750000000000000e-02
8.750000000000000000e+00
6.500000000000000000e+00
-1.773437500000000000e+00
-5.781250000000000000e+00
2.703125000000000000e+00
7.343750000000000000e+00
-6.343750000000000000e+00
9.335937500000000000e-01
-2.687500000000000000e+00
8.062500000000000000e+00
1.100000000000000000e+01
-3.578125000000000000e+00
1.043750000000000000e+01
2.812500000000000000e+00
1.101562500000000000e+00
-3.578125000000000000e+00
2.637500000000000000e+01
1.368750000000000000e+01
1.056250000000000000e+01
5.656250000000000000e+00
-8.242187500000000000e-01
2.300000000000000000e+01
-3.964843750000000000e-01
-2.177734375000000000e-01
9.750000000000000000e+00
-2.796875000000000000e+00
-5.195312500000000000e-01
1.175000000000000000e+01
5.843750000000000000e+00
-7.156250000000000000e+00
-1.757812500000000000e+00
1.581250000000000000e+01
9.812500000000000000e+00
-2.750000000000000000e+00
-5.312500000000000000e+00
1.131250000000000000e+01
1.075000000000000000e+01
1.937500000000000000e+00
1.106250000000000000e+01
-5.906250000000000000e+00
7.695312500000000000e-01
-1.976562500000000000e+00
2.531250000000000000e+00
-7.906250000000000000e+00
3.953125000000000000e+00
5.406250000000000000e+00
6.750000000000000000e+00
2.125000000000000000e+00
-7.000000000000000000e+00
1.712500000000000000e+01
-1.748046875000000000e-01
2.812500000000000000e+01
6.406250000000000000e+00
-4.343750000000000000e+00
-1.812500000000000000e+00
1.056250000000000000e+01
8.562500000000000000e+00
1.081250000000000000e+01
-1.789062500000000000e+00
1.637500000000000000e+01
-3.140625000000000000e+00
-6.843750000000000000e+00
-2.062500000000000000e+00
4.000000000000000000e+00
-2.640625000000000000e+00
1.218750000000000000e+01
-4.343750000000000000e+00
1.862500000000000000e+01
-3.812500000000000000e+00
1.000000000000000000e+01
-8.250000000000000000e+00
1.350000000000000000e+01
-4.531250000000000000e+00
1.381250000000000000e+01
-1.710937500000000000e+00
-1.164062500000000000e+00
1.662500000000000000e+01
1.468750000000000000e+01
3.546875000000000000e+00
-1.937500000000000000e+00
9.687500000000000000e+00
-2.031250000000000000e+00
-9.375000000000000000e+00
1.081250000000000000e+01
1.418750000000000000e+01
-2.015625000000000000e+00
6.906250000000000000e+00
2.400000000000000000e+01
-4.562500000000000000e+00
8.937500000000000000e+00
-4.906250000000000000e+00
4.281250000000000000e+00
9.531250000000000000e-01
-9.960937500000000000e-01
-7.843750000000000000e+00
1.168750000000000000e+01
-7.281250000000000000e+00
2.262500000000000000e+01
