1.540000000000000000e+02
-1.131250000000000000e+01
-1.912500000000000000e+01
4.025000000000000000e+01
-8.437500000000000000e+00
-1.350000000000000000e+01
1.637500000000000000e+01
3.100000000000000000e+01
-1.131250000000000000e+01
-6.250000000000000000e+00
2.162500000000000000e+01
5.531250000000000000e+00
3.750000000000000000e+00
6.125000000000000000e+00
3.625000000000000000e+01
2.187500000000000000e+01
-2.537500000000000000e+01
2.662500000000000000e+01
1.350000000000000000e+02
-1.015625000000000000e+00
-1.181250000000000000e+01
-4.406250000000000000e+00
1.035000000000000000e+02
-7.250000000000000000e+00
3.037500000000000000e+01
3.137500000000000000e+01
9.050000000000000000e+01
-9.937500000000000000e+00
1.523437500000000000e+00
-2.162500000000000000e+01
7.150000000000000000e+01
-2.850000000000000000e+01
4.125000000000000000e+01
-1.912500000000000000e+01
-6.523437500000000000e-01
-1.218750000000000000e+01
-3.000000000000000000e+00
7.275390625000000000e-02
3.425000000000000000e+01
-1.750000000000000000e+01
-1.493750000000000000e+01
6.450000000000000000e+01
2.392578125000000000e-01
-1.662500000000000000e+01
-8.687500000000000000e+00
6.906250000000000000e+00
5.656250000000000000e+00
-2.150000000000000000e+01
-8.312500000000000000e+00
7.400000000000000000e+01
-1.875000000000000000e+00
-3.687500000000000000e+00
-1.518750000000000000e+01
-1.568750000000000000e+01
4.475000000000000000e+01
1.025000000000000000e+02
-3.137500000000000000e+01
1.510000000000000000e+02
-2.421875000000000000e+00
2.337500000000000000e+01
-7.843750000000000000e+00
2.015625000000000000e+00
2.187500000000000000e+00
3.875000000000000000e+01
9.000000000000000000e+00
-2.062500000000000000e+01
6.650000000000000000e+01
-1.525000000000000000e+01
-9.187500000000000000e+00
-3.500000000000000000e+01
-1.648437500000000000e+00
-1.056250000000000000e+01
-3.078125000000000000e+00
-2.950000000000000000e+01
-1.800000000000000000e+01
-2.787500000000000000e+01
3.875000000000000000e+01
5.906250000000000000e+00
3.225000000000000000e+01
1.750000000000000000e+00
6.281250000000000000e+00
3.037500000000000000e+01
-1.318750000000000000e+01
-9.000000000000000000e+00
-2.612500000000000000e+01
-9.875000000000000000e+00
1.100000000000000000e+02
5.875000000000000000e+01
2.537500000000000000e+01
-5.375000000000000000e+00
-8.062500000000000000e+00
-2.050000000000000000e+01
-2.900000000000000000e+01
3.828125000000000000e-01
-2.387500000000000000e+01
-1.418750000000000000e+01
1.580000000000000000e+02
3.475000000000000000e+01
-5.500000000000000000e+00
-3.937500000000000000e+00
9.400000000000000000e+01
-8.000000000000000000e+00
-1.193750000000000000e+01
2.640625000000000000e+00
8.250000000000000000e+01
4.125000000000000000e+01
-4.625000000000000000e+00
-2.087402343750000000e-02
-5.718750000000000000e+00
-3.625000000000000000e+00
6.850000000000000000e+01
-1.812500000000000000e+01
-9.687500000000000000e+00
-7.843750000000000000e+00
-6.750000000000000000e+00
2.837500000000000000e+01
-6.450000000000000000e+01
-1.181250000000000000e+01
-8.312500000000000000e+00
-4.843750000000000000e+00
-1.393750000000000000e+01
-3.203125000000000000e+00
-1.950000000000000000e+01
2.300000000000000000e+01
-7.593750000000000000e+00
4.375000000000000000e+01
1.887500000000000000e+01
9.050000000000000000e+01
4.175000000000000000e+01
-8.437500000000000000e+00
-7.593750000000000000e+00
-3.900000000000000000e+01
1.637500000000000000e+01
-1.468750000000000000e+01
1.310000000000000000e+02
-1.043750000000000000e+01
-4.343750000000000000e+00
6.550000000000000000e+01
1.712500000000000000e+01
-1.581250000000000000e+01
-5.218505859375000000e-03
-1.762500000000000000e+01
4.075000000000000000e+01
1.825000000000000000e+01
3.225000000000000000e+01
-1.150000000000000000e+01
1.065000000000000000e+02
-2.162500000000000000e+01
4.675000000000000000e+01
3.600000000000000000e+01
1.470000000000000000e+02
-1.325000000000000000e+01
-8.812500000000000000e+00
1.762500000000000000e+01
-1.018750000000000000e+01
1.035000000000000000e+02
-1.687500000000000000e+01
-4.093750000000000000e+00
-5.281250000000000000e+00
-1.250000000000000000e+01
-1.710937500000000000e+00
4.425000000000000000e+01
2.337500000000000000e+01
9.350000000000000000e+01
-2.078125000000000000e+00
7.250000000000000000e+01
-5.000000000000000000e+00
-1.040039062500000000e-01
1.632812500000000000e+00
-1.662500000000000000e+01
4.656250000000000000e+00
-1.101562500000000000e+00
4.250000000000000000e+01
5.225000000000000000e+01
-1.500000000000000000e+01
4.175000000000000000e+01
1.617187500000000000e+00
1.418750000000000000e+01
-5.031250000000000000e+00
3.750000000000000000e+01
8.450000000000000000e+01
4.875000000000000000e+01
-2.912500000000000000e+01
-7.656250000000000000e+00
-3.450000000000000000e+01
8.600000000000000000e+01
1.193750000000000000e+01
1.937500000000000000e+00
-1.368750000000000000e+01
6.843750000000000000e+00
3.475000000000000000e+01
-8.000000000000000000e+00
5.925000000000000000e+01
3.925000000000000000e+01
1.787500000000000000e+01
1.220000000000000000e+02
4.042968750000000000e-01
1.430000000000000000e+02
-7.500000000000000000e+00
-5.000000000000000000e+00
3.125000000000000000e+00
1.080000000000000000e+02
-6.718750000000000000e+00
-1.762500000000000000e+01
-2.234375000000000000e+00
7.850000000000000000e+01
-3.900000000000000000e+01
-1.550000000000000000e+01
3.675000000000000000e+01
5.475000000000000000e+01
-9.312500000000000000e+00
5.475000000000000000e+01
-8.687500000000000000e+00
5.781250000000000000e+00
-7.156250000000000000e+00
8.050000000000000000e+01
9.150000000000000000e+01
2.337500000000000000e+01
-5.925000000000000000e+01
1.440000000000000000e+02
-2.578125000000000000e+00
-2.296875000000000000e+00
9.562500000000000000e+00
-3.828125000000000000e+00
1.100000000000000000e+02
-1.450000000000000000e+01
-3.703125000000000000e+00
-1.150000000000000000e+01
7.400000000000000000e+01
-3.125000000000000000e+00
-1.106250000000000000e+01
1.290000000000000000e+02
1.275000000000000000e+02
-9.094238281250000000e-03
-3.187500000000000000e+00
-6.156250000000000000e+00
-2.087500000000000000e+01
1.550000000000000000e+01
-1.700000000000000000e+01
-2.546875000000000000e+00
1.887500000000000000e+01
-3.625000000000000000e+00
-6.000000000000000000e+01
-4.906250000000000000e+00
-6.250000000000000000e+00
-1.960937500000000000e+00
-1.242187500000000000e+00
-6.125000000000000000e+00
-2.000000000000000000e+00
-8.750000000000000000e+00
1.430000000000000000e+02
-1.450000000000000000e+01
1.290000000000000000e+02
-6.000000000000000000e+00
2.350000000000000000e+01
-2.484375000000000000e+00
-1.662500000000000000e+01
-2.900000000000000000e+01
-1.787500000000000000e+01
-2.137500000000000000e+01
-2.862500000000000000e+01
-2.300000000000000000e+01
-3.921875000000000000e+00
-1.068750000000000000e+01
-2.000000000000000000e+01
-7.226562500000000000e-01
-1.912500000000000000e+01
-2.828125000000000000e+00
5.742187500000000000e-01
-6.750000000000000000e+00
-1.150000000000000000e+01
-3.578125000000000000e+00
-1.300000000000000000e+01
2.512500000000000000e+01
-3.875000000000000000e+00
8.250000000000000000e+01
5.275000000000000000e+01
1.350000000000000000e+02
2.262500000000000000e+01
5.925000000000000000e+01
3.900000000000000000e+01
-6.750000000000000000e+00
-2.600000000000000000e+01
-2.812500000000000000e+00
-1.518750000000000000e+01
-2.296875000000000000e+00
3.825000000000000000e+01
2.012500000000000000e+01
-2.046875000000000000e+00
-1.243750000000000000e+01
2.234375000000000000e+00
2.100000000000000000e+01
-1.250000000000000000e+01
-1.662500000000000000e+01
-8.687500000000000000e+00
2.237500000000000000e+01
4.600000000000000000e+01
-2.250000000000000000e+01
4.075000000000000000e+01
-4.812500000000000000e+00
3.242187500000000000e-01
-1.506250000000000000e+01
1.065000000000000000e+02
4.675000000000000000e+01
4.050000000000000000e+01
9.687500000000000000e+00
-1.851562500000000000e+00
1.135000000000000000e+02
-1.632812500000000000e+00
-7.906250000000000000e+00
3.625000000000000000e+01
-1.343750000000000000e+01
-2.237500000000000000e+01
4.225000000000000000e+01
1.368750000000000000e+01
-2.062500000000000000e+01
-6.500000000000000000e+00
6.325000000000000000e+01
3.775000000000000000e+01
-7.656250000000000000e+00
-1.231250000000000000e+01
4.675000000000000000e+01
3.137500000000000000e+01
1.648437500000000000e+00
6.900000000000000000e+01
-1.650000000000000000e+01
1.669921875000000000e-01
-2.012500000000000000e+01
3.625000000000000000e+00
-1.887500000000000000e+01
7.250000000000000000e+00
7.906250000000000000e+00
1.825000000000000000e+01
-1.043701171875000000e-02
-1.450000000000000000e+01
1.145000000000000000e+02
-8.812500000000000000e+00
1.400000000000000000e+02
3.162500000000000000e+01
-2.112500000000000000e+01
-2.750000000000000000e+00
3.425000000000000000e+01
2.612500000000000000e+01
4.175000000000000000e+01
-5.125000000000000000e+00
5.775000000000000000e+01
-2.137500000000000000e+01
-2.950000000000000000e+01
-8.687500000000000000e+00
2.362500000000000000e+01
-1.118750000000000000e+01
5.175000000000000000e+01
-1.712500000000000000e+01
7.950000000000000000e+01
-1.300000000000000000e+01
4.800000000000000000e+01
-2.800000000000000000e+01
6.950000000000000000e+01
-2.062500000000000000e+01
9.800000000000000000e+01
-6.625000000000000000e+00
-4.312500000000000000e+00
9.550000000000000000e+01
5.725000000000000000e+01
4.468750000000000000e+00
-8.937500000000000000e+00
4.325000000000000000e+01
-2.171875000000000000e+00
-2.562500000000000000e+01
3.700000000000000000e+01
5.525000000000000000e+01
-1.100000000000000000e+01
1.925000000000000000e+01
1.015000000000000000e+02
-1.393750000000000000e+01
2.637500000000000000e+01
-2.662500000000000000e+01
7.843750000000000000e+00
-2.828125000000000000e+00
-1.750000000000000000e+00
-2.162500000000000000e+01
4.125000000000000000e+01
-1.662500000000000000e+01
1.065000000000000000e+02
