5.075000000000000000e+01
-4.062500000000000000e+00
-7.906250000000000000e+00
1.525000000000000000e+01
-3.750000000000000000e+00
-5.656250000000000000e+00
7.093750000000000000e+00
1.118750000000000000e+01
-4.843750000000000000e+00
-2.687500000000000000e+00
9.250000000000000000e+00
4.218750000000000000e+00
3.671875000000000000e+00
2.546875000000000000e+00
1.375000000000000000e+01
8.937500000000000000e+00
-1.131250000000000000e+01
1.068750000000000000e+01
4.475000000000000000e+01
-5.273437500000000000e-01
-4.875000000000000000e+00
-1.601562500000000000e+00
2.800000000000000000e+01
-1.804687500000000000e+00
1.243750000000000000e+01
1.081250000000000000e+01
2.462500000000000000e+01
-2.500000000000000000e+00
2.671875000000000000e+00
-8.437500000000000000e+00
2.587500000000000000e+01
-1.300000000000000000e+01
1.637500000000000000e+01
-8.750000000000000000e+00
-2.531250000000000000e+00
-3.046875000000000000e+00
-2.359375000000000000e+00
8.281250000000000000e-01
1.168750000000000000e+01
-5.250000000000000000e+00
-4.468750000000000000e+00
2.362500000000000000e+01
4.125000000000000000e+00
-5.500000000000000000e+00
-3.546875000000000000e+00
3.312500000000000000e+00
2.953125000000000000e+00
-4.968750000000000000e+00
-2.421875000000000000e+00
2.500000000000000000e+01
1.132812500000000000e+00
-1.789062500000000000e+00
-5.343750000000000000e+00
-7.000000000000000000e+00
1.737500000000000000e+01
3.325000000000000000e+01
-1.056250000000000000e+01
4.625000000000000000e+01
1.414062500000000000e+00
9.125000000000000000e+00
-2.265625000000000000e+00
2.421875000000000000e+00
2.281250000000000000e+00
1.575000000000000000e+01
5.031250000000000000e+00
-5.625000000000000000e+00
2.312500000000000000e+01
-6.343750000000000000e+00
-2.226562500000000000e-01
-9.375000000000000000e+00
-1.273437500000000000e+00
-1.679687500000000000e+00
8.750000000000000000e-01
-1.181250000000000000e+01
-5.375000000000000000e+00
-1.506250000000000000e+01
1.550000000000000000e+01
2.953125000000000000e+00
1.368750000000000000e+01
3.328125000000000000e+00
3.937500000000000000e+00
1.175000000000000000e+01
-5.218750000000000000e+00
-1.851562500000000000e+00
-1.106250000000000000e+01
-2.875000000000000000e+00
3.600000000000000000e+01
2.087500000000000000e+01
9.187500000000000000e+00
-2.390625000000000000e+00
-2.265625000000000000e+00
-1.664062500000000000e+00
-1.343750000000000000e+01
1.476562500000000000e+00
-9.812500000000000000e+00
-7.531250000000000000e+00
5.325000000000000000e+01
1.293750000000000000e+01
-2.765625000000000000e+00
-3.125000000000000000e-01
3.187500000000000000e+01
-1.656250000000000000e+00
-6.250000000000000000e+00
2.000000000000000000e+00
2.850000000000000000e+01
1.637500000000000000e+01
-3.390625000000000000e+00
6.523437500000000000e-01
-1.500000000000000000e+00
-1.070312500000000000e+00
2.487500000000000000e+01
-7.093750000000000000e+00
-3.375000000000000000e+00
-3.937500000000000000e+00
-2.796875000000000000e+00
1.306250000000000000e+01
-2.300000000000000000e+01
-5.875000000000000000e+00
-1.289062500000000000e+00
-2.921875000000000000e+00
-8.187500000000000000e+00
-1.148437500000000000e+00
-6.843750000000000000e+00
9.562500000000000000e+00
-8.242187500000000000e-01
1.450000000000000000e+01
8.562500000000000000e+00
3.162500000000000000e+01
1.550000000000000000e+01
-9.101562500000000000e-01
-2.625000000000000000e+00
-1.193750000000000000e+01
7.250000000000000000e+00
-5.656250000000000000e+00
4.075000000000000000e+01
-3.062500000000000000e+00
-1.242187500000000000e+00
2.262500000000000000e+01
8.437500000000000000e+00
-8.687500000000000000e+00
1.304687500000000000e+00
-6.843750000000000000e+00
1.568750000000000000e+01
7.156250000000000000e+00
1.306250000000000000e+01
-5.156250000000000000e+00
3.600000000000000000e+01
-9.062500000000000000e+00
1.775000000000000000e+01
1.425000000000000000e+01
4.900000000000000000e+01
-5.843750000000000000e+00
-4.093750000000000000e+00
4.812500000000000000e+00
-2.578125000000000000e+00
3.225000000000000000e+01
-7.750000000000000000e+00
-1.164062500000000000e+00
-2.687500000000000000e+00
-5.750000000000000000e+00
5.234375000000000000e-01
1.475000000000000000e+01
9.625000000000000000e+00
2.700000000000000000e+01
6.914062500000000000e-01
2.600000000000000000e+01
-2.015625000000000000e+00
2.078125000000000000e+00
1.289062500000000000e+00
-7.375000000000000000e+00
3.296875000000000000e+00
2.431640625000000000e-01
1.687500000000000000e+01
1.937500000000000000e+01
-2.984375000000000000e+00
1.612500000000000000e+01
2.578125000000000000e+00
6.656250000000000000e+00
-3.328125000000000000e+00
1.400000000000000000e+01
2.762500000000000000e+01
1.837500000000000000e+01
-7.468750000000000000e+00
-2.078125000000000000e+00
-8.812500000000000000e+00
3.100000000000000000e+01
5.875000000000000000e+00
1.625000000000000000e+00
-6.750000000000000000e+00
4.093750000000000000e+00
1.243750000000000000e+01
-3.484375000000000000e+00
2.037500000000000000e+01
1.581250000000000000e+01
7.843750000000000000e+00
3.800000000000000000e+01
-4.589843750000000000e-01
4.400000000000000000e+01
-2.703125000000000000e+00
-6.210937500000000000e-01
1.726562500000000000e+00
3.475000000000000000e+01
-2.937500000000000000e+00
-8.187500000000000000e+00
1.531250000000000000e+00
2.650000000000000000e+01
-1.400000000000000000e+01
-4.156250000000000000e+00
1.475000000000000000e+01
1.900000000000000000e+01
-4.031250000000000000e+00
2.000000000000000000e+01
-3.421875000000000000e+00
2.656250000000000000e+00
-5.156250000000000000e+00
2.900000000000000000e+01
3.100000000000000000e+01
9.562500000000000000e+00
-1.912500000000000000e+01
4.475000000000000000e+01
-4.062500000000000000e-01
1.757812500000000000e+00
4.656250000000000000e+00
-3.417968750000000000e-01
3.200000000000000000e+01
-6.500000000000000000e+00
-4.531250000000000000e-01
-1.625000000000000000e+00
2.237500000000000000e+01
-7.968750000000000000e-01
-3.796875000000000000e+00
4.400000000000000000e+01
4.125000000000000000e+01
-1.812500000000000000e+00
-6.757812500000000000e-01
-1.523437500000000000e+00
-9.812500000000000000e+00
6.093750000000000000e+00
-7.843750000000000000e+00
-1.179687500000000000e+00
9.687500000000000000e+00
-1.031250000000000000e+00
-2.462500000000000000e+01
-1.507812500000000000e+00
-5.468750000000000000e-01
2.734375000000000000e-01
1.320312500000000000e+00
-1.812500000000000000e+00
3.125000000000000000e-02
-2.203125000000000000e+00
4.175000000000000000e+01
-6.968750000000000000e+00
4.400000000000000000e+01
-2.796875000000000000e+00
9.687500000000000000e+00
-1.210937500000000000e+00
-8.187500000000000000e+00
-1.093750000000000000e+01
-7.093750000000000000e+00
-9.687500000000000000e+00
-1.281250000000000000e+01
-6.000000000000000000e+00
-2.687500000000000000e+00
-3.421875000000000000e+00
-3.421875000000000000e+00
-1.062500000000000000e+00
-9.312500000000000000e+00
6.523132324218750000e-04
2.312500000000000000e+00
-7.382812500000000000e-01
-9.882812500000000000e-01
-3.964843750000000000e-01
-5.531250000000000000e+00
1.068750000000000000e+01
-1.898437500000000000e+00
2.437500000000000000e+01
1.962500000000000000e+01
4.300000000000000000e+01
9.937500000000000000e+00
2.112500000000000000e+01
1.400000000000000000e+01
1.196289062500000000e-01
-4.843750000000000000e+00
-1.898437500000000000e+00
-3.703125000000000000e+00
-7.343750000000000000e-01
1.300000000000000000e+01
8.062500000000000000e+00
-1.468750000000000000e+00
-6.406250000000000000e+00
2.125000000000000000e+00
8.500000000000000000e+00
-5.875000000000000000e+00
-2.171875000000000000e+00
-4.375000000000000000e+00
9.437500000000000000e+00
1.575000000000000000e+01
-6.750000000000000000e+00
1.481250000000000000e+01
1.789062500000000000e+00
4.863281250000000000e-01
-5.500000000000000000e+00
3.700000000000000000e+01
1.812500000000000000e+01
1.443750000000000000e+01
5.156250000000000000e+00
-2.636718750000000000e-01
3.625000000000000000e+01
-9.062500000000000000e-01
-7.929687500000000000e-01
1.331250000000000000e+01
-3.796875000000000000e+00
-5.343750000000000000e+00
1.581250000000000000e+01
6.625000000000000000e+00
-8.937500000000000000e+00
-2.984375000000000000e+00
2.262500000000000000e+01
1.368750000000000000e+01
-2.265625000000000000e+00
-7.656250000000000000e+00
1.581250000000000000e+01
1.231250000000000000e+01
1.375000000000000000e+00
1.937500000000000000e+01
-7.531250000000000000e+00
1.062500000000000000e+00
-4.843750000000000000e+00
2.484375000000000000e+00
-1.043750000000000000e+01
3.984375000000000000e+00
4.968750000000000000e+00
7.656250000000000000e+00
1.242187500000000000e+00
-7.281250000000000000e+00
3.100000000000000000e+01
-1.132812500000000000e+00
4.375000000000000000e+01
1.100000000000000000e+01
-9.125000000000000000e+00
-1.468750000000000000e+00
1.325000000000000000e+01
1.050000000000000000e+01
1.506250000000000000e+01
-1.226562500000000000e+00
2.162500000000000000e+01
-6.656250000000000000e+00
-1.093750000000000000e+01
-2.234375000000000000e+00
8.500000000000000000e+00
-5.156250000000000000e+00
1.762500000000000000e+01
-6.000000000000000000e+00
2.687500000000000000e+01
-3.890625000000000000e+00
1.612500000000000000e+01
-1.156250000000000000e+01
2.062500000000000000e+01
-9.187500000000000000e+00
2.600000000000000000e+01
-1.382812500000000000e+00
-1.101562500000000000e+00
2.762500000000000000e+01
2.037500000000000000e+01
3.046875000000000000e+00
-2.015625000000000000e+00
1.381250000000000000e+01
-1.312500000000000000e+00
-1.118750000000000000e+01
1.418750000000000000e+01
1.975000000000000000e+01
-3.421875000000000000e+00
8.000000000000000000e+00
3.550000000000000000e+01
-5.375000000000000000e+00
1.100000000000000000e+01
-9.562500000000000000e+00
4.625000000000000000e+00
-8.750000000000000000e-01
2.080078125000000000e-01
-1.118750000000000000e+01
1.612500000000000000e+01
-8.437500000000000000e+00
3.475000000000000000e+01
