-1.773437500000000000e+00
3.105468750000000000e-01
-9.804687500000000000e-01
2.714843750000000000e-01
5.976562500000000000e-01
1.281250000000000000e+00
1.298828125000000000e-01
1.040039062500000000e-01
-2.304687500000000000e-01
-1.300048828125000000e-02
3.281250000000000000e-01
2.099609375000000000e-01
7.851562500000000000e-01
-1.904296875000000000e-01
-2.609252929687500000e-03
-2.314453125000000000e-01
1.257812500000000000e+00
2.343750000000000000e-02
3.417968750000000000e-01
-1.437500000000000000e+00
8.447265625000000000e-02
3.265625000000000000e+00
-3.828125000000000000e+00
-5.078125000000000000e-02
1.513671875000000000e-01
-4.433593750000000000e-01
-1.468750000000000000e+00
7.343750000000000000e-01
-5.156250000000000000e-01
8.837890625000000000e-02
4.863281250000000000e-01
2.421875000000000000e+00
4.218750000000000000e-01
-1.156250000000000000e+00
-2.197265625000000000e-02
-2.392578125000000000e-01
2.000000000000000000e+00
-1.320312500000000000e+00
-2.187500000000000000e-01
-1.187500000000000000e+00
9.257812500000000000e-01
6.484375000000000000e-01
-2.812500000000000000e-01
8.349609375000000000e-02
7.656250000000000000e-01
7.031250000000000000e-01
5.234375000000000000e-01
-8.320312500000000000e-01
1.429687500000000000e+00
3.691406250000000000e-01
-7.968750000000000000e-01
-6.289062500000000000e-01
2.312500000000000000e+00
5.976562500000000000e-01
2.929687500000000000e-01
3.515625000000000000e-02
-9.179687500000000000e-01
-3.078125000000000000e+00
2.636718750000000000e-01
-3.637695312500000000e-02
-1.648437500000000000e+00
3.691406250000000000e-01
-9.882812500000000000e-01
7.304687500000000000e-01
4.902343750000000000e-01
1.513671875000000000e-01
-1.171875000000000000e-01
-3.027343750000000000e-01
-4.531250000000000000e-01
-3.378906250000000000e-01
8.056640625000000000e-02
1.298828125000000000e-01
-4.453125000000000000e-01
-1.773437500000000000e+00
2.046875000000000000e+00
1.250000000000000000e+00
4.843750000000000000e-01
7.226562500000000000e-01
3.261718750000000000e-01
1.318359375000000000e-01
1.562500000000000000e+00
1.718750000000000000e-01
-3.906250000000000000e-01
3.906250000000000000e-02
-1.710937500000000000e+00
9.492187500000000000e-01
-1.992187500000000000e-01
1.796875000000000000e-01
6.500244140625000000e-03
5.351562500000000000e-01
-8.437500000000000000e-01
-7.275390625000000000e-02
1.376953125000000000e-01
-9.023437500000000000e-01
2.218750000000000000e+00
5.781250000000000000e-01
-1.312500000000000000e+00
7.958984375000000000e-02
-7.851562500000000000e-01
9.179687500000000000e-01
2.832031250000000000e-01
2.236328125000000000e-01
-7.812500000000000000e-03
1.648437500000000000e+00
6.289062500000000000e-01
4.707031250000000000e-01
-4.316406250000000000e-01
1.804687500000000000e+00
3.125000000000000000e-02
-1.414062500000000000e+00
3.515625000000000000e-01
-1.708984375000000000e-02
1.835937500000000000e+00
-8.203125000000000000e-02
4.687500000000000000e-01
3.964843750000000000e-01
2.375000000000000000e+00
-3.261718750000000000e-01
-1.015625000000000000e-01
1.591796875000000000e-01
-5.820312500000000000e-01
-1.591796875000000000e-01
3.417968750000000000e-01
1.835937500000000000e-01
1.242187500000000000e+00
3.393554687500000000e-02
5.664062500000000000e-01
6.640625000000000000e-01
2.470703125000000000e-01
3.359375000000000000e-01
1.937500000000000000e+00
2.949218750000000000e-01
2.265625000000000000e-01
-5.507812500000000000e-01
-5.820312500000000000e-01
-1.069335937500000000e-01
-9.179687500000000000e-01
-2.558593750000000000e-01
5.507812500000000000e-01
-1.375000000000000000e+00
-1.687500000000000000e+00
2.062500000000000000e+00
4.453125000000000000e-01
-1.069335937500000000e-01
3.378906250000000000e-01
7.148437500000000000e-01
-1.382812500000000000e+00
-1.437500000000000000e+00
2.988281250000000000e-01
3.417968750000000000e-01
-1.500000000000000000e+00
7.617187500000000000e-01
-3.144531250000000000e-01
-2.890625000000000000e-01
3.378906250000000000e-01
-2.812500000000000000e+00
-5.820312500000000000e-01
-7.226562500000000000e-01
6.562500000000000000e-01
-1.015625000000000000e+00
-1.054687500000000000e+00
-1.757812500000000000e+00
2.421875000000000000e-01
-9.179687500000000000e-01
-1.562500000000000000e+00
5.195312500000000000e-01
-2.060546875000000000e-01
1.367187500000000000e-02
1.945312500000000000e+00
5.781250000000000000e-01
-5.468750000000000000e-02
1.040039062500000000e-01
6.914062500000000000e-01
2.578125000000000000e-01
4.472656250000000000e-01
3.378906250000000000e-01
-8.554687500000000000e-01
1.320312500000000000e+00
2.140625000000000000e+00
2.158203125000000000e-01
-1.898437500000000000e+00
2.412109375000000000e-01
-1.376953125000000000e-01
-1.164062500000000000e+00
-4.394531250000000000e-01
9.257812500000000000e-01
2.031250000000000000e-01
3.359375000000000000e-01
-9.619140625000000000e-02
1.884765625000000000e-01
3.847656250000000000e-01
-5.507812500000000000e-01
2.753906250000000000e-01
5.468750000000000000e-01
-4.174804687500000000e-02
-2.343750000000000000e+00
4.824218750000000000e-01
-1.976562500000000000e+00
-6.679687500000000000e-01
3.339843750000000000e-01
2.158203125000000000e-01
-2.234375000000000000e+00
2.539062500000000000e-02
-4.394531250000000000e-01
8.710937500000000000e-01
3.457031250000000000e-01
-3.535156250000000000e-01
-1.562500000000000000e-01
4.956054687500000000e-02
-1.562500000000000000e-01
-1.039062500000000000e+00
2.597656250000000000e-01
4.609375000000000000e-01
8.476562500000000000e-01
-8.554687500000000000e-01
3.906250000000000000e-01
-1.234375000000000000e+00
6.494140625000000000e-02
-1.046875000000000000e+00
-2.453125000000000000e+00
1.818847656250000000e-02
9.023437500000000000e-01
-1.982421875000000000e-01
9.094238281250000000e-03
-3.062500000000000000e+00
-1.435546875000000000e-01
-1.007812500000000000e+00
2.373046875000000000e-01
-2.578125000000000000e+00
8.906250000000000000e-01
1.435546875000000000e-01
-1.367187500000000000e+00
-5.273437500000000000e-02
-3.203125000000000000e-01
-4.394531250000000000e-01
4.765625000000000000e-01
-1.648437500000000000e+00
2.031250000000000000e-01
-8.125000000000000000e-01
-4.550781250000000000e-01
3.984375000000000000e-01
1.906250000000000000e+00
2.250000000000000000e+00
-9.687500000000000000e-01
-1.718750000000000000e+00
-1.507812500000000000e+00
-1.726562500000000000e+00
1.982421875000000000e-01
-9.687500000000000000e-01
3.808593750000000000e-01
-3.296875000000000000e+00
-6.054687500000000000e-01
-1.218750000000000000e+00
2.910156250000000000e-01
2.753906250000000000e-01
7.343750000000000000e-01
-1.054687500000000000e+00
1.601562500000000000e-01
-5.156250000000000000e-01
-1.164062500000000000e+00
-1.406250000000000000e+00
-6.757812500000000000e-01
-2.832031250000000000e-01
-1.148437500000000000e+00
1.298828125000000000e-01
8.789062500000000000e-01
-8.125000000000000000e-01
-1.539062500000000000e+00
-7.851562500000000000e-01
1.562500000000000000e-01
6.523437500000000000e-01
-1.210937500000000000e+00
-7.304687500000000000e-01
3.125000000000000000e-01
-1.054687500000000000e-01
-5.078125000000000000e-01
3.671875000000000000e-01
-2.265625000000000000e+00
4.667968750000000000e-01
2.087402343750000000e-02
-8.789062500000000000e-01
-1.196289062500000000e-01
-4.472656250000000000e-01
5.742187500000000000e-01
3.593750000000000000e-01
-2.001953125000000000e-01
-1.147460937500000000e-01
1.171875000000000000e-01
-1.630859375000000000e-01
-9.570312500000000000e-01
7.304687500000000000e-01
1.196289062500000000e-01
-8.164062500000000000e-01
3.393554687500000000e-02
6.132812500000000000e-01
5.078125000000000000e-01
8.740234375000000000e-02
9.960937500000000000e-01
3.925781250000000000e-01
-1.794433593750000000e-02
1.492187500000000000e+00
1.382812500000000000e+00
-2.216796875000000000e-01
6.367187500000000000e-01
-3.105468750000000000e-01
1.382812500000000000e+00
1.533203125000000000e-01
-2.185058593750000000e-02
1.164062500000000000e+00
-8.320312500000000000e-01
-1.279296875000000000e-01
-1.007812500000000000e+00
-1.435546875000000000e-01
2.734375000000000000e-01
9.375000000000000000e-02
-1.468750000000000000e+00
5.664062500000000000e-01
5.468750000000000000e-02
8.837890625000000000e-02
-1.043701171875000000e-02
2.988281250000000000e-01
3.906250000000000000e-02
2.314453125000000000e-01
1.468750000000000000e+00
-3.000000000000000000e+00
-8.476562500000000000e-01
-1.500000000000000000e+00
1.242187500000000000e+00
2.968750000000000000e-01
-1.523437500000000000e+00
-2.294921875000000000e-01
3.164062500000000000e-01
8.125000000000000000e-01
1.875000000000000000e+00
-1.476562500000000000e+00
-1.320312500000000000e+00
7.460937500000000000e-01
-2.734375000000000000e+00
-2.015625000000000000e+00
5.625000000000000000e-01
1.171875000000000000e-01
4.218750000000000000e-01
-1.687500000000000000e+00
1.696777343750000000e-02
-7.812500000000000000e-03
4.863281250000000000e-01
-7.070312500000000000e-01
3.875000000000000000e+00
1.484375000000000000e-01
-7.851562500000000000e-01
9.257812500000000000e-01
-5.078125000000000000e-02
-3.222656250000000000e-01
-7.275390625000000000e-02
1.552734375000000000e-01
-1.960937500000000000e+00
2.390625000000000000e+00
-2.562500000000000000e+00
5.039062500000000000e-01
-2.625000000000000000e+00
3.808593750000000000e-01
-1.414062500000000000e+00
-3.375000000000000000e+00
3.417968750000000000e-01
5.117187500000000000e-01
-7.500000000000000000e-01
-1.298828125000000000e-01
5.039062500000000000e-01
-2.421875000000000000e+00
4.824218750000000000e-01
3.515625000000000000e-01
7.460937500000000000e-01
4.218750000000000000e-01
6.835937500000000000e-01
-6.367187500000000000e-01
9.375000000000000000e-02
-9.687500000000000000e-01
4.565429687500000000e-02
2.333984375000000000e-01
-3.691406250000000000e-01
-1.296875000000000000e+00
3.339843750000000000e-01
2.015625000000000000e+00
-1.804687500000000000e+00
