1.962500000000000000e+01
-1.265625000000000000e+00
-4.750000000000000000e+00
7.093750000000000000e+00
-1.179687500000000000e+00
3.613281250000000000e-01
4.718750000000000000e+00
5.343750000000000000e+00
-1.914062500000000000e+00
-1.617187500000000000e+00
5.250000000000000000e+00
2.437500000000000000e+00
3.453125000000000000e+00
1.507812500000000000e+00
6.531250000000000000e+00
4.843750000000000000e+00
-6.218750000000000000e+00
5.250000000000000000e+00
1.800000000000000000e+01
-2.375000000000000000e+00
-2.000000000000000000e+00
2.250000000000000000e+00
6.906250000000000000e+00
-1.664062500000000000e+00
5.843750000000000000e+00
5.000000000000000000e+00
7.156250000000000000e+00
-6.054687500000000000e-01
4.003906250000000000e-01
-3.890625000000000000e+00
1.131250000000000000e+01
-4.093750000000000000e+00
7.500000000000000000e+00
-3.296875000000000000e+00
-5.742187500000000000e-01
-1.929687500000000000e+00
8.164062500000000000e-01
-8.281250000000000000e-01
5.000000000000000000e+00
-4.562500000000000000e+00
-9.257812500000000000e-01
1.093750000000000000e+01
2.234375000000000000e+00
-2.875000000000000000e+00
-1.187500000000000000e+00
3.453125000000000000e+00
2.046875000000000000e+00
-2.140625000000000000e+00
4.121093750000000000e-01
1.050000000000000000e+01
-9.414062500000000000e-01
-1.257812500000000000e+00
8.984375000000000000e-02
-3.890625000000000000e+00
7.906250000000000000e+00
1.356250000000000000e+01
-5.531250000000000000e+00
1.600000000000000000e+01
7.382812500000000000e-01
4.406250000000000000e+00
-1.960937500000000000e+00
2.671875000000000000e+00
-1.875000000000000000e-01
9.000000000000000000e+00
4.031250000000000000e+00
-2.390625000000000000e+00
1.018750000000000000e+01
-2.421875000000000000e+00
-9.492187500000000000e-01
-1.820312500000000000e+00
-1.554687500000000000e+00
2.703125000000000000e+00
-8.945312500000000000e-01
-5.156250000000000000e+00
7.148437500000000000e-01
-6.750000000000000000e+00
8.375000000000000000e+00
3.328125000000000000e+00
7.843750000000000000e+00
1.992187500000000000e+00
4.531250000000000000e+00
5.750000000000000000e+00
-2.218750000000000000e+00
-1.648437500000000000e+00
-7.000000000000000000e+00
9.687500000000000000e-01
1.475000000000000000e+01
9.437500000000000000e+00
4.968750000000000000e+00
-1.335937500000000000e+00
-2.625000000000000000e+00
1.669921875000000000e-01
-8.562500000000000000e+00
-4.433593750000000000e-01
-3.078125000000000000e+00
-3.171875000000000000e+00
2.237500000000000000e+01
5.875000000000000000e+00
8.125000000000000000e-01
1.710937500000000000e+00
1.343750000000000000e+01
-1.273437500000000000e+00
-3.859375000000000000e+00
2.796875000000000000e+00
1.231250000000000000e+01
8.312500000000000000e+00
-1.312500000000000000e+00
2.640625000000000000e+00
-1.375000000000000000e+00
-1.750000000000000000e+00
1.181250000000000000e+01
-1.898437500000000000e+00
-2.773437500000000000e-01
-3.375000000000000000e+00
-1.406250000000000000e+00
7.750000000000000000e+00
-7.906250000000000000e+00
-4.218750000000000000e+00
-8.320312500000000000e-01
-1.414062500000000000e+00
-3.734375000000000000e+00
-9.492187500000000000e-01
-3.890625000000000000e+00
5.968750000000000000e+00
1.906250000000000000e+00
6.343750000000000000e+00
5.656250000000000000e+00
1.393750000000000000e+01
7.875000000000000000e+00
8.437500000000000000e-01
1.054687500000000000e+00
-4.906250000000000000e+00
4.468750000000000000e+00
-3.078125000000000000e+00
1.250000000000000000e+01
-2.109375000000000000e+00
-1.445312500000000000e+00
1.006250000000000000e+01
5.156250000000000000e+00
-3.484375000000000000e+00
-1.748046875000000000e-01
-1.289062500000000000e+00
8.375000000000000000e+00
4.281250000000000000e+00
7.500000000000000000e+00
-1.976562500000000000e+00
1.550000000000000000e+01
-4.343750000000000000e+00
8.687500000000000000e+00
7.750000000000000000e+00
1.862500000000000000e+01
-1.773437500000000000e+00
-2.296875000000000000e+00
2.765625000000000000e+00
-9.648437500000000000e-01
1.118750000000000000e+01
-2.578125000000000000e+00
-1.632812500000000000e+00
-1.250000000000000000e-01
-2.171875000000000000e+00
-1.351562500000000000e+00
4.468750000000000000e+00
4.187500000000000000e+00
6.875000000000000000e+00
-9.062500000000000000e-01
1.150000000000000000e+01
-1.156250000000000000e+00
8.945312500000000000e-01
3.062500000000000000e+00
-4.281250000000000000e+00
2.671875000000000000e+00
-1.929687500000000000e+00
9.062500000000000000e+00
9.000000000000000000e+00
-1.195312500000000000e+00
7.968750000000000000e+00
2.109375000000000000e-01
5.218750000000000000e+00
8.554687500000000000e-01
6.968750000000000000e+00
1.143750000000000000e+01
8.937500000000000000e+00
-3.453125000000000000e+00
-2.765625000000000000e+00
-2.453125000000000000e+00
1.368750000000000000e+01
3.953125000000000000e+00
1.500000000000000000e+00
-1.007812500000000000e+00
3.000000000000000000e+00
6.843750000000000000e+00
-2.140625000000000000e+00
8.437500000000000000e+00
8.062500000000000000e+00
4.281250000000000000e+00
1.468750000000000000e+01
4.628906250000000000e-01
1.600000000000000000e+01
-1.718750000000000000e+00
-9.687500000000000000e-01
1.882812500000000000e+00
1.331250000000000000e+01
-1.132812500000000000e+00
-2.250000000000000000e+00
7.031250000000000000e-01
1.068750000000000000e+01
-6.843750000000000000e+00
-2.078125000000000000e+00
7.093750000000000000e+00
8.250000000000000000e+00
-1.914062500000000000e+00
8.687500000000000000e+00
-1.140625000000000000e+00
3.296875000000000000e+00
-1.203125000000000000e+00
1.343750000000000000e+01
1.243750000000000000e+01
6.093750000000000000e+00
-5.406250000000000000e+00
1.637500000000000000e+01
-1.093750000000000000e+00
1.468750000000000000e+00
2.921875000000000000e+00
-6.718750000000000000e-01
1.037500000000000000e+01
-3.562500000000000000e+00
-1.937500000000000000e+00
-1.851562500000000000e+00
8.562500000000000000e+00
3.312500000000000000e+00
-3.015625000000000000e+00
1.775000000000000000e+01
1.568750000000000000e+01
-1.239013671875000000e-02
0.000000000000000000e+00
-6.757812500000000000e-01
-2.203125000000000000e+00
4.781250000000000000e+00
-4.500000000000000000e+00
-3.027343750000000000e-01
6.343750000000000000e+00
5.078125000000000000e-02
-1.093750000000000000e+01
1.937500000000000000e+00
-8.007812500000000000e-01
-1.242187500000000000e+00
3.925781250000000000e-01
-3.066406250000000000e-01
-1.523437500000000000e+00
-1.195312500000000000e+00
1.418750000000000000e+01
-3.265625000000000000e+00
1.862500000000000000e+01
-1.218750000000000000e+00
5.531250000000000000e+00
2.187500000000000000e+00
-3.734375000000000000e+00
-5.406250000000000000e+00
-2.750000000000000000e+00
-2.796875000000000000e+00
-4.843750000000000000e+00
-4.781250000000000000e+00
-1.406250000000000000e+00
-2.373046875000000000e-01
7.187500000000000000e-01
4.453125000000000000e-01
-4.093750000000000000e+00
-1.710937500000000000e+00
-6.015625000000000000e-01
-9.179687500000000000e-01
-2.640625000000000000e+00
-3.125000000000000000e-02
-2.328125000000000000e+00
5.156250000000000000e+00
-2.093750000000000000e+00
7.031250000000000000e+00
9.000000000000000000e+00
1.600000000000000000e+01
5.750000000000000000e+00
9.937500000000000000e+00
6.875000000000000000e+00
-5.820312500000000000e-01
-3.046875000000000000e+00
-1.281250000000000000e+00
-2.234375000000000000e+00
-5.312500000000000000e-01
5.406250000000000000e+00
4.843750000000000000e+00
-1.585937500000000000e+00
-3.046875000000000000e+00
2.312500000000000000e+00
5.406250000000000000e+00
-6.250000000000000000e+00
8.154296875000000000e-02
-1.281250000000000000e+00
4.906250000000000000e+00
7.031250000000000000e+00
-2.578125000000000000e+00
6.375000000000000000e+00
2.078125000000000000e+00
2.078125000000000000e+00
-1.335937500000000000e+00
1.600000000000000000e+01
8.562500000000000000e+00
6.593750000000000000e+00
4.750000000000000000e+00
-9.101562500000000000e-01
1.400000000000000000e+01
7.226562500000000000e-01
-9.882812500000000000e-01
6.093750000000000000e+00
-3.109375000000000000e+00
-1.982421875000000000e-01
7.218750000000000000e+00
4.468750000000000000e+00
-3.796875000000000000e+00
-8.593750000000000000e-01
9.687500000000000000e+00
6.750000000000000000e+00
-1.781250000000000000e+00
-2.921875000000000000e+00
7.375000000000000000e+00
7.250000000000000000e+00
2.390625000000000000e+00
4.875000000000000000e+00
-3.078125000000000000e+00
-6.210937500000000000e-01
-1.437500000000000000e+00
2.609375000000000000e+00
-4.656250000000000000e+00
2.359375000000000000e+00
3.046875000000000000e+00
5.625000000000000000e+00
2.937500000000000000e+00
-4.625000000000000000e+00
8.812500000000000000e+00
-6.875000000000000000e-01
1.581250000000000000e+01
2.406250000000000000e+00
-3.296875000000000000e+00
-1.343750000000000000e+00
7.375000000000000000e+00
4.625000000000000000e+00
6.343750000000000000e+00
-1.203125000000000000e+00
1.050000000000000000e+01
-2.328125000000000000e+00
-1.468750000000000000e+00
-1.437500000000000000e+00
1.281250000000000000e+00
-1.320312500000000000e+00
7.531250000000000000e+00
-2.671875000000000000e+00
1.131250000000000000e+01
-1.851562500000000000e+00
5.125000000000000000e+00
-3.500000000000000000e+00
7.593750000000000000e+00
-2.953125000000000000e+00
5.875000000000000000e+00
-8.085937500000000000e-01
-2.578125000000000000e+00
8.687500000000000000e+00
9.437500000000000000e+00
3.296875000000000000e+00
-2.296875000000000000e+00
5.906250000000000000e+00
-1.343750000000000000e+00
-6.500000000000000000e+00
7.406250000000000000e+00
9.000000000000000000e+00
-1.179687500000000000e+00
5.187500000000000000e+00
1.500000000000000000e+01
-2.265625000000000000e+00
5.843750000000000000e+00
-3.421875000000000000e+00
3.046875000000000000e+00
1.132812500000000000e+00
-9.882812500000000000e-01
-4.281250000000000000e+00
7.593750000000000000e+00
-4.593750000000000000e+00
1.325000000000000000e+01
