2.800000000000000000e+01
-5.156250000000000000e-01
-5.906250000000000000e+00
8.937500000000000000e+00
-1.976562500000000000e+00
-2.953125000000000000e+00
4.593750000000000000e+00
6.156250000000000000e+00
-2.750000000000000000e+00
-2.296875000000000000e+00
5.750000000000000000e+00
3.046875000000000000e+00
3.203125000000000000e+00
1.460937500000000000e+00
8.187500000000000000e+00
5.281250000000000000e+00
-8.000000000000000000e+00
6.343750000000000000e+00
2.537500000000000000e+01
-7.187500000000000000e-01
-3.328125000000000000e+00
3.437500000000000000e-01
1.225000000000000000e+01
-2.234375000000000000e+00
7.343750000000000000e+00
6.250000000000000000e+00
1.143750000000000000e+01
-1.960937500000000000e+00
2.140625000000000000e+00
-5.843750000000000000e+00
1.531250000000000000e+01
-8.687500000000000000e+00
1.006250000000000000e+01
-5.593750000000000000e+00
-2.046875000000000000e+00
-2.468750000000000000e+00
-1.312500000000000000e+00
9.414062500000000000e-01
6.218750000000000000e+00
-5.093750000000000000e+00
-2.515625000000000000e+00
1.418750000000000000e+01
3.750000000000000000e+00
-4.031250000000000000e+00
-2.109375000000000000e+00
2.546875000000000000e+00
1.937500000000000000e+00
-2.703125000000000000e+00
-1.460937500000000000e+00
1.425000000000000000e+01
3.906250000000000000e-01
-1.898437500000000000e+00
-2.421875000000000000e+00
-4.156250000000000000e+00
1.056250000000000000e+01
1.900000000000000000e+01
-5.656250000000000000e+00
2.437500000000000000e+01
2.125000000000000000e+00
5.500000000000000000e+00
-1.601562500000000000e+00
2.078125000000000000e+00
1.789062500000000000e+00
1.093750000000000000e+01
4.156250000000000000e+00
-3.078125000000000000e+00
1.356250000000000000e+01
-1.406250000000000000e+00
9.804687500000000000e-01
-5.156250000000000000e+00
-1.257812500000000000e+00
8.437500000000000000e-01
1.023437500000000000e+00
-8.437500000000000000e+00
-2.250000000000000000e+00
-1.100000000000000000e+01
9.875000000000000000e+00
2.546875000000000000e+00
9.187500000000000000e+00
2.406250000000000000e+00
3.625000000000000000e+00
7.000000000000000000e+00
-1.648437500000000000e+00
-2.296875000000000000e+00
-8.312500000000000000e+00
-1.585937500000000000e+00
1.962500000000000000e+01
1.206250000000000000e+01
5.312500000000000000e+00
-1.898437500000000000e+00
-1.429687500000000000e+00
7.695312500000000000e-01
-9.437500000000000000e+00
9.570312500000000000e-01
-5.875000000000000000e+00
-5.000000000000000000e+00
3.037500000000000000e+01
7.343750000000000000e+00
-1.398437500000000000e+00
6.210937500000000000e-01
1.812500000000000000e+01
-2.484375000000000000e+00
-5.125000000000000000e+00
2.234375000000000000e+00
1.637500000000000000e+01
1.068750000000000000e+01
-1.585937500000000000e+00
1.429687500000000000e+00
-1.843750000000000000e+00
-9.335937500000000000e-01
1.500000000000000000e+01
-5.125000000000000000e+00
-1.625000000000000000e+00
-1.093750000000000000e+00
-2.109375000000000000e+00
9.312500000000000000e+00
-1.275000000000000000e+01
-3.828125000000000000e+00
-2.609375000000000000e+00
-1.437500000000000000e+00
-5.062500000000000000e+00
-1.210937500000000000e+00
-5.093750000000000000e+00
6.031250000000000000e+00
2.792968750000000000e-01
8.062500000000000000e+00
6.000000000000000000e+00
1.837500000000000000e+01
9.812500000000000000e+00
1.171875000000000000e-02
-9.023437500000000000e-01
-7.593750000000000000e+00
4.593750000000000000e+00
-4.375000000000000000e+00
2.037500000000000000e+01
-2.500000000000000000e+00
-7.382812500000000000e-01
1.318750000000000000e+01
6.000000000000000000e+00
-4.343750000000000000e+00
5.742187500000000000e-01
-3.578125000000000000e+00
9.750000000000000000e+00
4.281250000000000000e+00
8.500000000000000000e+00
-3.921875000000000000e+00
2.062500000000000000e+01
-5.843750000000000000e+00
1.068750000000000000e+01
8.562500000000000000e+00
2.737500000000000000e+01
-3.687500000000000000e+00
-3.187500000000000000e+00
1.992187500000000000e+00
-2.109375000000000000e+00
1.687500000000000000e+01
-4.093750000000000000e+00
-1.406250000000000000e+00
-1.242187500000000000e+00
-4.218750000000000000e+00
1.235351562500000000e-01
8.187500000000000000e+00
5.656250000000000000e+00
1.268750000000000000e+01
7.539062500000000000e-01
1.531250000000000000e+01
-2.390625000000000000e+00
1.835937500000000000e+00
1.898437500000000000e+00
-5.375000000000000000e+00
2.500000000000000000e+00
-5.585937500000000000e-01
1.100000000000000000e+01
1.181250000000000000e+01
-1.804687500000000000e+00
1.025000000000000000e+01
1.929687500000000000e+00
5.156250000000000000e+00
-2.609375000000000000e+00
8.062500000000000000e+00
1.550000000000000000e+01
1.106250000000000000e+01
-4.625000000000000000e+00
-1.000000000000000000e+00
-3.078125000000000000e+00
1.812500000000000000e+01
3.984375000000000000e+00
8.164062500000000000e-01
3.925781250000000000e-01
2.859375000000000000e+00
7.500000000000000000e+00
-2.578125000000000000e+00
1.168750000000000000e+01
1.031250000000000000e+01
4.875000000000000000e+00
2.087500000000000000e+01
-5.156250000000000000e-01
2.287500000000000000e+01
-1.687500000000000000e+00
-9.414062500000000000e-01
1.218750000000000000e+00
1.937500000000000000e+01
-1.882812500000000000e+00
-4.500000000000000000e+00
1.148437500000000000e+00
1.518750000000000000e+01
-8.437500000000000000e+00
-3.375000000000000000e+00
8.937500000000000000e+00
1.081250000000000000e+01
-3.171875000000000000e+00
1.175000000000000000e+01
-2.578125000000000000e+00
2.109375000000000000e+00
-3.109375000000000000e+00
1.762500000000000000e+01
1.762500000000000000e+01
6.343750000000000000e+00
-1.068750000000000000e+01
2.337500000000000000e+01
-8.945312500000000000e-01
1.468750000000000000e+00
2.828125000000000000e+00
-3.261718750000000000e-01
1.612500000000000000e+01
-4.500000000000000000e+00
-2.216796875000000000e-01
-2.921875000000000000e+00
1.175000000000000000e+01
8.710937500000000000e-01
-2.687500000000000000e+00
2.487500000000000000e+01
2.250000000000000000e+01
-1.382812500000000000e+00
3.593750000000000000e-01
-1.632812500000000000e+00
-3.359375000000000000e+00
4.656250000000000000e+00
-6.250000000000000000e+00
-1.687500000000000000e+00
7.218750000000000000e+00
-6.015625000000000000e-01
-1.662500000000000000e+01
5.507812500000000000e-01
-4.218750000000000000e-01
-2.519531250000000000e-01
1.468750000000000000e+00
-6.445312500000000000e-01
-2.431640625000000000e-01
-2.390625000000000000e+00
2.087500000000000000e+01
-4.875000000000000000e+00
2.487500000000000000e+01
-2.125000000000000000e+00
6.250000000000000000e+00
-2.138671875000000000e-01
-4.906250000000000000e+00
-7.406250000000000000e+00
-4.281250000000000000e+00
-5.656250000000000000e+00
-6.906250000000000000e+00
-4.875000000000000000e+00
-1.875000000000000000e+00
-1.742187500000000000e+00
-6.718750000000000000e-01
-6.835937500000000000e-01
-6.593750000000000000e+00
-5.590820312500000000e-02
1.500000000000000000e+00
-1.750000000000000000e+00
-2.046875000000000000e+00
1.069335937500000000e-01
-4.031250000000000000e+00
6.656250000000000000e+00
-1.242187500000000000e+00
1.243750000000000000e+01
1.200000000000000000e+01
2.287500000000000000e+01
6.468750000000000000e+00
1.231250000000000000e+01
8.812500000000000000e+00
-1.570312500000000000e+00
-1.679687500000000000e+00
-1.289062500000000000e+00
-1.406250000000000000e-01
-1.689453125000000000e-01
7.000000000000000000e+00
4.781250000000000000e+00
-1.375000000000000000e+00
-4.843750000000000000e+00
1.945312500000000000e+00
5.593750000000000000e+00
-4.343750000000000000e+00
1.062500000000000000e+00
-2.671875000000000000e+00
6.468750000000000000e+00
8.937500000000000000e+00
-3.828125000000000000e+00
8.812500000000000000e+00
1.960937500000000000e+00
1.117187500000000000e+00
-3.250000000000000000e+00
2.150000000000000000e+01
1.100000000000000000e+01
8.500000000000000000e+00
3.953125000000000000e+00
-8.789062500000000000e-01
1.962500000000000000e+01
-4.003906250000000000e-01
9.804687500000000000e-01
7.593750000000000000e+00
-3.171875000000000000e+00
-7.304687500000000000e-01
9.312500000000000000e+00
4.250000000000000000e+00
-6.250000000000000000e+00
-2.078125000000000000e+00
1.300000000000000000e+01
7.906250000000000000e+00
-2.625000000000000000e+00
-4.968750000000000000e+00
9.062500000000000000e+00
8.062500000000000000e+00
1.539062500000000000e+00
9.312500000000000000e+00
-5.281250000000000000e+00
5.507812500000000000e-01
-2.359375000000000000e+00
1.804687500000000000e+00
-6.750000000000000000e+00
2.687500000000000000e+00
3.921875000000000000e+00
5.406250000000000000e+00
1.570312500000000000e+00
-5.781250000000000000e+00
1.493750000000000000e+01
-9.257812500000000000e-01
2.337500000000000000e+01
6.250000000000000000e+00
-2.171875000000000000e+00
-1.007812500000000000e+00
8.000000000000000000e+00
7.125000000000000000e+00
8.687500000000000000e+00
-1.562500000000000000e+00
1.318750000000000000e+01
-4.406250000000000000e+00
-5.781250000000000000e+00
-2.828125000000000000e+00
3.546875000000000000e+00
-2.750000000000000000e+00
9.812500000000000000e+00
-4.375000000000000000e+00
1.550000000000000000e+01
-3.250000000000000000e+00
9.062500000000000000e+00
-7.406250000000000000e+00
1.093750000000000000e+01
-3.953125000000000000e+00
1.150000000000000000e+01
-2.265625000000000000e+00
-7.929687500000000000e-01
1.368750000000000000e+01
1.200000000000000000e+01
2.875000000000000000e+00
-1.773437500000000000e+00
7.406250000000000000e+00
-1.085937500000000000e+00
-8.062500000000000000e+00
8.750000000000000000e+00
1.143750000000000000e+01
-2.984375000000000000e+00
5.281250000000000000e+00
2.000000000000000000e+01
-4.468750000000000000e+00
6.750000000000000000e+00
-3.375000000000000000e+00
3.250000000000000000e+00
1.718750000000000000e-01
-3.808593750000000000e-01
-6.406250000000000000e+00
9.500000000000000000e+00
-5.843750000000000000e+00
1.862500000000000000e+01
