3.812500000000000000e+00
-6.132812500000000000e-01
-3.078125000000000000e+00
3.046875000000000000e+00
-3.964843750000000000e-01
2.078125000000000000e+00
2.828125000000000000e+00
2.296875000000000000e+00
-1.742187500000000000e+00
-1.617187500000000000e+00
2.921875000000000000e+00
2.187500000000000000e+00
2.890625000000000000e+00
1.179687500000000000e+00
3.015625000000000000e+00
2.125000000000000000e+00
-2.109375000000000000e+00
2.312500000000000000e+00
4.093750000000000000e+00
-1.562500000000000000e+00
-3.652343750000000000e-01
2.734375000000000000e+00
-3.796875000000000000e+00
-1.750000000000000000e+00
2.546875000000000000e+00
1.945312500000000000e+00
-1.929687500000000000e+00
-6.718750000000000000e-01
-8.837890625000000000e-02
-2.171875000000000000e+00
4.125000000000000000e+00
1.289062500000000000e+00
3.125000000000000000e+00
-1.046875000000000000e+00
4.531250000000000000e-01
-1.726562500000000000e+00
1.250000000000000000e+00
-5.820312500000000000e-01
1.375000000000000000e+00
-2.453125000000000000e+00
-3.750000000000000000e-01
4.687500000000000000e+00
2.000000000000000000e+00
-1.585937500000000000e+00
-1.335937500000000000e+00
2.625000000000000000e+00
1.960937500000000000e+00
-9.570312500000000000e-01
1.500000000000000000e+00
3.171875000000000000e+00
-1.000000000000000000e+00
-1.414062500000000000e+00
1.976562500000000000e+00
-2.671875000000000000e+00
3.000000000000000000e+00
3.125000000000000000e+00
-1.593750000000000000e+00
4.453125000000000000e-01
2.968750000000000000e-01
2.093750000000000000e+00
-1.570312500000000000e+00
2.234375000000000000e+00
-4.785156250000000000e-01
4.562500000000000000e+00
3.062500000000000000e+00
-7.304687500000000000e-01
3.609375000000000000e+00
-7.500000000000000000e-01
-7.773437500000000000e-01
2.046875000000000000e+00
-2.015625000000000000e+00
3.437500000000000000e+00
-2.099609375000000000e-01
-2.421875000000000000e+00
2.765625000000000000e+00
-3.261718750000000000e-01
4.562500000000000000e+00
2.562500000000000000e+00
4.031250000000000000e+00
2.158203125000000000e-01
3.609375000000000000e+00
2.531250000000000000e+00
-2.546875000000000000e+00
-1.476562500000000000e+00
-4.218750000000000000e+00
2.453125000000000000e+00
3.250000000000000000e+00
3.671875000000000000e+00
2.125000000000000000e+00
-1.898437500000000000e+00
-1.335937500000000000e+00
1.343750000000000000e+00
-4.468750000000000000e+00
-4.921875000000000000e-01
2.734375000000000000e-01
-1.539062500000000000e+00
6.468750000000000000e+00
2.671875000000000000e+00
8.125000000000000000e-01
1.843750000000000000e+00
3.671875000000000000e+00
-1.445312500000000000e+00
-2.375000000000000000e+00
2.062500000000000000e+00
4.406250000000000000e+00
4.093750000000000000e+00
1.435546875000000000e-01
2.562500000000000000e+00
-1.140625000000000000e+00
-9.882812500000000000e-01
4.906250000000000000e+00
2.282714843750000000e-02
1.507812500000000000e+00
-2.609375000000000000e+00
-9.414062500000000000e-01
4.281250000000000000e+00
2.265625000000000000e-01
-2.187500000000000000e+00
-1.234375000000000000e+00
-5.820312500000000000e-01
-1.968750000000000000e+00
-9.882812500000000000e-01
-7.617187500000000000e-01
3.515625000000000000e+00
2.234375000000000000e+00
2.203125000000000000e+00
3.250000000000000000e+00
4.968750000000000000e+00
3.390625000000000000e+00
1.742187500000000000e+00
2.484375000000000000e+00
6.210937500000000000e-01
2.250000000000000000e+00
-1.875000000000000000e+00
-1.429687500000000000e+00
-1.531250000000000000e+00
-8.320312500000000000e-01
3.625000000000000000e+00
3.328125000000000000e+00
-2.109375000000000000e+00
-8.632812500000000000e-01
2.703125000000000000e+00
4.375000000000000000e+00
2.265625000000000000e+00
3.640625000000000000e+00
-7.929687500000000000e-01
4.281250000000000000e+00
-1.382812500000000000e+00
3.609375000000000000e+00
4.031250000000000000e+00
3.734375000000000000e+00
-3.808593750000000000e-01
-1.593750000000000000e+00
1.476562500000000000e+00
-1.093750000000000000e+00
-5.523681640625000000e-03
-1.085937500000000000e+00
-1.000000000000000000e+00
5.585937500000000000e-01
-8.164062500000000000e-01
-1.179687500000000000e+00
-1.125000000000000000e+00
1.679687500000000000e+00
-2.546875000000000000e+00
-4.531250000000000000e-01
4.593750000000000000e+00
-1.500000000000000000e+00
-6.523437500000000000e-01
2.671875000000000000e+00
-2.109375000000000000e+00
2.234375000000000000e+00
-2.078125000000000000e+00
4.625000000000000000e+00
3.625000000000000000e+00
-3.300781250000000000e-01
3.796875000000000000e+00
-3.105468750000000000e-01
3.546875000000000000e+00
2.109375000000000000e+00
3.234375000000000000e+00
2.140625000000000000e+00
3.796875000000000000e+00
-8.164062500000000000e-01
-1.414062500000000000e+00
8.398437500000000000e-01
5.062500000000000000e+00
2.500000000000000000e+00
1.281250000000000000e+00
-1.304687500000000000e+00
1.718750000000000000e+00
3.421875000000000000e+00
-1.140625000000000000e+00
3.109375000000000000e+00
4.343750000000000000e+00
2.484375000000000000e+00
1.914062500000000000e+00
6.992187500000000000e-01
1.460937500000000000e+00
-1.125000000000000000e+00
-1.093750000000000000e+00
1.250000000000000000e+00
2.437500000000000000e+00
2.753906250000000000e-01
-1.728515625000000000e-01
3.964843750000000000e-01
3.484375000000000000e+00
-1.773437500000000000e+00
-1.531250000000000000e+00
3.125000000000000000e+00
2.828125000000000000e+00
-1.335937500000000000e+00
3.062500000000000000e+00
-1.132812500000000000e+00
2.859375000000000000e+00
6.011962890625000000e-03
5.343750000000000000e+00
2.984375000000000000e+00
3.546875000000000000e+00
1.835937500000000000e+00
1.914062500000000000e+00
-1.375000000000000000e+00
6.679687500000000000e-01
1.726562500000000000e+00
-7.148437500000000000e-01
-1.351562500000000000e+00
-2.109375000000000000e+00
-1.742187500000000000e+00
-1.468750000000000000e+00
3.593750000000000000e-01
3.171875000000000000e+00
-1.570312500000000000e+00
4.531250000000000000e+00
2.343750000000000000e+00
9.375000000000000000e-01
-8.085937500000000000e-01
-1.000000000000000000e+00
-5.834960937500000000e-02
3.328125000000000000e+00
-2.796875000000000000e+00
-5.742187500000000000e-01
3.812500000000000000e+00
5.117187500000000000e-01
-4.589843750000000000e-01
1.601562500000000000e+00
-4.472656250000000000e-01
-1.296875000000000000e+00
-3.984375000000000000e-01
-1.845703125000000000e-01
-1.523437500000000000e+00
-1.257812500000000000e+00
-1.196289062500000000e-01
-2.015625000000000000e+00
4.781250000000000000e+00
-1.164062500000000000e+00
3.078125000000000000e+00
2.421875000000000000e+00
-2.265625000000000000e+00
-2.875000000000000000e+00
-1.210937500000000000e-01
-2.197265625000000000e-01
-1.445312500000000000e+00
-1.937500000000000000e+00
-1.351562500000000000e+00
-7.080078125000000000e-02
1.656250000000000000e+00
1.078125000000000000e+00
-1.523437500000000000e+00
-1.500000000000000000e+00
-6.289062500000000000e-01
-1.140625000000000000e+00
-1.781250000000000000e+00
-7.695312500000000000e-01
-1.281250000000000000e+00
2.390625000000000000e+00
-1.304687500000000000e+00
-1.210937500000000000e+00
3.609375000000000000e+00
2.296875000000000000e+00
3.000000000000000000e+00
3.750000000000000000e+00
2.750000000000000000e+00
-1.117187500000000000e+00
-1.281250000000000000e+00
-1.007812500000000000e+00
-5.742187500000000000e-01
-6.875000000000000000e-01
1.632812500000000000e+00
2.609375000000000000e+00
-1.304687500000000000e+00
-1.679687500000000000e+00
2.078125000000000000e+00
3.046875000000000000e+00
-4.156250000000000000e+00
1.281250000000000000e+00
-9.531250000000000000e-01
3.250000000000000000e+00
2.687500000000000000e+00
-1.992187500000000000e-01
2.328125000000000000e+00
9.179687500000000000e-01
1.781250000000000000e+00
9.804687500000000000e-01
5.125000000000000000e+00
4.000000000000000000e+00
2.375000000000000000e+00
4.031250000000000000e+00
-1.218750000000000000e+00
2.187500000000000000e+00
1.312500000000000000e+00
-8.710937500000000000e-01
2.343750000000000000e+00
-5.195312500000000000e-01
1.523437500000000000e+00
3.171875000000000000e+00
2.375000000000000000e+00
-1.929687500000000000e+00
-1.085937500000000000e+00
3.187500000000000000e+00
2.562500000000000000e+00
-1.562500000000000000e+00
-1.710937500000000000e+00
2.703125000000000000e+00
4.125000000000000000e+00
2.062500000000000000e+00
-2.421875000000000000e+00
-1.539062500000000000e+00
-3.300781250000000000e-01
1.328125000000000000e-01
1.945312500000000000e+00
-2.109375000000000000e+00
1.687500000000000000e+00
2.546875000000000000e+00
3.375000000000000000e+00
2.765625000000000000e+00
-3.296875000000000000e+00
-2.796875000000000000e+00
-1.696777343750000000e-02
1.257812500000000000e+00
-1.406250000000000000e+00
-1.562500000000000000e+00
-1.710937500000000000e+00
3.984375000000000000e+00
1.648437500000000000e+00
2.296875000000000000e+00
-1.382812500000000000e+00
4.718750000000000000e+00
1.078125000000000000e+00
2.828125000000000000e+00
-1.179687500000000000e+00
-2.250000000000000000e+00
-9.882812500000000000e-01
2.578125000000000000e+00
-1.982421875000000000e-01
3.578125000000000000e+00
-1.093750000000000000e+00
-9.062500000000000000e-01
1.414062500000000000e+00
-3.125000000000000000e-01
-7.851562500000000000e-01
-3.750000000000000000e+00
-5.742187500000000000e-01
-2.046875000000000000e+00
-1.750000000000000000e+00
3.421875000000000000e+00
2.171875000000000000e+00
-8.242187500000000000e-01
2.453125000000000000e+00
-1.625000000000000000e+00
-3.296875000000000000e+00
3.453125000000000000e+00
3.125000000000000000e+00
-8.320312500000000000e-01
2.953125000000000000e+00
4.968750000000000000e+00
-3.457031250000000000e-01
3.078125000000000000e+00
-1.773437500000000000e+00
1.726562500000000000e+00
5.781250000000000000e-01
-1.398437500000000000e+00
-1.960937500000000000e+00
3.078125000000000000e+00
-3.261718750000000000e-01
2.296875000000000000e+00
