2.421875000000000000e+00
-1.259765625000000000e-01
-2.750000000000000000e+00
2.406250000000000000e+00
-7.968750000000000000e-01
1.023437500000000000e+00
1.906250000000000000e+00
1.648437500000000000e+00
-1.648437500000000000e+00
-1.726562500000000000e+00
2.250000000000000000e+00
1.914062500000000000e+00
2.531250000000000000e+00
8.085937500000000000e-01
2.250000000000000000e+00
1.398437500000000000e+00
-1.882812500000000000e+00
1.812500000000000000e+00
3.125000000000000000e+00
-8.945312500000000000e-01
-7.226562500000000000e-01
2.078125000000000000e+00
-4.718750000000000000e+00
-1.570312500000000000e+00
2.046875000000000000e+00
1.445312500000000000e+00
-2.796875000000000000e+00
-1.156250000000000000e+00
3.886718750000000000e-01
-2.156250000000000000e+00
3.328125000000000000e+00
4.375000000000000000e-01
2.687500000000000000e+00
-1.351562500000000000e+00
-8.544921875000000000e-02
-1.804687500000000000e+00
5.039062500000000000e-01
-2.209472656250000000e-02
8.007812500000000000e-01
-1.601562500000000000e+00
-9.062500000000000000e-01
3.812500000000000000e+00
2.125000000000000000e+00
-1.250000000000000000e+00
-1.906250000000000000e+00
1.804687500000000000e+00
1.398437500000000000e+00
-3.144531250000000000e-01
1.039062500000000000e+00
2.421875000000000000e+00
-4.707031250000000000e-01
-1.710937500000000000e+00
1.523437500000000000e+00
-2.109375000000000000e+00
2.500000000000000000e+00
2.234375000000000000e+00
-7.929687500000000000e-01
-5.507812500000000000e-01
7.070312500000000000e-01
1.664062500000000000e+00
-1.320312500000000000e+00
1.710937500000000000e+00
7.171630859375000000e-03
3.609375000000000000e+00
2.703125000000000000e+00
-3.886718750000000000e-01
2.828125000000000000e+00
-1.132812500000000000e-01
-1.171875000000000000e-02
1.273437500000000000e+00
-1.906250000000000000e+00
2.109375000000000000e+00
4.160156250000000000e-01
-2.578125000000000000e+00
1.851562500000000000e+00
-9.414062500000000000e-01
3.750000000000000000e+00
1.835937500000000000e+00
3.328125000000000000e+00
2.255859375000000000e-01
2.921875000000000000e+00
1.812500000000000000e+00
-1.750000000000000000e+00
-1.210937500000000000e+00
-3.390625000000000000e+00
1.375000000000000000e+00
1.812500000000000000e+00
2.812500000000000000e+00
1.375000000000000000e+00
-2.421875000000000000e+00
-6.132812500000000000e-01
1.812500000000000000e+00
-3.234375000000000000e+00
-5.786132812500000000e-02
-8.007812500000000000e-02
-1.781250000000000000e+00
4.593750000000000000e+00
2.078125000000000000e+00
-5.859375000000000000e-01
1.429687500000000000e+00
2.687500000000000000e+00
-1.945312500000000000e+00
-2.421875000000000000e+00
1.726562500000000000e+00
3.484375000000000000e+00
3.421875000000000000e+00
1.435546875000000000e-01
2.000000000000000000e+00
-1.375000000000000000e+00
-5.039062500000000000e-01
3.890625000000000000e+00
-9.492187500000000000e-01
1.351562500000000000e+00
-1.125000000000000000e+00
-1.164062500000000000e+00
3.578125000000000000e+00
7.763671875000000000e-02
-1.335937500000000000e+00
-1.656250000000000000e+00
-4.921875000000000000e-01
-1.937500000000000000e+00
-1.398437500000000000e+00
-4.921875000000000000e-01
2.515625000000000000e+00
1.789062500000000000e+00
1.476562500000000000e+00
2.640625000000000000e+00
3.953125000000000000e+00
2.687500000000000000e+00
1.429687500000000000e+00
1.929687500000000000e+00
7.968750000000000000e-01
1.656250000000000000e+00
-1.804687500000000000e+00
-1.046875000000000000e+00
-1.125000000000000000e+00
-2.832031250000000000e-01
2.671875000000000000e+00
2.812500000000000000e+00
-2.078125000000000000e+00
-7.812500000000000000e-01
2.156250000000000000e+00
3.359375000000000000e+00
1.445312500000000000e+00
2.796875000000000000e+00
-1.320312500000000000e+00
2.875000000000000000e+00
-1.351562500000000000e+00
2.796875000000000000e+00
3.109375000000000000e+00
2.750000000000000000e+00
-8.476562500000000000e-01
-1.585937500000000000e+00
4.003906250000000000e-01
-1.414062500000000000e+00
-7.304687500000000000e-01
-1.289062500000000000e+00
-7.812500000000000000e-01
-4.565429687500000000e-02
-1.210937500000000000e+00
-6.210937500000000000e-01
-5.507812500000000000e-01
1.414062500000000000e+00
-2.265625000000000000e+00
5.468750000000000000e-02
3.750000000000000000e+00
-1.773437500000000000e+00
-3.222656250000000000e-01
2.046875000000000000e+00
-1.789062500000000000e+00
1.726562500000000000e+00
-1.304687500000000000e+00
3.750000000000000000e+00
2.937500000000000000e+00
-1.572265625000000000e-01
3.250000000000000000e+00
8.300781250000000000e-02
2.796875000000000000e+00
6.562500000000000000e-01
2.421875000000000000e+00
8.906250000000000000e-01
2.953125000000000000e+00
-4.082031250000000000e-01
-6.015625000000000000e-01
9.257812500000000000e-01
4.093750000000000000e+00
1.968750000000000000e+00
7.695312500000000000e-01
-8.242187500000000000e-01
1.273437500000000000e+00
2.546875000000000000e+00
-1.015625000000000000e+00
2.546875000000000000e+00
3.671875000000000000e+00
1.914062500000000000e+00
6.875000000000000000e-01
2.714843750000000000e-01
-4.028320312500000000e-02
-1.148437500000000000e+00
-9.960937500000000000e-01
8.320312500000000000e-01
1.585937500000000000e+00
-1.304626464843750000e-03
-7.500000000000000000e-01
3.457031250000000000e-01
2.828125000000000000e+00
-8.320312500000000000e-01
-1.726562500000000000e+00
2.500000000000000000e+00
2.234375000000000000e+00
-1.476562500000000000e+00
2.437500000000000000e+00
-1.632812500000000000e+00
1.945312500000000000e+00
-8.476562500000000000e-01
4.218750000000000000e+00
2.265625000000000000e+00
2.484375000000000000e+00
5.585937500000000000e-01
3.339843750000000000e-01
-1.101562500000000000e+00
3.437500000000000000e-01
1.304687500000000000e+00
-3.925781250000000000e-01
-2.296875000000000000e+00
-1.929687500000000000e+00
-9.179687500000000000e-01
-1.687500000000000000e+00
-6.679687500000000000e-01
1.914062500000000000e+00
-1.070312500000000000e+00
3.375000000000000000e+00
1.460937500000000000e+00
4.355468750000000000e-01
-4.003906250000000000e-01
-1.429687500000000000e+00
-4.902343750000000000e-01
2.328125000000000000e+00
-2.546875000000000000e+00
-1.148437500000000000e+00
3.234375000000000000e+00
4.550781250000000000e-01
-7.148437500000000000e-01
3.750000000000000000e-01
-2.792968750000000000e-01
-8.906250000000000000e-01
-3.320312500000000000e-01
-5.898437500000000000e-01
-9.570312500000000000e-01
-1.617187500000000000e+00
-1.898437500000000000e+00
-1.929687500000000000e+00
2.953125000000000000e+00
-1.460937500000000000e+00
2.515625000000000000e+00
1.500000000000000000e+00
-2.171875000000000000e+00
-2.437500000000000000e+00
-2.968750000000000000e-01
-1.000000000000000000e+00
-1.648437500000000000e+00
-8.007812500000000000e-01
-1.539062500000000000e+00
-4.707031250000000000e-01
1.382812500000000000e+00
5.781250000000000000e-01
-1.593750000000000000e+00
-8.476562500000000000e-01
8.203125000000000000e-02
-1.398437500000000000e+00
-1.367187500000000000e+00
-6.328125000000000000e-01
-1.460937500000000000e+00
2.015625000000000000e+00
-7.500000000000000000e-01
-1.148437500000000000e+00
2.937500000000000000e+00
1.054687500000000000e+00
2.359375000000000000e+00
2.609375000000000000e+00
2.015625000000000000e+00
-1.398437500000000000e+00
-2.404785156250000000e-02
-9.570312500000000000e-01
6.093750000000000000e-01
-5.585937500000000000e-01
1.117187500000000000e+00
1.875000000000000000e+00
-9.179687500000000000e-01
-1.789062500000000000e+00
1.914062500000000000e+00
2.187500000000000000e+00
-2.437500000000000000e+00
1.460937500000000000e+00
-1.468750000000000000e+00
2.875000000000000000e+00
1.968750000000000000e+00
-1.376953125000000000e-01
2.109375000000000000e+00
6.250000000000000000e-01
1.320312500000000000e+00
8.085937500000000000e-01
3.812500000000000000e+00
3.312500000000000000e+00
1.750000000000000000e+00
2.875000000000000000e+00
-1.117187500000000000e+00
1.164062500000000000e+00
8.554687500000000000e-01
-1.386718750000000000e-01
1.726562500000000000e+00
-3.828125000000000000e-01
1.718750000000000000e+00
2.515625000000000000e+00
1.656250000000000000e+00
-2.203125000000000000e+00
-1.687500000000000000e+00
2.390625000000000000e+00
1.773437500000000000e+00
-1.687500000000000000e+00
-2.218750000000000000e+00
1.976562500000000000e+00
3.171875000000000000e+00
1.687500000000000000e+00
-2.671875000000000000e+00
-1.679687500000000000e+00
-2.187500000000000000e-01
2.988281250000000000e-01
1.351562500000000000e+00
-2.296875000000000000e+00
1.343750000000000000e+00
2.328125000000000000e+00
2.421875000000000000e+00
2.125000000000000000e+00
-2.937500000000000000e+00
-3.546875000000000000e+00
-2.990722656250000000e-02
1.147460937500000000e-01
-7.382812500000000000e-01
-2.333984375000000000e-01
-1.789062500000000000e+00
2.937500000000000000e+00
1.898437500000000000e+00
1.875000000000000000e+00
-1.351562500000000000e+00
3.765625000000000000e+00
5.117187500000000000e-01
1.906250000000000000e+00
-1.539062500000000000e+00
-1.406250000000000000e+00
-1.632812500000000000e+00
1.906250000000000000e+00
-1.171875000000000000e-01
2.734375000000000000e+00
-1.015625000000000000e+00
-5.117187500000000000e-01
7.226562500000000000e-01
-1.132812500000000000e+00
-8.437500000000000000e-01
-4.281250000000000000e+00
-8.320312500000000000e-01
-1.101562500000000000e+00
-2.750000000000000000e+00
2.578125000000000000e+00
1.710937500000000000e+00
-4.531250000000000000e-01
1.554687500000000000e+00
-1.656250000000000000e+00
-3.062500000000000000e+00
2.703125000000000000e+00
2.296875000000000000e+00
-1.343750000000000000e+00
2.296875000000000000e+00
3.890625000000000000e+00
-5.273437500000000000e-01
2.296875000000000000e+00
-9.414062500000000000e-01
1.328125000000000000e+00
-1.152343750000000000e-01
-9.882812500000000000e-01
-2.203125000000000000e+00
2.421875000000000000e+00
1.748046875000000000e-01
1.328125000000000000e+00
