-3.339843750000000000e-01
-3.222656250000000000e-01
-1.218750000000000000e+00
8.320312500000000000e-01
1.195312500000000000e+00
1.875000000000000000e+00
8.125000000000000000e-01
6.914062500000000000e-01
-5.976562500000000000e-01
1.040039062500000000e-01
9.531250000000000000e-01
6.562500000000000000e-01
1.210937500000000000e+00
1.914062500000000000e-01
6.093750000000000000e-01
3.183593750000000000e-01
1.171875000000000000e+00
5.976562500000000000e-01
1.648437500000000000e+00
-1.914062500000000000e+00
9.492187500000000000e-01
3.578125000000000000e+00
-3.187500000000000000e+00
1.298828125000000000e-01
6.757812500000000000e-01
0.000000000000000000e+00
-7.500000000000000000e-01
1.664062500000000000e+00
-5.820312500000000000e-01
-1.225585937500000000e-01
1.242187500000000000e+00
2.953125000000000000e+00
1.046875000000000000e+00
-9.335937500000000000e-01
1.572265625000000000e-01
-4.174804687500000000e-02
2.375000000000000000e+00
-1.585937500000000000e+00
1.992187500000000000e-01
-1.773437500000000000e+00
1.898437500000000000e+00
1.460937500000000000e+00
-1.118164062500000000e-01
-1.298828125000000000e-01
1.539062500000000000e+00
1.343750000000000000e+00
9.218750000000000000e-01
-1.398437500000000000e+00
1.757812500000000000e+00
1.039062500000000000e+00
-8.710937500000000000e-01
-4.902343750000000000e-01
2.609375000000000000e+00
1.298828125000000000e-01
9.335937500000000000e-01
9.375000000000000000e-01
-1.460937500000000000e+00
-2.203125000000000000e+00
2.226562500000000000e-01
4.863281250000000000e-01
-2.015625000000000000e+00
7.148437500000000000e-01
-1.062500000000000000e+00
1.500000000000000000e+00
8.398437500000000000e-01
4.565429687500000000e-02
6.289062500000000000e-01
-9.062500000000000000e-01
-8.437500000000000000e-01
6.289062500000000000e-01
1.562500000000000000e-02
1.125000000000000000e+00
-6.875000000000000000e-01
-1.585937500000000000e+00
2.671875000000000000e+00
1.593750000000000000e+00
1.273437500000000000e+00
1.148437500000000000e+00
9.648437500000000000e-01
2.832031250000000000e-01
2.171875000000000000e+00
8.125000000000000000e-01
-8.789062500000000000e-01
1.562500000000000000e-01
-2.390625000000000000e+00
1.851562500000000000e+00
1.195312500000000000e+00
8.593750000000000000e-01
5.351562500000000000e-01
1.320312500000000000e+00
-1.164062500000000000e+00
-1.982421875000000000e-01
-1.007812500000000000e+00
-9.804687500000000000e-01
2.468750000000000000e+00
6.289062500000000000e-01
5.937500000000000000e-01
6.562500000000000000e-01
3.242187500000000000e-01
1.117187500000000000e+00
1.273437500000000000e+00
1.062500000000000000e+00
1.669921875000000000e-01
1.898437500000000000e+00
1.585937500000000000e+00
1.273437500000000000e+00
-7.070312500000000000e-01
2.015625000000000000e+00
6.992187500000000000e-01
-1.632812500000000000e+00
1.257812500000000000e+00
5.664062500000000000e-01
1.570312500000000000e+00
-1.476562500000000000e+00
6.875000000000000000e-01
1.132812500000000000e+00
2.328125000000000000e+00
-8.593750000000000000e-01
6.992187500000000000e-01
-4.028320312500000000e-02
-7.968750000000000000e-01
4.042968750000000000e-01
6.523437500000000000e-01
8.750000000000000000e-01
1.593750000000000000e+00
5.546875000000000000e-01
1.070312500000000000e+00
1.656250000000000000e+00
8.242187500000000000e-01
7.812500000000000000e-01
2.171875000000000000e+00
4.277343750000000000e-01
7.539062500000000000e-01
-4.863281250000000000e-01
-4.531250000000000000e-01
-1.030273437500000000e-01
-1.210937500000000000e+00
5.507812500000000000e-01
1.085937500000000000e+00
-1.914062500000000000e+00
-1.789062500000000000e+00
2.375000000000000000e+00
1.296875000000000000e+00
4.433593750000000000e-01
9.726562500000000000e-01
1.187500000000000000e+00
-6.250000000000000000e-02
-1.179687500000000000e+00
9.804687500000000000e-01
1.117187500000000000e+00
-2.236328125000000000e-01
1.500000000000000000e+00
-1.298828125000000000e-01
3.750000000000000000e-01
1.132812500000000000e+00
-1.867187500000000000e+00
-4.707031250000000000e-01
-8.164062500000000000e-01
1.476562500000000000e+00
-5.273437500000000000e-01
-1.398437500000000000e+00
-2.078125000000000000e+00
6.875000000000000000e-01
-8.867187500000000000e-01
-1.812500000000000000e+00
1.367187500000000000e+00
-1.455078125000000000e-01
-2.070312500000000000e-01
2.234375000000000000e+00
2.988281250000000000e-01
3.359375000000000000e-01
-4.472656250000000000e-01
1.445312500000000000e+00
8.750000000000000000e-01
7.695312500000000000e-01
8.945312500000000000e-01
-7.226562500000000000e-01
2.046875000000000000e+00
3.078125000000000000e+00
9.179687500000000000e-01
-1.023437500000000000e+00
9.570312500000000000e-01
-3.085937500000000000e-01
-1.570312500000000000e+00
-4.687500000000000000e-01
1.906250000000000000e+00
6.992187500000000000e-01
7.500000000000000000e-01
-1.031250000000000000e+00
6.601562500000000000e-01
1.023437500000000000e+00
-4.863281250000000000e-01
8.593750000000000000e-01
1.257812500000000000e+00
5.195312500000000000e-01
-1.335937500000000000e+00
5.156250000000000000e-01
-5.976562500000000000e-01
-4.824218750000000000e-01
7.617187500000000000e-01
5.664062500000000000e-01
-1.281250000000000000e+00
7.568359375000000000e-02
-4.028320312500000000e-02
1.343750000000000000e+00
9.687500000000000000e-01
-1.242187500000000000e+00
3.750000000000000000e-01
6.718750000000000000e-01
4.433593750000000000e-01
-8.750000000000000000e-01
9.375000000000000000e-01
1.093750000000000000e+00
1.351562500000000000e+00
-3.593750000000000000e-01
1.523437500000000000e+00
-3.066406250000000000e-01
8.789062500000000000e-01
9.912109375000000000e-02
-9.882812500000000000e-01
2.868652343750000000e-02
1.562500000000000000e+00
1.376953125000000000e-01
-2.597656250000000000e-01
-2.250000000000000000e+00
-3.652343750000000000e-01
-1.570312500000000000e+00
1.085937500000000000e+00
-1.851562500000000000e+00
1.562500000000000000e+00
3.637695312500000000e-02
2.087402343750000000e-02
1.039062500000000000e+00
-2.070312500000000000e-01
-8.476562500000000000e-01
1.351562500000000000e+00
-1.750000000000000000e+00
8.789062500000000000e-01
-1.289062500000000000e+00
1.640625000000000000e-01
9.726562500000000000e-01
1.960937500000000000e+00
2.515625000000000000e+00
1.718750000000000000e-01
-1.757812500000000000e+00
-1.601562500000000000e+00
-1.687500000000000000e+00
7.460937500000000000e-01
-1.398437500000000000e+00
1.273437500000000000e+00
-1.882812500000000000e+00
-7.656250000000000000e-01
4.589843750000000000e-01
6.132812500000000000e-01
7.070312500000000000e-01
1.562500000000000000e+00
-1.195312500000000000e+00
-3.125000000000000000e-01
-4.707031250000000000e-01
-3.496093750000000000e-01
-1.382812500000000000e+00
-1.539062500000000000e+00
-1.718750000000000000e-01
-7.617187500000000000e-01
2.265625000000000000e-01
9.804687500000000000e-01
-7.500000000000000000e-01
-1.726562500000000000e+00
-9.726562500000000000e-01
9.062500000000000000e-01
1.218750000000000000e+00
-1.312500000000000000e+00
-5.585937500000000000e-01
8.085937500000000000e-01
-3.085937500000000000e-01
-1.196289062500000000e-01
1.085937500000000000e+00
-1.109375000000000000e+00
1.132812500000000000e+00
8.945312500000000000e-01
-8.349609375000000000e-02
7.031250000000000000e-01
-1.187500000000000000e+00
6.992187500000000000e-01
-4.433593750000000000e-01
-4.238281250000000000e-01
2.753906250000000000e-01
6.406250000000000000e-01
-5.117187500000000000e-01
-8.007812500000000000e-01
7.929687500000000000e-01
6.757812500000000000e-01
-2.421875000000000000e+00
5.218505859375000000e-03
9.804687500000000000e-01
1.023437500000000000e+00
6.328125000000000000e-01
1.585937500000000000e+00
7.773437500000000000e-01
4.765625000000000000e-01
1.625000000000000000e+00
1.507812500000000000e+00
1.039062500000000000e+00
1.351562500000000000e+00
1.669921875000000000e-01
2.406250000000000000e+00
3.496093750000000000e-01
9.882812500000000000e-01
1.085937500000000000e+00
-1.226562500000000000e+00
4.746093750000000000e-01
-5.585937500000000000e-01
-3.750000000000000000e-01
8.789062500000000000e-01
7.382812500000000000e-01
-1.203125000000000000e+00
1.375000000000000000e+00
8.437500000000000000e-01
6.757812500000000000e-01
1.225585937500000000e-01
5.117187500000000000e-01
6.054687500000000000e-01
1.046875000000000000e+00
1.625000000000000000e+00
-2.656250000000000000e+00
-6.875000000000000000e-01
-1.429687500000000000e+00
1.632812500000000000e+00
7.851562500000000000e-01
-1.437500000000000000e+00
1.728515625000000000e-01
6.054687500000000000e-01
1.539062500000000000e+00
2.296875000000000000e+00
-1.898437500000000000e+00
-8.750000000000000000e-01
1.210937500000000000e+00
-1.562500000000000000e+00
-2.187500000000000000e+00
-1.179687500000000000e+00
2.792968750000000000e-01
1.218750000000000000e+00
-1.781250000000000000e+00
3.886718750000000000e-01
3.046875000000000000e-01
1.375000000000000000e+00
8.740234375000000000e-02
4.218750000000000000e+00
8.125000000000000000e-01
-9.570312500000000000e-01
1.617187500000000000e+00
5.468750000000000000e-01
9.619140625000000000e-02
7.343750000000000000e-01
4.628906250000000000e-01
-2.015625000000000000e+00
2.687500000000000000e+00
-1.843750000000000000e+00
4.550781250000000000e-01
-2.078125000000000000e+00
9.375000000000000000e-01
-2.046875000000000000e+00
-2.484375000000000000e+00
1.023437500000000000e+00
8.281250000000000000e-01
-6.328125000000000000e-01
4.785156250000000000e-01
6.093750000000000000e-01
-2.500000000000000000e+00
1.101562500000000000e+00
1.195312500000000000e+00
1.710937500000000000e+00
9.882812500000000000e-01
1.750000000000000000e+00
-3.730468750000000000e-01
7.187500000000000000e-01
-2.296875000000000000e+00
4.121093750000000000e-01
1.164062500000000000e+00
-3.300781250000000000e-01
-1.273437500000000000e+00
1.054687500000000000e+00
2.078125000000000000e+00
-9.179687500000000000e-01
