-1.492187500000000000e+00
3.515625000000000000e-01
-1.664062500000000000e+00
9.335937500000000000e-01
-2.578125000000000000e-01
2.265625000000000000e+00
1.320312500000000000e+00
7.617187500000000000e-01
-6.093750000000000000e-01
-9.960937500000000000e-01
1.085937500000000000e+00
6.250000000000000000e-01
1.625000000000000000e+00
1.376953125000000000e-01
8.710937500000000000e-01
5.898437500000000000e-01
-4.902343750000000000e-01
6.367187500000000000e-01
-1.206054687500000000e-01
-1.875000000000000000e+00
-6.835937500000000000e-01
3.546875000000000000e+00
-5.656250000000000000e+00
-1.031250000000000000e+00
6.015625000000000000e-01
1.191406250000000000e-01
-3.453125000000000000e+00
-9.257812500000000000e-01
-9.492187500000000000e-01
-5.195312500000000000e-01
1.132812500000000000e+00
2.703125000000000000e+00
7.539062500000000000e-01
-7.460937500000000000e-01
5.820312500000000000e-01
-1.375000000000000000e+00
2.140625000000000000e+00
-1.320312500000000000e+00
1.669921875000000000e-01
-2.125000000000000000e+00
-4.589843750000000000e-01
1.445312500000000000e+00
1.640625000000000000e-01
-3.359375000000000000e-01
-1.101562500000000000e+00
1.593750000000000000e+00
1.148437500000000000e+00
-8.437500000000000000e-01
1.539062500000000000e+00
7.500000000000000000e-01
-1.328125000000000000e+00
-1.117187500000000000e+00
2.703125000000000000e+00
-5.351562500000000000e-01
5.585937500000000000e-01
2.500000000000000000e-01
-1.351562500000000000e+00
-3.500000000000000000e+00
-3.203125000000000000e-01
4.238281250000000000e-01
-1.406250000000000000e+00
1.085937500000000000e+00
-1.335937500000000000e+00
1.851562500000000000e+00
1.500000000000000000e+00
-2.675781250000000000e-01
7.382812500000000000e-01
-4.042968750000000000e-01
-1.132812500000000000e+00
6.328125000000000000e-01
-1.335937500000000000e+00
1.742187500000000000e+00
-8.476562500000000000e-01
-1.539062500000000000e+00
2.828125000000000000e+00
1.718750000000000000e+00
1.679687500000000000e+00
1.656250000000000000e+00
1.476562500000000000e+00
-3.261718750000000000e-01
2.671875000000000000e+00
7.695312500000000000e-01
-1.078125000000000000e+00
-1.210937500000000000e+00
-2.343750000000000000e+00
1.820312500000000000e+00
-5.175781250000000000e-02
1.046875000000000000e+00
8.437500000000000000e-01
-1.664062500000000000e+00
-1.375000000000000000e+00
2.265625000000000000e-01
-1.398437500000000000e+00
-1.195312500000000000e+00
1.898437500000000000e+00
-2.216796875000000000e-01
-2.600097656250000000e-02
6.679687500000000000e-01
-2.014160156250000000e-02
1.476562500000000000e+00
6.210937500000000000e-01
-1.710937500000000000e+00
-1.054687500000000000e+00
2.046875000000000000e+00
1.226562500000000000e+00
1.187500000000000000e+00
2.265625000000000000e-01
2.453125000000000000e+00
-1.273437500000000000e+00
-1.375000000000000000e+00
1.562500000000000000e+00
5.898437500000000000e-01
2.171875000000000000e+00
-1.125000000000000000e+00
-5.859375000000000000e-01
1.585937500000000000e+00
2.546875000000000000e+00
-1.039062500000000000e+00
-1.539062500000000000e+00
-5.523681640625000000e-03
-5.625000000000000000e-01
-1.164062500000000000e+00
-9.218750000000000000e-01
1.335937500000000000e+00
1.648437500000000000e+00
6.992187500000000000e-01
1.523437500000000000e+00
1.382812500000000000e+00
1.109375000000000000e+00
8.320312500000000000e-01
2.671875000000000000e+00
7.695312500000000000e-01
7.539062500000000000e-01
-1.195312500000000000e+00
-3.078125000000000000e+00
-9.492187500000000000e-01
-1.148437500000000000e+00
6.757812500000000000e-01
1.320312500000000000e+00
-7.929687500000000000e-01
-1.398437500000000000e+00
3.000000000000000000e+00
1.648437500000000000e+00
8.164062500000000000e-01
1.429687500000000000e+00
-1.865234375000000000e-01
-2.910156250000000000e-01
-1.750000000000000000e+00
1.117187500000000000e+00
1.445312500000000000e+00
-1.414062500000000000e+00
-3.652343750000000000e-01
-8.945312500000000000e-01
5.351562500000000000e-01
-1.406250000000000000e+00
-3.421875000000000000e+00
-4.433593750000000000e-01
-1.054687500000000000e+00
4.550781250000000000e-01
-7.851562500000000000e-01
-1.531250000000000000e+00
-2.171875000000000000e+00
2.539062500000000000e-01
-3.625000000000000000e+00
-1.320312500000000000e+00
1.273437500000000000e+00
-7.187500000000000000e-01
-3.671875000000000000e-01
2.671875000000000000e+00
-5.039062500000000000e-01
8.789062500000000000e-01
-1.187500000000000000e+00
1.773437500000000000e+00
1.023437500000000000e+00
-6.093750000000000000e-01
1.171875000000000000e+00
-1.375000000000000000e+00
2.109375000000000000e+00
2.656250000000000000e+00
1.093750000000000000e+00
-8.945312500000000000e-01
1.164062500000000000e+00
-7.656250000000000000e-01
-1.742187500000000000e+00
2.949218750000000000e-01
1.492187500000000000e+00
1.046875000000000000e+00
7.187500000000000000e-01
5.664062500000000000e-01
6.562500000000000000e-01
1.492187500000000000e+00
-1.085937500000000000e+00
7.929687500000000000e-01
1.492187500000000000e+00
6.679687500000000000e-01
-1.929687500000000000e+00
8.789062500000000000e-01
-2.375000000000000000e+00
-1.093750000000000000e+00
-1.078125000000000000e+00
6.992187500000000000e-01
-1.812500000000000000e+00
5.156250000000000000e-01
4.516601562500000000e-02
-7.812500000000000000e-02
7.382812500000000000e-01
-4.765625000000000000e-01
-1.273437500000000000e+00
7.812500000000000000e-01
4.375000000000000000e-01
-1.125000000000000000e+00
6.679687500000000000e-01
-6.914062500000000000e-01
1.914062500000000000e+00
1.348876953125000000e-02
1.320312500000000000e+00
-9.687500000000000000e-01
1.289062500000000000e+00
7.773437500000000000e-01
-2.562500000000000000e+00
-1.039062500000000000e+00
-8.154296875000000000e-02
5.156250000000000000e-01
-5.507812500000000000e-01
-4.156250000000000000e+00
-9.570312500000000000e-01
-1.648437500000000000e+00
-2.343750000000000000e+00
-2.015625000000000000e+00
2.421875000000000000e+00
-9.570312500000000000e-01
-6.757812500000000000e-01
-1.000000000000000000e+00
7.304687500000000000e-01
-5.000000000000000000e-01
-1.218750000000000000e+00
6.884765625000000000e-02
1.585937500000000000e+00
-1.046875000000000000e+00
-7.695312500000000000e-01
1.476562500000000000e+00
1.398437500000000000e+00
1.898437500000000000e+00
2.470703125000000000e-01
-1.164062500000000000e+00
-1.789062500000000000e+00
-1.296875000000000000e+00
-3.515625000000000000e-01
-1.601562500000000000e+00
-1.507812500000000000e+00
-3.859375000000000000e+00
-5.742187500000000000e-01
-3.300781250000000000e-01
-7.343750000000000000e-01
1.273437500000000000e+00
1.898437500000000000e+00
-1.273437500000000000e+00
-6.640625000000000000e-01
2.138671875000000000e-01
-4.062500000000000000e-01
-7.343750000000000000e-01
-1.507812500000000000e+00
-7.226562500000000000e-01
-4.296875000000000000e-01
8.242187500000000000e-01
1.335937500000000000e+00
-6.835937500000000000e-01
-2.015625000000000000e+00
-1.398437500000000000e+00
-1.296875000000000000e+00
-2.562500000000000000e+00
-8.867187500000000000e-01
-6.132812500000000000e-01
5.937500000000000000e-01
-1.023437500000000000e+00
-2.890625000000000000e+00
1.007812500000000000e+00
-2.046875000000000000e+00
1.164062500000000000e+00
1.039062500000000000e+00
3.637695312500000000e-02
-1.648437500000000000e+00
-1.210937500000000000e+00
-4.511718750000000000e-01
-4.785156250000000000e-01
-6.679687500000000000e-01
2.871093750000000000e-01
1.031250000000000000e+00
-7.460937500000000000e-01
-8.476562500000000000e-01
1.320312500000000000e+00
1.296875000000000000e+00
-2.156250000000000000e+00
4.687500000000000000e-01
-2.558593750000000000e-01
1.148437500000000000e+00
8.125000000000000000e-01
-2.675781250000000000e-01
5.625000000000000000e-01
-2.070312500000000000e-01
2.046875000000000000e+00
1.476562500000000000e+00
7.460937500000000000e-01
1.367187500000000000e+00
3.769531250000000000e-01
2.500000000000000000e+00
-1.156250000000000000e+00
-4.316406250000000000e-01
1.835937500000000000e+00
-9.804687500000000000e-01
3.496093750000000000e-01
-1.570312500000000000e+00
1.070312500000000000e+00
8.710937500000000000e-01
9.414062500000000000e-01
-1.164062500000000000e+00
-8.007812500000000000e-01
6.445312500000000000e-01
8.632812500000000000e-01
-8.320312500000000000e-01
-5.273437500000000000e-01
7.460937500000000000e-01
1.460937500000000000e+00
1.914062500000000000e+00
-4.125000000000000000e+00
-8.085937500000000000e-01
-1.281250000000000000e+00
-2.673339843750000000e-02
1.039062500000000000e+00
-1.234375000000000000e+00
2.695312500000000000e-01
7.812500000000000000e-01
1.976562500000000000e+00
2.593750000000000000e+00
-2.062500000000000000e+00
-3.921875000000000000e+00
-3.808593750000000000e-01
-3.062500000000000000e+00
-2.609375000000000000e+00
5.312500000000000000e-01
-1.070312500000000000e+00
1.648437500000000000e+00
-5.664062500000000000e-01
3.300781250000000000e-01
-1.148437500000000000e+00
1.507812500000000000e+00
-3.769531250000000000e-01
4.531250000000000000e+00
-1.203125000000000000e+00
-2.515625000000000000e+00
-3.964843750000000000e-01
4.921875000000000000e-01
-4.902343750000000000e-01
6.289062500000000000e-01
-6.757812500000000000e-01
-2.375000000000000000e+00
2.953125000000000000e+00
-2.750000000000000000e+00
6.884765625000000000e-02
-5.281250000000000000e+00
-4.765625000000000000e-01
-2.187500000000000000e+00
-4.281250000000000000e+00
9.726562500000000000e-01
1.335937500000000000e+00
-1.250000000000000000e+00
5.664062500000000000e-01
-7.460937500000000000e-01
-2.328125000000000000e+00
1.375000000000000000e+00
6.914062500000000000e-01
-9.648437500000000000e-01
1.367187500000000000e+00
1.281250000000000000e+00
-1.689453125000000000e-01
1.046875000000000000e+00
-5.156250000000000000e-01
5.976562500000000000e-01
-5.175781250000000000e-02
-1.156250000000000000e+00
-7.968750000000000000e-01
9.257812500000000000e-01
7.460937500000000000e-01
-1.351562500000000000e+00
