3.750000000000000000e-01
-4.628906250000000000e-01
-1.656250000000000000e+00
1.507812500000000000e+00
2.187500000000000000e-01
1.750000000000000000e+00
1.585937500000000000e+00
1.304687500000000000e+00
-1.250000000000000000e+00
-5.312500000000000000e-01
1.687500000000000000e+00
1.007812500000000000e+00
1.945312500000000000e+00
5.312500000000000000e-01
1.164062500000000000e+00
1.023437500000000000e+00
-6.914062500000000000e-01
1.281250000000000000e+00
2.578125000000000000e+00
-2.265625000000000000e+00
1.328125000000000000e-01
3.578125000000000000e+00
-4.156250000000000000e+00
-2.314453125000000000e-01
1.304687500000000000e+00
4.843750000000000000e-01
-1.898437500000000000e+00
6.757812500000000000e-01
-6.054687500000000000e-01
-9.726562500000000000e-01
2.015625000000000000e+00
1.500000000000000000e+00
1.773437500000000000e+00
-1.101562500000000000e+00
-3.027343750000000000e-01
-1.015625000000000000e+00
1.898437500000000000e+00
-1.914062500000000000e+00
5.625000000000000000e-01
-2.093750000000000000e+00
8.437500000000000000e-01
2.296875000000000000e+00
-2.609252929687500000e-03
-2.343750000000000000e-01
9.375000000000000000e-02
1.906250000000000000e+00
9.882812500000000000e-01
-1.078125000000000000e+00
1.476562500000000000e+00
1.531250000000000000e+00
-1.320312500000000000e+00
-1.281250000000000000e+00
2.609375000000000000e+00
-5.195312500000000000e-01
1.585937500000000000e+00
1.835937500000000000e+00
-2.265625000000000000e+00
-1.898437500000000000e+00
-6.500244140625000000e-03
9.570312500000000000e-01
-2.500000000000000000e+00
1.210937500000000000e+00
-9.101562500000000000e-01
2.078125000000000000e+00
1.695312500000000000e+00
-2.656250000000000000e-01
1.406250000000000000e+00
-1.476562500000000000e+00
-1.296875000000000000e+00
7.031250000000000000e-01
-1.101562500000000000e+00
1.429687500000000000e+00
-1.117187500000000000e+00
-1.750000000000000000e+00
2.828125000000000000e+00
5.218505859375000000e-03
2.265625000000000000e+00
1.562500000000000000e+00
1.820312500000000000e+00
6.289062500000000000e-01
3.046875000000000000e+00
1.476562500000000000e+00
-7.695312500000000000e-01
-3.457031250000000000e-01
-2.531250000000000000e+00
1.601562500000000000e+00
1.937500000000000000e+00
1.539062500000000000e+00
1.210937500000000000e+00
-2.714843750000000000e-01
-1.585937500000000000e+00
1.562500000000000000e-02
-2.046875000000000000e+00
-7.460937500000000000e-01
1.531250000000000000e+00
-9.882812500000000000e-01
1.976562500000000000e+00
1.257812500000000000e+00
3.183593750000000000e-01
1.367187500000000000e+00
1.945312500000000000e+00
-1.562500000000000000e-01
-6.445312500000000000e-01
2.312500000000000000e+00
2.500000000000000000e+00
1.789062500000000000e+00
-1.023437500000000000e+00
2.265625000000000000e+00
-5.737304687500000000e-02
-1.562500000000000000e+00
2.296875000000000000e+00
2.060546875000000000e-01
1.523437500000000000e+00
-2.312500000000000000e+00
-6.054687500000000000e-01
2.187500000000000000e+00
1.257812500000000000e+00
-1.367187500000000000e+00
-7.812500000000000000e-02
-5.429687500000000000e-01
-1.437500000000000000e+00
-2.392578125000000000e-01
-5.195312500000000000e-01
1.539062500000000000e+00
1.835937500000000000e+00
1.132812500000000000e+00
2.046875000000000000e+00
2.578125000000000000e+00
1.632812500000000000e+00
1.101562500000000000e+00
2.234375000000000000e+00
5.742187500000000000e-01
1.398437500000000000e+00
-8.007812500000000000e-01
-3.691406250000000000e-01
-1.196289062500000000e-01
-1.085937500000000000e+00
1.320312500000000000e+00
1.562500000000000000e+00
-2.515625000000000000e+00
-1.398437500000000000e+00
1.976562500000000000e+00
2.312500000000000000e+00
1.125000000000000000e+00
1.960937500000000000e+00
-2.675781250000000000e-01
8.242187500000000000e-01
-1.476562500000000000e+00
1.726562500000000000e+00
2.125000000000000000e+00
5.000000000000000000e-01
4.609375000000000000e-01
-4.609375000000000000e-01
4.921875000000000000e-01
2.812500000000000000e-01
-1.718750000000000000e+00
-1.015625000000000000e+00
-1.507812500000000000e+00
8.593750000000000000e-01
-5.312500000000000000e-01
-1.492187500000000000e+00
-1.437500000000000000e+00
1.070312500000000000e+00
-1.726562500000000000e+00
-1.539062500000000000e+00
2.265625000000000000e+00
-1.109375000000000000e+00
3.906250000000000000e-03
2.703125000000000000e+00
-1.000000000000000000e+00
8.554687500000000000e-01
-1.132812500000000000e+00
2.390625000000000000e+00
1.570312500000000000e+00
2.236328125000000000e-01
1.687500000000000000e+00
-6.210937500000000000e-01
2.687500000000000000e+00
2.437500000000000000e+00
1.718750000000000000e+00
-2.871093750000000000e-01
1.789062500000000000e+00
-3.066406250000000000e-01
-1.875000000000000000e+00
-5.312500000000000000e-01
2.875000000000000000e+00
1.507812500000000000e+00
1.007812500000000000e+00
-8.476562500000000000e-01
1.156250000000000000e+00
1.945312500000000000e+00
-1.070312500000000000e+00
1.414062500000000000e+00
1.960937500000000000e+00
1.156250000000000000e+00
-7.812500000000000000e-01
4.375000000000000000e-01
-2.001953125000000000e-01
-1.070312500000000000e+00
2.031250000000000000e-01
1.101562500000000000e+00
-6.835937500000000000e-01
-1.054687500000000000e-01
-1.503906250000000000e-01
7.539062500000000000e-01
1.492187500000000000e+00
-1.492187500000000000e+00
-3.027343750000000000e-01
1.445312500000000000e+00
1.007812500000000000e+00
-1.031250000000000000e+00
1.617187500000000000e+00
-7.812500000000000000e-02
1.656250000000000000e+00
-3.164062500000000000e-01
2.359375000000000000e+00
1.826171875000000000e-01
1.476562500000000000e+00
-2.343750000000000000e-01
-9.062500000000000000e-01
-6.054687500000000000e-01
8.398437500000000000e-01
7.226562500000000000e-01
-3.574218750000000000e-01
-2.578125000000000000e+00
-1.007812500000000000e+00
-1.632812500000000000e+00
-2.714843750000000000e-01
-1.304687500000000000e+00
1.968750000000000000e+00
-6.835937500000000000e-01
7.929687500000000000e-01
1.375000000000000000e+00
-3.393554687500000000e-02
-6.992187500000000000e-01
3.281250000000000000e-01
-2.156250000000000000e+00
1.414062500000000000e+00
-1.898437500000000000e+00
-1.196289062500000000e-01
1.812500000000000000e+00
1.523437500000000000e+00
4.531250000000000000e-01
6.289062500000000000e-01
-1.148437500000000000e+00
-1.593750000000000000e+00
-1.195312500000000000e+00
1.904296875000000000e-01
-1.664062500000000000e+00
2.597656250000000000e-01
-2.421875000000000000e+00
-8.164062500000000000e-01
1.242187500000000000e+00
-3.906250000000000000e-01
1.539062500000000000e+00
1.992187500000000000e+00
-1.335937500000000000e+00
-8.398437500000000000e-01
-5.976562500000000000e-01
-4.394531250000000000e-01
-2.031250000000000000e+00
-1.835937500000000000e+00
-8.007812500000000000e-01
-1.630859375000000000e-01
7.187500000000000000e-01
7.695312500000000000e-01
-6.367187500000000000e-01
-1.679687500000000000e+00
-1.054687500000000000e+00
3.066406250000000000e-01
-3.339843750000000000e-01
-8.437500000000000000e-01
-5.507812500000000000e-01
1.226562500000000000e+00
-1.078125000000000000e+00
-8.437500000000000000e-01
1.812500000000000000e+00
-4.941406250000000000e-01
1.976562500000000000e+00
1.593750000000000000e+00
5.742187500000000000e-01
2.343750000000000000e-01
-1.406250000000000000e+00
-2.031250000000000000e-01
-7.812500000000000000e-01
-9.960937500000000000e-01
6.757812500000000000e-01
1.445312500000000000e+00
-9.492187500000000000e-01
-9.257812500000000000e-01
1.257812500000000000e+00
1.539062500000000000e+00
-3.312500000000000000e+00
-2.138671875000000000e-01
-2.968750000000000000e-01
1.539062500000000000e+00
1.195312500000000000e+00
4.531250000000000000e-01
1.242187500000000000e+00
6.601562500000000000e-01
1.937500000000000000e+00
1.156250000000000000e+00
2.000000000000000000e+00
2.265625000000000000e+00
6.992187500000000000e-01
2.734375000000000000e+00
-5.507812500000000000e-01
1.539062500000000000e+00
1.039062500000000000e+00
-1.562500000000000000e+00
1.023437500000000000e+00
-1.000000000000000000e+00
2.031250000000000000e-01
1.617187500000000000e+00
1.476562500000000000e+00
-1.375000000000000000e+00
1.040039062500000000e-01
1.492187500000000000e+00
1.429687500000000000e+00
-6.601562500000000000e-01
-1.226562500000000000e+00
1.226562500000000000e+00
1.882812500000000000e+00
2.031250000000000000e+00
-3.000000000000000000e+00
-7.500000000000000000e-01
-1.851562500000000000e+00
1.070312500000000000e+00
1.375000000000000000e+00
-1.929687500000000000e+00
4.453125000000000000e-01
8.750000000000000000e-01
2.421875000000000000e+00
2.734375000000000000e+00
-2.328125000000000000e+00
-2.000000000000000000e+00
3.984375000000000000e-01
-1.226562500000000000e+00
-1.742187500000000000e+00
-1.210937500000000000e+00
-5.429687500000000000e-01
2.015625000000000000e+00
-6.835937500000000000e-01
7.617187500000000000e-01
-1.923828125000000000e-01
2.281250000000000000e+00
-8.320312500000000000e-01
3.625000000000000000e+00
-1.562500000000000000e-01
-1.039062500000000000e+00
2.500000000000000000e-01
9.804687500000000000e-01
3.300781250000000000e-01
1.492187500000000000e+00
3.417968750000000000e-01
-1.304687500000000000e+00
1.679687500000000000e+00
-1.601562500000000000e+00
-7.148437500000000000e-01
-3.562500000000000000e+00
4.218750000000000000e-01
-2.359375000000000000e+00
-2.828125000000000000e+00
1.820312500000000000e+00
1.585937500000000000e+00
-8.906250000000000000e-01
7.226562500000000000e-01
-4.375000000000000000e-01
-2.515625000000000000e+00
1.960937500000000000e+00
1.882812500000000000e+00
6.093750000000000000e-01
1.843750000000000000e+00
2.984375000000000000e+00
7.568359375000000000e-02
1.429687500000000000e+00
-2.203125000000000000e+00
9.570312500000000000e-01
9.570312500000000000e-01
-1.015625000000000000e+00
-1.757812500000000000e+00
1.937500000000000000e+00
7.304687500000000000e-01
-3.847656250000000000e-01
