4.500000000000000000e+00
-7.929687500000000000e-01
-2.750000000000000000e+00
2.562500000000000000e+00
-6.914062500000000000e-01
-2.636718750000000000e-01
1.367187500000000000e+00
1.570312500000000000e+00
-1.726562500000000000e+00
-1.195312500000000000e+00
2.031250000000000000e+00
1.750000000000000000e+00
1.835937500000000000e+00
6.250000000000000000e-01
2.203125000000000000e+00
1.304687500000000000e+00
-2.093750000000000000e+00
1.960937500000000000e+00
5.843750000000000000e+00
-3.222656250000000000e-01
-1.007812500000000000e+00
1.750000000000000000e+00
-1.867187500000000000e+00
-8.281250000000000000e-01
2.390625000000000000e+00
1.460937500000000000e+00
-2.031250000000000000e-01
-5.981445312500000000e-02
1.007812500000000000e+00
-2.203125000000000000e+00
4.000000000000000000e+00
-1.320312500000000000e+00
3.234375000000000000e+00
-2.750000000000000000e+00
-8.789062500000000000e-01
-7.304687500000000000e-01
3.242187500000000000e-01
-6.875000000000000000e-01
1.101562500000000000e+00
-1.140625000000000000e+00
-6.494140625000000000e-02
4.250000000000000000e+00
1.937500000000000000e+00
-1.078125000000000000e+00
-9.687500000000000000e-01
1.132812500000000000e+00
8.632812500000000000e-01
9.130859375000000000e-02
4.375000000000000000e-01
3.296875000000000000e+00
1.230468750000000000e-01
-1.375000000000000000e+00
6.367187500000000000e-01
-1.414062500000000000e+00
3.250000000000000000e+00
3.875000000000000000e+00
-1.312500000000000000e+00
2.109375000000000000e+00
1.468750000000000000e+00
1.664062500000000000e+00
-1.835937500000000000e+00
1.093750000000000000e+00
5.664062500000000000e-01
3.296875000000000000e+00
2.046875000000000000e+00
-2.910156250000000000e-01
3.203125000000000000e+00
-1.320312500000000000e+00
7.304687500000000000e-01
-4.121093750000000000e-01
-1.101562500000000000e+00
4.082031250000000000e-01
7.226562500000000000e-01
-3.515625000000000000e+00
8.007812500000000000e-01
-2.875000000000000000e+00
3.375000000000000000e+00
1.164062500000000000e+00
3.015625000000000000e+00
1.406250000000000000e+00
2.062500000000000000e+00
1.898437500000000000e+00
-1.289062500000000000e+00
-1.533203125000000000e-01
-3.328125000000000000e+00
3.320312500000000000e-02
3.671875000000000000e+00
3.015625000000000000e+00
1.226562500000000000e+00
-1.101562500000000000e+00
-3.535156250000000000e-01
1.835937500000000000e+00
-3.046875000000000000e+00
4.003906250000000000e-01
-8.437500000000000000e-01
-2.171875000000000000e+00
6.125000000000000000e+00
2.171875000000000000e+00
-1.218750000000000000e+00
8.867187500000000000e-01
4.000000000000000000e+00
-6.054687500000000000e-01
-1.906250000000000000e+00
1.539062500000000000e+00
4.343750000000000000e+00
3.484375000000000000e+00
-9.531250000000000000e-01
1.257812500000000000e+00
-4.003906250000000000e-01
-4.511718750000000000e-01
4.156250000000000000e+00
-1.875000000000000000e+00
6.445312500000000000e-01
-1.132812500000000000e+00
-9.023437500000000000e-01
3.312500000000000000e+00
-1.882812500000000000e+00
-1.601562500000000000e+00
-5.117187500000000000e-01
-5.976562500000000000e-01
-3.000000000000000000e+00
-6.562500000000000000e-01
-1.031250000000000000e+00
1.960937500000000000e+00
1.164062500000000000e+00
1.625000000000000000e+00
2.296875000000000000e+00
4.843750000000000000e+00
2.734375000000000000e+00
7.539062500000000000e-01
9.335937500000000000e-01
-7.617187500000000000e-01
1.687500000000000000e+00
-1.937500000000000000e+00
3.328125000000000000e+00
-3.085937500000000000e-01
-1.826171875000000000e-01
2.937500000000000000e+00
2.546875000000000000e+00
-3.500000000000000000e+00
-2.470703125000000000e-01
4.160156250000000000e-01
3.125000000000000000e+00
1.125000000000000000e+00
2.656250000000000000e+00
-1.343750000000000000e+00
3.562500000000000000e+00
-2.250000000000000000e+00
2.953125000000000000e+00
2.828125000000000000e+00
4.968750000000000000e+00
-7.500000000000000000e-01
-1.460937500000000000e+00
-9.228515625000000000e-02
-1.562500000000000000e-01
1.429687500000000000e+00
-1.906250000000000000e+00
-9.257812500000000000e-01
-4.453125000000000000e-01
-1.968750000000000000e+00
1.279296875000000000e-01
6.992187500000000000e-01
1.945312500000000000e+00
1.218750000000000000e+00
1.040039062500000000e-01
4.343750000000000000e+00
-1.570312500000000000e+00
7.070312500000000000e-01
1.460937500000000000e+00
-1.750000000000000000e+00
1.148437500000000000e+00
-2.600097656250000000e-02
3.671875000000000000e+00
3.203125000000000000e+00
8.476562500000000000e-01
3.296875000000000000e+00
8.710937500000000000e-01
2.515625000000000000e+00
-1.455078125000000000e-01
2.343750000000000000e+00
1.570312500000000000e+00
3.015625000000000000e+00
-1.069335937500000000e-01
-9.375000000000000000e-02
-3.393554687500000000e-02
5.125000000000000000e+00
1.523437500000000000e+00
5.742187500000000000e-01
-1.343750000000000000e+00
1.171875000000000000e+00
2.265625000000000000e+00
-1.148437500000000000e+00
2.937500000000000000e+00
3.437500000000000000e+00
1.718750000000000000e+00
2.296875000000000000e+00
-1.696777343750000000e-02
2.546875000000000000e+00
-9.882812500000000000e-01
7.958984375000000000e-02
6.015625000000000000e-01
2.828125000000000000e+00
-5.039062500000000000e-01
-2.125000000000000000e+00
1.523437500000000000e+00
3.671875000000000000e+00
-2.187500000000000000e+00
-6.679687500000000000e-01
2.734375000000000000e+00
2.578125000000000000e+00
-1.914062500000000000e+00
3.171875000000000000e+00
-1.125000000000000000e+00
1.054687500000000000e+00
-2.187500000000000000e+00
4.843750000000000000e+00
3.390625000000000000e+00
2.000000000000000000e+00
-2.265625000000000000e+00
2.484375000000000000e+00
-3.691406250000000000e-01
1.507812500000000000e+00
9.804687500000000000e-01
4.858398437500000000e-02
1.982421875000000000e-01
-1.914062500000000000e+00
-3.491210937500000000e-02
-1.669921875000000000e-01
4.174804687500000000e-02
5.156250000000000000e-01
-8.789062500000000000e-01
4.718750000000000000e+00
4.406250000000000000e+00
-5.195312500000000000e-01
-3.906250000000000000e-01
-3.300781250000000000e-01
-3.140625000000000000e+00
1.398437500000000000e+00
-2.828125000000000000e+00
-1.093750000000000000e+00
2.828125000000000000e+00
6.367187500000000000e-01
-3.125000000000000000e+00
-1.015625000000000000e+00
-2.099609375000000000e-01
-2.988281250000000000e-01
5.151367187500000000e-02
-2.001953125000000000e-01
-6.445312500000000000e-02
-3.847656250000000000e-01
3.750000000000000000e-01
-2.406250000000000000e+00
4.281250000000000000e+00
-1.125000000000000000e+00
2.125000000000000000e+00
4.765625000000000000e-01
-2.734375000000000000e+00
-2.500000000000000000e+00
-1.382812500000000000e+00
-2.734375000000000000e+00
-3.578125000000000000e+00
-6.835937500000000000e-01
-1.476562500000000000e+00
-1.273437500000000000e+00
6.835937500000000000e-01
7.031250000000000000e-02
-2.671875000000000000e+00
-2.138671875000000000e-01
6.679687500000000000e-01
-1.337890625000000000e-01
7.070312500000000000e-01
-2.636718750000000000e-01
-2.046875000000000000e+00
2.359375000000000000e+00
-3.808593750000000000e-01
1.781250000000000000e+00
3.421875000000000000e+00
2.875000000000000000e+00
2.390625000000000000e+00
2.828125000000000000e+00
1.867187500000000000e+00
-6.500244140625000000e-03
5.976562500000000000e-01
-5.898437500000000000e-01
8.750000000000000000e-01
-2.500000000000000000e-01
1.468750000000000000e+00
1.593750000000000000e+00
-5.664062500000000000e-01
-2.609375000000000000e+00
1.335937500000000000e+00
1.664062500000000000e+00
-1.570312500000000000e+00
7.695312500000000000e-01
-1.429687500000000000e+00
2.640625000000000000e+00
2.062500000000000000e+00
4.707031250000000000e-01
2.625000000000000000e+00
1.132812500000000000e+00
8.320312500000000000e-01
2.695312500000000000e-01
4.843750000000000000e+00
3.609375000000000000e+00
1.835937500000000000e+00
2.046875000000000000e+00
-2.753906250000000000e-01
3.484375000000000000e+00
1.748046875000000000e-01
-2.470703125000000000e-01
2.078125000000000000e+00
-3.886718750000000000e-01
4.785156250000000000e-01
2.765625000000000000e+00
1.406250000000000000e+00
-3.203125000000000000e+00
-1.046875000000000000e+00
3.125000000000000000e+00
1.882812500000000000e+00
-9.687500000000000000e-01
-2.875000000000000000e+00
2.109375000000000000e+00
2.687500000000000000e+00
1.265625000000000000e+00
-6.992187500000000000e-01
-2.484375000000000000e+00
-1.101562500000000000e+00
1.335937500000000000e+00
8.632812500000000000e-01
-3.578125000000000000e+00
1.062500000000000000e+00
2.140625000000000000e+00
1.812500000000000000e+00
1.570312500000000000e+00
-3.046875000000000000e+00
-1.513671875000000000e-01
9.179687500000000000e-01
2.640625000000000000e+00
5.429687500000000000e-01
-1.125000000000000000e+00
-9.375000000000000000e-01
2.593750000000000000e+00
1.820312500000000000e+00
2.265625000000000000e+00
-4.140625000000000000e-01
3.921875000000000000e+00
-1.257812500000000000e+00
5.585937500000000000e-01
-6.562500000000000000e-01
7.617187500000000000e-01
-1.093750000000000000e+00
2.187500000000000000e+00
-7.304687500000000000e-01
3.453125000000000000e+00
-5.585937500000000000e-01
9.570312500000000000e-01
-7.031250000000000000e-01
8.349609375000000000e-02
-1.507812500000000000e+00
-1.039062500000000000e+00
2.609252929687500000e-03
-1.503906250000000000e-01
-4.160156250000000000e-01
3.078125000000000000e+00
1.195312500000000000e+00
-1.298828125000000000e-01
1.437500000000000000e+00
-6.093750000000000000e-01
-3.703125000000000000e+00
2.750000000000000000e+00
3.046875000000000000e+00
-5.625000000000000000e-01
1.960937500000000000e+00
5.250000000000000000e+00
-1.398437500000000000e+00
2.125000000000000000e+00
-1.882812500000000000e+00
1.210937500000000000e+00
9.716796875000000000e-02
-5.195312500000000000e-01
-3.703125000000000000e+00
2.812500000000000000e+00
-2.578125000000000000e-01
2.578125000000000000e+00
