-1.554687500000000000e+00
4.433593750000000000e-01
-1.437500000000000000e+00
7.812500000000000000e-01
-3.652343750000000000e-01
1.531250000000000000e+00
8.750000000000000000e-01
5.859375000000000000e-01
-6.289062500000000000e-01
-1.031250000000000000e+00
9.179687500000000000e-01
7.070312500000000000e-01
1.562500000000000000e+00
1.250000000000000000e-01
6.679687500000000000e-01
2.910156250000000000e-01
-1.599121093750000000e-02
4.531250000000000000e-01
-1.757812500000000000e-01
-1.476562500000000000e+00
-7.304687500000000000e-01
3.046875000000000000e+00
-5.593750000000000000e+00
-7.968750000000000000e-01
5.273437500000000000e-01
7.812500000000000000e-03
-3.421875000000000000e+00
-1.000000000000000000e+00
-4.765625000000000000e-01
-7.382812500000000000e-01
9.179687500000000000e-01
2.109375000000000000e+00
7.929687500000000000e-01
-7.031250000000000000e-01
4.241943359375000000e-03
-1.507812500000000000e+00
1.679687500000000000e+00
-7.656250000000000000e-01
-7.666015625000000000e-02
-1.585937500000000000e+00
-6.171875000000000000e-01
1.281250000000000000e+00
4.355468750000000000e-01
-1.474609375000000000e-01
-1.226562500000000000e+00
1.179687500000000000e+00
9.804687500000000000e-01
-3.496093750000000000e-01
1.351562500000000000e+00
5.585937500000000000e-01
-8.476562500000000000e-01
-1.335937500000000000e+00
2.296875000000000000e+00
-4.355468750000000000e-01
5.976562500000000000e-01
2.343750000000000000e-02
-8.320312500000000000e-01
-3.328125000000000000e+00
8.935546875000000000e-02
3.574218750000000000e-01
-1.273437500000000000e+00
8.867187500000000000e-01
-7.500000000000000000e-01
1.585937500000000000e+00
1.375000000000000000e+00
-1.147460937500000000e-01
5.468750000000000000e-01
1.650390625000000000e-01
-4.980468750000000000e-01
4.550781250000000000e-01
-1.289062500000000000e+00
1.273437500000000000e+00
-2.617187500000000000e-01
-1.562500000000000000e+00
2.265625000000000000e+00
9.687500000000000000e-01
1.445312500000000000e+00
1.257812500000000000e+00
1.187500000000000000e+00
-1.225585937500000000e-01
2.296875000000000000e+00
5.429687500000000000e-01
-8.867187500000000000e-01
-9.062500000000000000e-01
-1.976562500000000000e+00
1.242187500000000000e+00
-5.273437500000000000e-01
7.812500000000000000e-01
4.628906250000000000e-01
-1.718750000000000000e+00
-9.179687500000000000e-01
6.093750000000000000e-01
-8.437500000000000000e-01
-6.445312500000000000e-01
1.625000000000000000e+00
-4.785156250000000000e-01
-3.671875000000000000e-01
5.390625000000000000e-01
-8.242187500000000000e-01
1.218750000000000000e+00
3.222656250000000000e-01
-1.750000000000000000e+00
-9.882812500000000000e-01
1.812500000000000000e+00
1.000000000000000000e+00
1.132812500000000000e+00
5.346679687500000000e-02
2.031250000000000000e+00
-1.210937500000000000e+00
-1.039062500000000000e+00
1.250000000000000000e+00
-3.105468750000000000e-01
1.976562500000000000e+00
-3.125000000000000000e-01
-6.328125000000000000e-01
1.375000000000000000e+00
2.375000000000000000e+00
-7.070312500000000000e-01
-1.648437500000000000e+00
-1.748046875000000000e-01
-6.054687500000000000e-01
-1.210937500000000000e+00
-5.117187500000000000e-01
9.492187500000000000e-01
1.437500000000000000e+00
4.218750000000000000e-01
1.335937500000000000e+00
1.125000000000000000e+00
9.062500000000000000e-01
8.750000000000000000e-01
2.171875000000000000e+00
1.023437500000000000e+00
5.351562500000000000e-01
-1.117187500000000000e+00
-2.468750000000000000e+00
-6.210937500000000000e-01
-6.445312500000000000e-01
3.574218750000000000e-01
1.164062500000000000e+00
-9.726562500000000000e-01
-1.343750000000000000e+00
2.375000000000000000e+00
1.265625000000000000e+00
4.375000000000000000e-01
1.125000000000000000e+00
-5.664062500000000000e-01
-5.468750000000000000e-01
-1.476562500000000000e+00
8.632812500000000000e-01
1.078125000000000000e+00
-1.226562500000000000e+00
-4.042968750000000000e-01
-9.414062500000000000e-01
-4.467773437500000000e-02
-1.273437500000000000e+00
-3.109375000000000000e+00
-7.031250000000000000e-01
-9.023437500000000000e-01
1.923828125000000000e-01
-9.960937500000000000e-01
-1.117187500000000000e+00
-1.539062500000000000e+00
3.320312500000000000e-01
-3.078125000000000000e+00
-9.648437500000000000e-01
1.070312500000000000e+00
-1.007812500000000000e+00
-1.796875000000000000e-01
2.296875000000000000e+00
-5.273437500000000000e-01
6.757812500000000000e-01
-8.007812500000000000e-01
1.539062500000000000e+00
8.125000000000000000e-01
-3.847656250000000000e-01
1.054687500000000000e+00
-8.320312500000000000e-01
1.835937500000000000e+00
1.812500000000000000e+00
7.812500000000000000e-01
-1.242187500000000000e+00
9.257812500000000000e-01
-3.066406250000000000e-01
-1.101562500000000000e+00
2.734375000000000000e-01
1.195312500000000000e+00
8.710937500000000000e-01
5.429687500000000000e-01
2.500000000000000000e-01
5.468750000000000000e-01
1.101562500000000000e+00
-9.882812500000000000e-01
7.187500000000000000e-01
1.351562500000000000e+00
5.117187500000000000e-01
-2.109375000000000000e+00
5.039062500000000000e-01
-2.562500000000000000e+00
-1.109375000000000000e+00
-8.906250000000000000e-01
5.429687500000000000e-01
-1.625000000000000000e+00
1.259765625000000000e-01
-3.320312500000000000e-01
-3.198242187500000000e-02
6.718750000000000000e-01
-6.689453125000000000e-02
-1.429687500000000000e+00
6.406250000000000000e-01
3.691406250000000000e-01
-1.117187500000000000e+00
5.664062500000000000e-01
-9.726562500000000000e-01
1.406250000000000000e+00
-4.199218750000000000e-01
1.078125000000000000e+00
-7.343750000000000000e-01
8.007812500000000000e-01
1.914062500000000000e-01
-2.765625000000000000e+00
-8.437500000000000000e-01
-2.158203125000000000e-01
3.925781250000000000e-01
-2.080078125000000000e-01
-3.921875000000000000e+00
-9.179687500000000000e-01
-1.015625000000000000e+00
-1.968750000000000000e+00
-2.234375000000000000e+00
1.632812500000000000e+00
-5.195312500000000000e-01
-6.835937500000000000e-01
-1.062500000000000000e+00
2.910156250000000000e-01
-2.421875000000000000e-01
-1.312500000000000000e+00
6.225585937500000000e-02
1.054687500000000000e+00
-1.148437500000000000e+00
-1.031250000000000000e+00
1.312500000000000000e+00
1.257812500000000000e+00
1.773437500000000000e+00
-3.222656250000000000e-01
-1.046875000000000000e+00
-1.500000000000000000e+00
-1.406250000000000000e+00
-4.707031250000000000e-01
-1.179687500000000000e+00
-1.523437500000000000e+00
-4.093750000000000000e+00
-7.460937500000000000e-01
-7.695312500000000000e-01
-8.398437500000000000e-01
1.046875000000000000e+00
1.218750000000000000e+00
-1.226562500000000000e+00
-7.343750000000000000e-01
-1.689453125000000000e-01
-6.835937500000000000e-01
-7.382812500000000000e-01
-6.367187500000000000e-01
-8.125000000000000000e-01
-4.394531250000000000e-01
8.437500000000000000e-01
8.593750000000000000e-01
-6.523437500000000000e-01
-1.375000000000000000e+00
-6.757812500000000000e-01
-1.320312500000000000e+00
-1.804687500000000000e+00
-8.554687500000000000e-01
-7.031250000000000000e-01
6.054687500000000000e-01
-6.289062500000000000e-01
-2.296875000000000000e+00
8.867187500000000000e-01
-2.109375000000000000e+00
9.257812500000000000e-01
6.015625000000000000e-01
-6.250000000000000000e-02
-1.476562500000000000e+00
-3.828125000000000000e-01
-4.121093750000000000e-01
2.558593750000000000e-01
-5.312500000000000000e-01
1.176757812500000000e-01
7.500000000000000000e-01
-5.351562500000000000e-01
-8.867187500000000000e-01
1.226562500000000000e+00
9.375000000000000000e-01
-1.437500000000000000e+00
7.070312500000000000e-01
-5.429687500000000000e-01
1.203125000000000000e+00
5.429687500000000000e-01
3.261566162109375000e-04
6.718750000000000000e-01
-1.230468750000000000e-01
1.664062500000000000e+00
1.250000000000000000e+00
3.183593750000000000e-01
1.218750000000000000e+00
2.373046875000000000e-01
1.898437500000000000e+00
-1.023437500000000000e+00
-7.460937500000000000e-01
1.398437500000000000e+00
-3.281250000000000000e-01
2.070312500000000000e-01
-1.351562500000000000e+00
1.179687500000000000e+00
7.929687500000000000e-01
6.601562500000000000e-01
-1.375000000000000000e+00
-1.093750000000000000e+00
4.082031250000000000e-01
5.351562500000000000e-01
-1.085937500000000000e+00
-8.125000000000000000e-01
4.746093750000000000e-01
1.093750000000000000e+00
1.710937500000000000e+00
-3.828125000000000000e+00
-8.632812500000000000e-01
-9.414062500000000000e-01
2.792968750000000000e-01
7.968750000000000000e-01
-1.289062500000000000e+00
2.470703125000000000e-01
8.632812500000000000e-01
1.523437500000000000e+00
2.140625000000000000e+00
-1.789062500000000000e+00
-3.703125000000000000e+00
-2.792968750000000000e-01
-2.921875000000000000e+00
-1.875000000000000000e+00
1.117187500000000000e+00
-1.117187500000000000e+00
1.179687500000000000e+00
-1.113281250000000000e-01
3.828125000000000000e-01
-1.101562500000000000e+00
1.273437500000000000e+00
-3.808593750000000000e-01
3.765625000000000000e+00
-1.351562500000000000e+00
-1.835937500000000000e+00
-6.289062500000000000e-01
3.457031250000000000e-01
-1.611328125000000000e-01
4.199218750000000000e-01
-3.925781250000000000e-01
-1.789062500000000000e+00
2.281250000000000000e+00
-2.703125000000000000e+00
7.031250000000000000e-02
-4.875000000000000000e+00
-6.093750000000000000e-01
-1.585937500000000000e+00
-4.250000000000000000e+00
7.031250000000000000e-01
1.132812500000000000e+00
-1.023437500000000000e+00
2.314453125000000000e-01
-7.226562500000000000e-01
-2.296875000000000000e+00
1.132812500000000000e+00
4.160156250000000000e-01
-1.046875000000000000e+00
1.062500000000000000e+00
9.257812500000000000e-01
-2.216796875000000000e-01
7.382812500000000000e-01
-1.962890625000000000e-01
4.785156250000000000e-01
-3.378906250000000000e-01
-8.437500000000000000e-01
-9.648437500000000000e-01
7.304687500000000000e-01
1.437500000000000000e+00
-1.406250000000000000e+00
