-2.109375000000000000e+00
-5.737304687500000000e-02
-1.218750000000000000e+00
5.820312500000000000e-01
-3.144531250000000000e-01
1.593750000000000000e+00
8.125000000000000000e-01
3.437500000000000000e-01
-7.187500000000000000e-01
-9.570312500000000000e-01
7.695312500000000000e-01
7.617187500000000000e-01
1.273437500000000000e+00
1.435546875000000000e-01
5.000000000000000000e-01
2.001953125000000000e-01
3.125000000000000000e-01
3.144531250000000000e-01
-5.429687500000000000e-01
-1.523437500000000000e+00
-5.625000000000000000e-01
3.265625000000000000e+00
-5.093750000000000000e+00
-7.070312500000000000e-01
3.984375000000000000e-01
-1.601562500000000000e-01
-3.078125000000000000e+00
-7.812500000000000000e-01
-5.273437500000000000e-01
-5.937500000000000000e-01
6.679687500000000000e-01
2.312500000000000000e+00
6.445312500000000000e-01
-8.242187500000000000e-01
-8.483886718750000000e-03
-1.367187500000000000e+00
1.914062500000000000e+00
-1.218750000000000000e+00
-1.689453125000000000e-01
-1.687500000000000000e+00
-2.714843750000000000e-01
1.023437500000000000e+00
8.056640625000000000e-02
-1.279296875000000000e-01
-1.007812500000000000e+00
1.132812500000000000e+00
9.492187500000000000e-01
-4.140625000000000000e-01
1.445312500000000000e+00
4.042968750000000000e-01
-1.000000000000000000e+00
-1.226562500000000000e+00
2.437500000000000000e+00
-1.455078125000000000e-01
4.277343750000000000e-01
-2.490234375000000000e-01
-1.101562500000000000e+00
-3.687500000000000000e+00
-5.053710937500000000e-02
2.832031250000000000e-01
-1.617187500000000000e+00
7.929687500000000000e-01
-8.125000000000000000e-01
1.242187500000000000e+00
1.070312500000000000e+00
-1.474609375000000000e-01
2.470703125000000000e-01
-3.125000000000000000e-01
-6.054687500000000000e-01
4.062500000000000000e-01
-1.250000000000000000e+00
1.265625000000000000e+00
-4.296875000000000000e-01
-1.554687500000000000e+00
2.500000000000000000e+00
1.414062500000000000e+00
1.085937500000000000e+00
1.125000000000000000e+00
8.867187500000000000e-01
1.235351562500000000e-01
2.140625000000000000e+00
4.843750000000000000e-01
-1.132812500000000000e+00
-1.000000000000000000e+00
-1.789062500000000000e+00
1.398437500000000000e+00
-5.820312500000000000e-01
5.664062500000000000e-01
4.355468750000000000e-01
-1.492187500000000000e+00
-1.171875000000000000e+00
1.562500000000000000e-01
-7.226562500000000000e-01
-7.382812500000000000e-01
1.960937500000000000e+00
-3.437500000000000000e-01
-9.687500000000000000e-01
3.261718750000000000e-01
-2.792968750000000000e-01
1.117187500000000000e+00
1.118164062500000000e-01
-1.531250000000000000e+00
-5.585937500000000000e-01
1.750000000000000000e+00
7.695312500000000000e-01
8.476562500000000000e-01
-1.376953125000000000e-01
2.031250000000000000e+00
-1.132812500000000000e+00
-1.125000000000000000e+00
9.648437500000000000e-01
3.881835937500000000e-02
1.882812500000000000e+00
-8.789062500000000000e-01
-5.742187500000000000e-01
1.054687500000000000e+00
2.750000000000000000e+00
-9.375000000000000000e-01
-1.531250000000000000e+00
-6.835937500000000000e-02
-6.445312500000000000e-01
-9.023437500000000000e-01
-5.039062500000000000e-01
8.398437500000000000e-01
1.375000000000000000e+00
2.675781250000000000e-01
1.179687500000000000e+00
8.320312500000000000e-01
7.070312500000000000e-01
7.500000000000000000e-01
2.187500000000000000e+00
7.656250000000000000e-01
4.746093750000000000e-01
-9.648437500000000000e-01
-2.640625000000000000e+00
-5.000000000000000000e-01
-8.945312500000000000e-01
1.455078125000000000e-01
9.726562500000000000e-01
-1.210937500000000000e+00
-1.148437500000000000e+00
2.375000000000000000e+00
1.109375000000000000e+00
4.296875000000000000e-01
9.687500000000000000e-01
-2.890625000000000000e-01
-1.093750000000000000e+00
-1.523437500000000000e+00
6.914062500000000000e-01
9.179687500000000000e-01
-1.937500000000000000e+00
-3.242187500000000000e-01
-9.882812500000000000e-01
-4.003906250000000000e-02
-1.140625000000000000e+00
-3.453125000000000000e+00
-5.781250000000000000e-01
-1.226562500000000000e+00
2.470703125000000000e-01
-8.007812500000000000e-01
-1.117187500000000000e+00
-1.882812500000000000e+00
3.906250000000000000e-01
-2.796875000000000000e+00
-1.148437500000000000e+00
7.968750000000000000e-01
-1.031250000000000000e+00
-8.642578125000000000e-02
2.390625000000000000e+00
-4.160156250000000000e-01
6.171875000000000000e-01
-8.632812500000000000e-01
1.304687500000000000e+00
5.976562500000000000e-01
-3.300781250000000000e-01
7.226562500000000000e-01
-8.476562500000000000e-01
1.664062500000000000e+00
2.421875000000000000e+00
6.406250000000000000e-01
-1.539062500000000000e+00
7.031250000000000000e-01
-2.080078125000000000e-01
-1.195312500000000000e+00
1.611328125000000000e-01
9.882812500000000000e-01
7.773437500000000000e-01
4.785156250000000000e-01
-9.460449218750000000e-03
5.468750000000000000e-01
9.257812500000000000e-01
-1.179687500000000000e+00
4.589843750000000000e-01
1.085937500000000000e+00
4.375000000000000000e-01
-2.453125000000000000e+00
4.785156250000000000e-01
-2.640625000000000000e+00
-1.156250000000000000e+00
-7.617187500000000000e-01
5.039062500000000000e-01
-2.234375000000000000e+00
-3.906250000000000000e-03
-8.398437500000000000e-02
2.099609375000000000e-01
3.925781250000000000e-01
-3.281250000000000000e-01
-1.226562500000000000e+00
4.472656250000000000e-01
8.593750000000000000e-02
-9.531250000000000000e-01
4.140625000000000000e-01
-7.968750000000000000e-01
1.343750000000000000e+00
-1.679687500000000000e-01
7.226562500000000000e-01
-1.406250000000000000e+00
6.757812500000000000e-01
3.437500000000000000e-01
-3.000000000000000000e+00
-8.593750000000000000e-01
-1.298828125000000000e-01
2.382812500000000000e-01
-1.196289062500000000e-01
-3.937500000000000000e+00
-8.320312500000000000e-01
-1.054687500000000000e+00
-1.867187500000000000e+00
-2.421875000000000000e+00
1.742187500000000000e+00
-4.375000000000000000e-01
-1.414062500000000000e+00
-1.226562500000000000e+00
1.982421875000000000e-01
-3.339843750000000000e-01
-1.179687500000000000e+00
-3.066406250000000000e-01
9.101562500000000000e-01
-1.250000000000000000e+00
-9.179687500000000000e-01
1.078125000000000000e+00
1.445312500000000000e+00
2.250000000000000000e+00
-3.652343750000000000e-01
-1.000000000000000000e+00
-1.476562500000000000e+00
-1.265625000000000000e+00
-3.652343750000000000e-01
-1.101562500000000000e+00
-1.367187500000000000e+00
-4.062500000000000000e+00
-6.914062500000000000e-01
-1.054687500000000000e+00
-7.851562500000000000e-01
8.554687500000000000e-01
1.242187500000000000e+00
-1.164062500000000000e+00
-4.667968750000000000e-01
-3.378906250000000000e-01
-5.390625000000000000e-01
-8.398437500000000000e-01
-1.242187500000000000e+00
-7.695312500000000000e-01
-7.460937500000000000e-01
7.500000000000000000e-01
9.492187500000000000e-01
-6.679687500000000000e-01
-1.492187500000000000e+00
-8.867187500000000000e-01
-1.195312500000000000e+00
-1.742187500000000000e+00
-8.476562500000000000e-01
-5.585937500000000000e-01
5.468750000000000000e-01
-8.437500000000000000e-01
-2.109375000000000000e+00
6.132812500000000000e-01
-2.562500000000000000e+00
8.750000000000000000e-01
4.667968750000000000e-01
-3.183593750000000000e-01
-1.281250000000000000e+00
-7.617187500000000000e-01
-4.746093750000000000e-01
-8.447265625000000000e-02
-5.039062500000000000e-01
2.844238281250000000e-02
6.523437500000000000e-01
-8.320312500000000000e-01
-6.875000000000000000e-01
1.039062500000000000e+00
8.320312500000000000e-01
-1.523437500000000000e+00
4.433593750000000000e-01
-3.906250000000000000e-01
9.882812500000000000e-01
3.984375000000000000e-01
1.191406250000000000e-01
5.351562500000000000e-01
1.843261718750000000e-02
1.710937500000000000e+00
1.226562500000000000e+00
-6.347656250000000000e-02
1.078125000000000000e+00
6.713867187500000000e-03
1.960937500000000000e+00
-1.187500000000000000e+00
-7.656250000000000000e-01
1.375000000000000000e+00
-6.992187500000000000e-01
8.154296875000000000e-02
-1.226562500000000000e+00
8.007812500000000000e-01
6.484375000000000000e-01
6.757812500000000000e-01
-1.218750000000000000e+00
-9.101562500000000000e-01
2.773437500000000000e-01
4.746093750000000000e-01
-9.179687500000000000e-01
-6.992187500000000000e-01
2.890625000000000000e-01
9.257812500000000000e-01
1.656250000000000000e+00
-3.796875000000000000e+00
-7.851562500000000000e-01
-1.242187500000000000e+00
4.511718750000000000e-01
7.617187500000000000e-01
-1.125000000000000000e+00
1.650390625000000000e-01
6.171875000000000000e-01
1.414062500000000000e+00
2.140625000000000000e+00
-1.773437500000000000e+00
-3.062500000000000000e+00
-1.455078125000000000e-01
-3.265625000000000000e+00
-2.046875000000000000e+00
5.703125000000000000e-01
-9.492187500000000000e-01
1.000000000000000000e+00
-7.304687500000000000e-01
1.826171875000000000e-01
-1.101562500000000000e+00
9.492187500000000000e-01
-5.507812500000000000e-01
4.218750000000000000e+00
-1.250000000000000000e+00
-1.914062500000000000e+00
-3.769531250000000000e-01
8.789062500000000000e-02
-1.108398437500000000e-01
1.118164062500000000e-01
-3.515625000000000000e-01
-2.015625000000000000e+00
2.640625000000000000e+00
-2.875000000000000000e+00
-6.787109375000000000e-02
-4.375000000000000000e+00
-3.417968750000000000e-01
-1.718750000000000000e+00
-4.156250000000000000e+00
5.429687500000000000e-01
1.023437500000000000e+00
-9.492187500000000000e-01
1.157226562500000000e-01
-4.433593750000000000e-01
-2.046875000000000000e+00
8.945312500000000000e-01
2.949218750000000000e-01
-8.398437500000000000e-01
9.257812500000000000e-01
7.500000000000000000e-01
-1.318359375000000000e-01
6.015625000000000000e-01
-5.117187500000000000e-01
4.687500000000000000e-01
-1.157226562500000000e-01
-1.070312500000000000e+00
-8.554687500000000000e-01
7.070312500000000000e-01
1.437500000000000000e+00
-1.914062500000000000e+00
