2.662500000000000000e+01
-9.531250000000000000e-01
-5.593750000000000000e+00
8.875000000000000000e+00
-1.093750000000000000e+00
-9.882812500000000000e-01
5.250000000000000000e+00
6.343750000000000000e+00
-2.546875000000000000e+00
-2.125000000000000000e+00
6.250000000000000000e+00
3.203125000000000000e+00
3.750000000000000000e+00
1.929687500000000000e+00
8.312500000000000000e+00
5.625000000000000000e+00
-7.468750000000000000e+00
6.406250000000000000e+00
2.387500000000000000e+01
-1.617187500000000000e+00
-2.109375000000000000e+00
1.039062500000000000e+00
1.106250000000000000e+01
-2.437500000000000000e+00
7.218750000000000000e+00
6.500000000000000000e+00
1.056250000000000000e+01
-1.023437500000000000e+00
1.289062500000000000e+00
-5.312500000000000000e+00
1.468750000000000000e+01
-6.593750000000000000e+00
9.687500000000000000e+00
-3.875000000000000000e+00
-1.210937500000000000e+00
-2.703125000000000000e+00
-1.542968750000000000e-01
3.378906250000000000e-01
6.218750000000000000e+00
-5.125000000000000000e+00
-1.531250000000000000e+00
1.400000000000000000e+01
3.203125000000000000e+00
-4.000000000000000000e+00
-1.437500000000000000e+00
3.500000000000000000e+00
2.125000000000000000e+00
-2.656250000000000000e+00
-2.714843750000000000e-01
1.368750000000000000e+01
-4.218750000000000000e-01
-1.757812500000000000e+00
-1.265625000000000000e+00
-5.031250000000000000e+00
1.025000000000000000e+01
1.787500000000000000e+01
-5.968750000000000000e+00
2.250000000000000000e+01
1.476562500000000000e+00
5.656250000000000000e+00
-1.898437500000000000e+00
2.859375000000000000e+00
1.007812500000000000e+00
1.100000000000000000e+01
4.500000000000000000e+00
-3.046875000000000000e+00
1.318750000000000000e+01
-1.507812500000000000e+00
-2.597656250000000000e-01
-2.921875000000000000e+00
-1.843750000000000000e+00
2.703125000000000000e+00
1.132812500000000000e-01
-6.843750000000000000e+00
-6.679687500000000000e-01
-9.562500000000000000e+00
1.018750000000000000e+01
3.296875000000000000e+00
9.562500000000000000e+00
2.375000000000000000e+00
4.312500000000000000e+00
7.093750000000000000e+00
-2.171875000000000000e+00
-2.390625000000000000e+00
-8.250000000000000000e+00
2.304687500000000000e-01
1.900000000000000000e+01
1.193750000000000000e+01
5.593750000000000000e+00
-1.398437500000000000e+00
-2.203125000000000000e+00
2.080078125000000000e-01
-1.018750000000000000e+01
3.339843750000000000e-01
-4.750000000000000000e+00
-4.031250000000000000e+00
2.950000000000000000e+01
7.375000000000000000e+00
3.164062500000000000e-01
1.281250000000000000e+00
1.750000000000000000e+01
-1.835937500000000000e+00
-5.156250000000000000e+00
2.437500000000000000e+00
1.581250000000000000e+01
1.081250000000000000e+01
-1.304687500000000000e+00
2.078125000000000000e+00
-1.531250000000000000e+00
-1.382812500000000000e+00
1.481250000000000000e+01
-3.515625000000000000e+00
-1.210937500000000000e+00
-2.828125000000000000e+00
-1.789062500000000000e+00
9.562500000000000000e+00
-1.118750000000000000e+01
-4.656250000000000000e+00
-1.742187500000000000e+00
-1.648437500000000000e+00
-4.343750000000000000e+00
-9.687500000000000000e-01
-4.031250000000000000e+00
7.000000000000000000e+00
1.320312500000000000e+00
7.906250000000000000e+00
6.500000000000000000e+00
1.800000000000000000e+01
9.812500000000000000e+00
5.976562500000000000e-01
-4.956054687500000000e-02
-6.593750000000000000e+00
5.156250000000000000e+00
-3.734375000000000000e+00
1.762500000000000000e+01
-2.921875000000000000e+00
-9.062500000000000000e-01
1.300000000000000000e+01
6.218750000000000000e+00
-3.812500000000000000e+00
7.031250000000000000e-02
-2.734375000000000000e+00
1.018750000000000000e+01
4.812500000000000000e+00
8.812500000000000000e+00
-2.734375000000000000e+00
2.025000000000000000e+01
-4.531250000000000000e+00
1.075000000000000000e+01
9.312500000000000000e+00
2.537500000000000000e+01
-2.234375000000000000e+00
-2.859375000000000000e+00
2.828125000000000000e+00
-1.375000000000000000e+00
1.593750000000000000e+01
-3.296875000000000000e+00
-1.460937500000000000e+00
-1.147460937500000000e-01
-2.875000000000000000e+00
-5.976562500000000000e-01
6.875000000000000000e+00
5.468750000000000000e+00
1.075000000000000000e+01
1.147460937500000000e-01
1.481250000000000000e+01
-1.960937500000000000e+00
9.687500000000000000e-01
2.421875000000000000e+00
-5.218750000000000000e+00
3.015625000000000000e+00
-1.789062500000000000e+00
1.118750000000000000e+01
1.150000000000000000e+01
-1.539062500000000000e+00
1.006250000000000000e+01
1.179687500000000000e+00
5.593750000000000000e+00
-6.171875000000000000e-01
8.312500000000000000e+00
1.500000000000000000e+01
1.100000000000000000e+01
-4.500000000000000000e+00
-2.046875000000000000e+00
-3.109375000000000000e+00
1.750000000000000000e+01
4.468750000000000000e+00
1.156250000000000000e+00
-4.843750000000000000e-01
3.359375000000000000e+00
8.062500000000000000e+00
-2.359375000000000000e+00
1.118750000000000000e+01
1.031250000000000000e+01
5.250000000000000000e+00
1.987500000000000000e+01
-8.740234375000000000e-02
2.162500000000000000e+01
-1.664062500000000000e+00
-1.218750000000000000e+00
1.679687500000000000e+00
1.850000000000000000e+01
-1.789062500000000000e+00
-2.953125000000000000e+00
9.570312500000000000e-01
1.418750000000000000e+01
-8.187500000000000000e+00
-3.078125000000000000e+00
9.000000000000000000e+00
1.068750000000000000e+01
-2.468750000000000000e+00
1.118750000000000000e+01
-1.757812500000000000e+00
2.953125000000000000e+00
-1.585937500000000000e+00
1.737500000000000000e+01
1.687500000000000000e+01
7.031250000000000000e+00
-7.656250000000000000e+00
2.250000000000000000e+01
-1.242187500000000000e+00
1.585937500000000000e+00
3.265625000000000000e+00
-5.585937500000000000e-01
1.500000000000000000e+01
-4.531250000000000000e+00
-1.226562500000000000e+00
-2.140625000000000000e+00
1.168750000000000000e+01
2.812500000000000000e+00
-3.000000000000000000e+00
2.362500000000000000e+01
2.100000000000000000e+01
-5.117187500000000000e-01
3.378906250000000000e-01
-1.039062500000000000e+00
-1.773437500000000000e+00
5.468750000000000000e+00
-6.000000000000000000e+00
-1.000000000000000000e+00
7.593750000000000000e+00
-7.500000000000000000e-01
-1.450000000000000000e+01
2.406250000000000000e+00
-5.937500000000000000e-01
-8.320312500000000000e-01
8.750000000000000000e-01
-3.300781250000000000e-01
-9.531250000000000000e-01
-1.750000000000000000e+00
2.012500000000000000e+01
-4.437500000000000000e+00
2.450000000000000000e+01
-1.710937500000000000e+00
6.468750000000000000e+00
1.664062500000000000e+00
-4.312500000000000000e+00
-7.093750000000000000e+00
-3.687500000000000000e+00
-3.484375000000000000e+00
-5.250000000000000000e+00
-5.656250000000000000e+00
-1.593750000000000000e+00
-2.275390625000000000e-01
1.767578125000000000e-01
-6.787109375000000000e-02
-5.156250000000000000e+00
-9.257812500000000000e-01
5.664062500000000000e-01
-1.562500000000000000e+00
-2.531250000000000000e+00
1.406250000000000000e-01
-3.046875000000000000e+00
6.750000000000000000e+00
-1.742187500000000000e+00
1.100000000000000000e+01
1.150000000000000000e+01
2.162500000000000000e+01
6.843750000000000000e+00
1.250000000000000000e+01
9.062500000000000000e+00
-9.492187500000000000e-01
-3.171875000000000000e+00
-1.289062500000000000e+00
-1.343750000000000000e+00
-2.216796875000000000e-01
6.906250000000000000e+00
5.406250000000000000e+00
-1.687500000000000000e+00
-3.859375000000000000e+00
2.390625000000000000e+00
6.218750000000000000e+00
-6.250000000000000000e+00
5.351562500000000000e-01
-1.812500000000000000e+00
6.406250000000000000e+00
8.812500000000000000e+00
-2.953125000000000000e+00
8.375000000000000000e+00
2.312500000000000000e+00
1.585937500000000000e+00
-2.734375000000000000e+00
2.087500000000000000e+01
1.093750000000000000e+01
8.437500000000000000e+00
4.968750000000000000e+00
-1.117187500000000000e+00
1.862500000000000000e+01
-1.043701171875000000e-02
-1.591796875000000000e-01
7.656250000000000000e+00
-2.984375000000000000e+00
-2.392578125000000000e-01
9.250000000000000000e+00
5.000000000000000000e+00
-5.031250000000000000e+00
-1.250000000000000000e+00
1.250000000000000000e+01
8.062500000000000000e+00
-2.703125000000000000e+00
-3.750000000000000000e+00
9.187500000000000000e+00
8.750000000000000000e+00
2.078125000000000000e+00
8.187500000000000000e+00
-4.031250000000000000e+00
3.847656250000000000e-01
-1.843750000000000000e+00
2.390625000000000000e+00
-5.468750000000000000e+00
3.078125000000000000e+00
4.000000000000000000e+00
6.093750000000000000e+00
2.328125000000000000e+00
-5.500000000000000000e+00
1.350000000000000000e+01
-6.757812500000000000e-01
2.200000000000000000e+01
4.843750000000000000e+00
-2.765625000000000000e+00
-1.601562500000000000e+00
8.625000000000000000e+00
6.593750000000000000e+00
8.437500000000000000e+00
-1.687500000000000000e+00
1.306250000000000000e+01
-2.656250000000000000e+00
-4.281250000000000000e+00
-2.125000000000000000e+00
2.609375000000000000e+00
-1.757812500000000000e+00
9.687500000000000000e+00
-3.140625000000000000e+00
1.493750000000000000e+01
-2.703125000000000000e+00
7.906250000000000000e+00
-6.000000000000000000e+00
1.075000000000000000e+01
-3.125000000000000000e+00
1.012500000000000000e+01
-1.593750000000000000e+00
-1.851562500000000000e+00
1.275000000000000000e+01
1.181250000000000000e+01
3.375000000000000000e+00
-2.125000000000000000e+00
7.593750000000000000e+00
-1.593750000000000000e+00
-7.406250000000000000e+00
8.812500000000000000e+00
1.131250000000000000e+01
-1.585937500000000000e+00
5.843750000000000000e+00
1.912500000000000000e+01
-3.250000000000000000e+00
7.031250000000000000e+00
-3.828125000000000000e+00
3.609375000000000000e+00
1.304687500000000000e+00
-9.062500000000000000e-01
-5.125000000000000000e+00
9.437500000000000000e+00
-5.281250000000000000e+00
1.787500000000000000e+01
