1.368750000000000000e+01
-4.921875000000000000e-01
-3.953125000000000000e+00
5.593750000000000000e+00
-7.539062500000000000e-01
3.808593750000000000e-01
4.031250000000000000e+00
4.062500000000000000e+00
-2.078125000000000000e+00
-1.851562500000000000e+00
4.500000000000000000e+00
2.734375000000000000e+00
3.421875000000000000e+00
1.593750000000000000e+00
5.281250000000000000e+00
3.750000000000000000e+00
-4.843750000000000000e+00
4.250000000000000000e+00
1.281250000000000000e+01
-1.914062500000000000e+00
-1.210937500000000000e+00
2.109375000000000000e+00
2.750000000000000000e+00
-1.789062500000000000e+00
4.687500000000000000e+00
3.984375000000000000e+00
3.375000000000000000e+00
-6.054687500000000000e-01
7.929687500000000000e-01
-3.671875000000000000e+00
8.687500000000000000e+00
-3.046875000000000000e+00
6.156250000000000000e+00
-2.171875000000000000e+00
-9.414062500000000000e-01
-2.375000000000000000e+00
5.976562500000000000e-01
-3.359375000000000000e-01
3.546875000000000000e+00
-3.687500000000000000e+00
-5.390625000000000000e-01
8.687500000000000000e+00
2.437500000000000000e+00
-2.453125000000000000e+00
-1.226562500000000000e+00
3.078125000000000000e+00
1.882812500000000000e+00
-1.296875000000000000e+00
5.664062500000000000e-01
7.656250000000000000e+00
-6.835937500000000000e-01
-1.875000000000000000e+00
4.531250000000000000e-01
-3.453125000000000000e+00
6.343750000000000000e+00
9.750000000000000000e+00
-3.796875000000000000e+00
1.025000000000000000e+01
1.117187500000000000e+00
3.765625000000000000e+00
-1.812500000000000000e+00
2.546875000000000000e+00
5.000000000000000000e-01
7.343750000000000000e+00
3.796875000000000000e+00
-1.687500000000000000e+00
7.750000000000000000e+00
-1.164062500000000000e+00
-1.533203125000000000e-01
-3.847656250000000000e-01
-2.250000000000000000e+00
3.171875000000000000e+00
-9.228515625000000000e-02
-4.218750000000000000e+00
1.382812500000000000e+00
-5.531250000000000000e+00
6.968750000000000000e+00
2.796875000000000000e+00
6.406250000000000000e+00
1.812500000000000000e+00
4.125000000000000000e+00
4.656250000000000000e+00
-1.750000000000000000e+00
-1.835937500000000000e+00
-5.750000000000000000e+00
1.109375000000000000e+00
1.031250000000000000e+01
7.125000000000000000e+00
3.750000000000000000e+00
-1.656250000000000000e+00
-1.976562500000000000e+00
9.726562500000000000e-01
-7.218750000000000000e+00
1.455078125000000000e-01
-2.062500000000000000e+00
-3.125000000000000000e+00
1.637500000000000000e+01
4.656250000000000000e+00
6.601562500000000000e-01
1.476562500000000000e+00
9.750000000000000000e+00
-1.664062500000000000e+00
-3.515625000000000000e+00
2.500000000000000000e+00
9.312500000000000000e+00
7.000000000000000000e+00
-1.109375000000000000e+00
2.328125000000000000e+00
-1.257812500000000000e+00
-1.171875000000000000e+00
9.250000000000000000e+00
-1.710937500000000000e+00
-1.186523437500000000e-01
-2.796875000000000000e+00
-1.648437500000000000e+00
6.781250000000000000e+00
-5.093750000000000000e+00
-3.640625000000000000e+00
-1.460937500000000000e+00
-1.398437500000000000e+00
-3.234375000000000000e+00
-1.007812500000000000e+00
-2.515625000000000000e+00
4.968750000000000000e+00
1.757812500000000000e+00
4.718750000000000000e+00
4.937500000000000000e+00
1.056250000000000000e+01
6.250000000000000000e+00
1.148437500000000000e+00
1.031250000000000000e+00
-2.953125000000000000e+00
3.703125000000000000e+00
-2.421875000000000000e+00
7.250000000000000000e+00
-1.820312500000000000e+00
-7.070312500000000000e-01
7.656250000000000000e+00
4.531250000000000000e+00
-3.078125000000000000e+00
-8.740234375000000000e-02
-6.210937500000000000e-01
6.906250000000000000e+00
3.328125000000000000e+00
6.093750000000000000e+00
-1.992187500000000000e+00
1.118750000000000000e+01
-2.671875000000000000e+00
6.781250000000000000e+00
6.250000000000000000e+00
1.306250000000000000e+01
-1.164062500000000000e+00
-2.171875000000000000e+00
1.726562500000000000e+00
-1.007812500000000000e+00
7.093750000000000000e+00
-2.046875000000000000e+00
-1.476562500000000000e+00
2.558593750000000000e-01
-1.617187500000000000e+00
-6.914062500000000000e-01
2.921875000000000000e+00
3.546875000000000000e+00
3.390625000000000000e+00
-4.589843750000000000e-02
8.875000000000000000e+00
-1.960937500000000000e+00
5.585937500000000000e-01
2.703125000000000000e+00
-3.937500000000000000e+00
2.671875000000000000e+00
-2.187500000000000000e+00
7.500000000000000000e+00
7.093750000000000000e+00
-7.382812500000000000e-01
6.500000000000000000e+00
5.859375000000000000e-01
4.468750000000000000e+00
6.289062500000000000e-01
5.468750000000000000e+00
7.968750000000000000e+00
6.906250000000000000e+00
-2.140625000000000000e+00
-1.648437500000000000e+00
-1.007812500000000000e+00
1.043750000000000000e+01
3.562500000000000000e+00
1.226562500000000000e+00
-2.373046875000000000e-01
2.671875000000000000e+00
5.500000000000000000e+00
-1.820312500000000000e+00
6.468750000000000000e+00
6.843750000000000000e+00
3.812500000000000000e+00
9.937500000000000000e+00
-2.868652343750000000e-02
1.043750000000000000e+01
-1.585937500000000000e+00
-1.125000000000000000e+00
1.648437500000000000e+00
9.312500000000000000e+00
-1.265625000000000000e+00
-1.367187500000000000e+00
9.218750000000000000e-01
7.968750000000000000e+00
-4.843750000000000000e+00
-2.156250000000000000e+00
5.781250000000000000e+00
6.250000000000000000e+00
-1.710937500000000000e+00
6.656250000000000000e+00
-1.445312500000000000e+00
2.671875000000000000e+00
-6.015625000000000000e-01
1.050000000000000000e+01
8.875000000000000000e+00
5.062500000000000000e+00
-3.109375000000000000e+00
1.081250000000000000e+01
-1.523437500000000000e+00
1.242187500000000000e+00
2.484375000000000000e+00
-2.216796875000000000e-01
5.843750000000000000e+00
-3.250000000000000000e+00
-1.242187500000000000e+00
-1.937500000000000000e+00
5.625000000000000000e+00
3.109375000000000000e+00
-2.343750000000000000e+00
1.268750000000000000e+01
1.068750000000000000e+01
-1.796875000000000000e-01
4.956054687500000000e-02
-1.054687500000000000e+00
-8.125000000000000000e-01
4.093750000000000000e+00
-4.593750000000000000e+00
-9.570312500000000000e-01
5.531250000000000000e+00
-1.259765625000000000e-01
-7.781250000000000000e+00
2.390625000000000000e+00
-1.328125000000000000e-01
-1.085937500000000000e+00
2.773437500000000000e-01
-1.708984375000000000e-01
-1.148437500000000000e+00
-1.398437500000000000e+00
8.562500000000000000e+00
-3.046875000000000000e+00
1.331250000000000000e+01
-1.554687500000000000e+00
4.593750000000000000e+00
1.976562500000000000e+00
-3.000000000000000000e+00
-4.625000000000000000e+00
-2.234375000000000000e+00
-1.539062500000000000e+00
-3.203125000000000000e+00
-3.921875000000000000e+00
-1.531250000000000000e+00
3.457031250000000000e-01
1.265625000000000000e+00
2.294921875000000000e-01
-3.000000000000000000e+00
-1.070312500000000000e+00
1.015625000000000000e-01
-1.281250000000000000e+00
-2.203125000000000000e+00
-1.300048828125000000e-02
-1.851562500000000000e+00
4.468750000000000000e+00
-1.562500000000000000e+00
4.281250000000000000e+00
7.000000000000000000e+00
1.068750000000000000e+01
4.906250000000000000e+00
7.500000000000000000e+00
5.593750000000000000e+00
-8.007812500000000000e-01
-1.773437500000000000e+00
-1.320312500000000000e+00
-6.640625000000000000e-01
-5.585937500000000000e-01
3.984375000000000000e+00
3.875000000000000000e+00
-1.898437500000000000e+00
-2.515625000000000000e+00
2.156250000000000000e+00
4.468750000000000000e+00
-5.406250000000000000e+00
9.570312500000000000e-01
-1.437500000000000000e+00
4.531250000000000000e+00
5.281250000000000000e+00
-1.226562500000000000e+00
5.125000000000000000e+00
2.062500000000000000e+00
1.812500000000000000e+00
-1.171875000000000000e+00
1.200000000000000000e+01
7.156250000000000000e+00
5.000000000000000000e+00
4.406250000000000000e+00
-1.539062500000000000e+00
9.562500000000000000e+00
4.921875000000000000e-01
-4.003906250000000000e-01
4.687500000000000000e+00
-1.664062500000000000e+00
8.750000000000000000e-01
5.906250000000000000e+00
3.859375000000000000e+00
-3.171875000000000000e+00
-1.125000000000000000e+00
7.343750000000000000e+00
5.093750000000000000e+00
-2.234375000000000000e+00
-2.984375000000000000e+00
5.500000000000000000e+00
6.156250000000000000e+00
2.171875000000000000e+00
2.265625000000000000e+00
-2.453125000000000000e+00
-1.171875000000000000e-01
-4.218750000000000000e-01
2.312500000000000000e+00
-3.687500000000000000e+00
2.328125000000000000e+00
3.046875000000000000e+00
4.781250000000000000e+00
2.625000000000000000e+00
-4.343750000000000000e+00
4.593750000000000000e+00
-1.718750000000000000e-01
1.050000000000000000e+01
1.687500000000000000e+00
-1.648437500000000000e+00
-1.687500000000000000e+00
5.906250000000000000e+00
3.953125000000000000e+00
4.968750000000000000e+00
-1.601562500000000000e+00
8.312500000000000000e+00
-1.398437500000000000e+00
-6.601562500000000000e-01
-1.687500000000000000e+00
3.281250000000000000e-01
-1.132812500000000000e+00
5.593750000000000000e+00
-1.281250000000000000e+00
8.437500000000000000e+00
-1.507812500000000000e+00
3.453125000000000000e+00
-2.765625000000000000e+00
4.843750000000000000e+00
-1.976562500000000000e+00
2.328125000000000000e+00
-9.492187500000000000e-01
-2.093750000000000000e+00
4.843750000000000000e+00
7.156250000000000000e+00
2.984375000000000000e+00
-1.281250000000000000e+00
4.281250000000000000e+00
-1.585937500000000000e+00
-5.000000000000000000e+00
5.875000000000000000e+00
6.750000000000000000e+00
-1.007812500000000000e+00
4.406250000000000000e+00
1.118750000000000000e+01
-1.414062500000000000e+00
4.812500000000000000e+00
-2.296875000000000000e+00
2.796875000000000000e+00
1.304687500000000000e+00
-1.281250000000000000e+00
-3.265625000000000000e+00
6.093750000000000000e+00
-3.000000000000000000e+00
9.000000000000000000e+00
