-2.000000000000000000e+00
8.398437500000000000e-02
-1.523437500000000000e+00
7.070312500000000000e-01
-3.378906250000000000e-01
1.648437500000000000e+00
9.531250000000000000e-01
5.468750000000000000e-01
-7.148437500000000000e-01
-1.164062500000000000e+00
8.867187500000000000e-01
8.906250000000000000e-01
1.523437500000000000e+00
2.158203125000000000e-01
6.562500000000000000e-01
2.343750000000000000e-01
3.183593750000000000e-01
4.355468750000000000e-01
-7.968750000000000000e-01
-1.382812500000000000e+00
-3.457031250000000000e-01
3.140625000000000000e+00
-5.500000000000000000e+00
-6.445312500000000000e-01
5.117187500000000000e-01
-3.686523437500000000e-02
-3.625000000000000000e+00
-1.000000000000000000e+00
-3.164062500000000000e-01
-7.968750000000000000e-01
7.304687500000000000e-01
2.609375000000000000e+00
7.226562500000000000e-01
-5.585937500000000000e-01
6.982421875000000000e-02
-1.500000000000000000e+00
1.773437500000000000e+00
-9.375000000000000000e-01
-8.837890625000000000e-02
-1.281250000000000000e+00
-3.808593750000000000e-01
1.148437500000000000e+00
5.195312500000000000e-01
-1.953125000000000000e-01
-1.460937500000000000e+00
1.195312500000000000e+00
1.156250000000000000e+00
-2.812500000000000000e-01
1.492187500000000000e+00
3.964843750000000000e-01
-7.304687500000000000e-01
-1.289062500000000000e+00
2.296875000000000000e+00
-5.078125000000000000e-01
4.824218750000000000e-01
-4.042968750000000000e-01
-5.039062500000000000e-01
-3.750000000000000000e+00
1.092529296875000000e-02
3.906250000000000000e-01
-1.242187500000000000e+00
8.867187500000000000e-01
-6.679687500000000000e-01
1.468750000000000000e+00
1.328125000000000000e+00
-1.202392578125000000e-02
4.062500000000000000e-01
-2.734375000000000000e-01
-3.105468750000000000e-01
7.812500000000000000e-01
-1.468750000000000000e+00
1.531250000000000000e+00
-9.423828125000000000e-02
-1.398437500000000000e+00
2.703125000000000000e+00
1.687500000000000000e+00
1.414062500000000000e+00
1.273437500000000000e+00
1.101562500000000000e+00
-1.328125000000000000e-01
2.328125000000000000e+00
4.941406250000000000e-01
-1.414062500000000000e+00
-1.039062500000000000e+00
-2.015625000000000000e+00
1.539062500000000000e+00
-7.812500000000000000e-01
6.835937500000000000e-01
4.687500000000000000e-01
-1.914062500000000000e+00
-1.023437500000000000e+00
5.273437500000000000e-01
-8.320312500000000000e-01
-5.585937500000000000e-01
1.835937500000000000e+00
-3.652343750000000000e-01
-8.007812500000000000e-01
5.351562500000000000e-01
-6.015625000000000000e-01
1.179687500000000000e+00
5.859375000000000000e-02
-1.804687500000000000e+00
-7.148437500000000000e-01
1.812500000000000000e+00
7.500000000000000000e-01
1.031250000000000000e+00
-1.015625000000000000e-01
2.078125000000000000e+00
-1.218750000000000000e+00
-9.218750000000000000e-01
1.101562500000000000e+00
-1.367187500000000000e-02
1.929687500000000000e+00
-7.617187500000000000e-01
-6.250000000000000000e-01
1.250000000000000000e+00
2.859375000000000000e+00
-9.257812500000000000e-01
-1.648437500000000000e+00
-2.265625000000000000e-01
-6.406250000000000000e-01
-1.257812500000000000e+00
-4.003906250000000000e-01
1.000000000000000000e+00
1.375000000000000000e+00
3.281250000000000000e-01
1.312500000000000000e+00
8.554687500000000000e-01
8.476562500000000000e-01
8.789062500000000000e-01
2.234375000000000000e+00
1.101562500000000000e+00
5.117187500000000000e-01
-9.726562500000000000e-01
-3.062500000000000000e+00
-4.003906250000000000e-01
-7.500000000000000000e-01
2.236328125000000000e-01
1.210937500000000000e+00
-1.132812500000000000e+00
-1.226562500000000000e+00
2.593750000000000000e+00
1.226562500000000000e+00
4.375000000000000000e-01
1.085937500000000000e+00
-2.910156250000000000e-01
-8.593750000000000000e-01
-1.335937500000000000e+00
7.148437500000000000e-01
1.015625000000000000e+00
-1.687500000000000000e+00
-2.773437500000000000e-01
-1.031250000000000000e+00
3.247070312500000000e-02
-1.398437500000000000e+00
-3.453125000000000000e+00
-4.687500000000000000e-01
-8.945312500000000000e-01
4.238281250000000000e-01
-8.437500000000000000e-01
-9.375000000000000000e-01
-1.929687500000000000e+00
3.925781250000000000e-01
-3.296875000000000000e+00
-8.789062500000000000e-01
8.750000000000000000e-01
-1.031250000000000000e+00
-2.714843750000000000e-01
2.359375000000000000e+00
-5.898437500000000000e-01
8.007812500000000000e-01
-8.906250000000000000e-01
1.429687500000000000e+00
7.031250000000000000e-01
-3.066406250000000000e-01
9.335937500000000000e-01
-8.125000000000000000e-01
1.789062500000000000e+00
2.312500000000000000e+00
8.085937500000000000e-01
-1.500000000000000000e+00
8.867187500000000000e-01
-9.228515625000000000e-02
-9.414062500000000000e-01
5.468750000000000000e-01
9.648437500000000000e-01
9.023437500000000000e-01
6.523437500000000000e-01
-5.351562500000000000e-01
5.507812500000000000e-01
1.093750000000000000e+00
-1.000000000000000000e+00
6.054687500000000000e-01
1.289062500000000000e+00
6.289062500000000000e-01
-2.421875000000000000e+00
4.746093750000000000e-01
-2.828125000000000000e+00
-1.250000000000000000e+00
-9.179687500000000000e-01
5.117187500000000000e-01
-2.046875000000000000e+00
3.515625000000000000e-02
-1.835937500000000000e-01
2.099609375000000000e-01
4.687500000000000000e-01
3.442382812500000000e-02
-1.335937500000000000e+00
5.234375000000000000e-01
2.373046875000000000e-01
-1.007812500000000000e+00
4.589843750000000000e-01
-9.648437500000000000e-01
1.460937500000000000e+00
-2.177734375000000000e-01
8.750000000000000000e-01
-1.132812500000000000e+00
9.179687500000000000e-01
7.617187500000000000e-01
-3.015625000000000000e+00
-9.687500000000000000e-01
-2.770996093750000000e-02
3.847656250000000000e-01
-1.357421875000000000e-01
-4.093750000000000000e+00
-1.039062500000000000e+00
-9.804687500000000000e-01
-2.015625000000000000e+00
-2.328125000000000000e+00
1.718750000000000000e+00
-6.210937500000000000e-01
-1.125000000000000000e+00
-1.492187500000000000e+00
1.953125000000000000e-01
-5.351562500000000000e-01
-1.429687500000000000e+00
1.215820312500000000e-01
1.054687500000000000e+00
-1.250000000000000000e+00
-1.117187500000000000e+00
1.242187500000000000e+00
1.523437500000000000e+00
2.703125000000000000e+00
-2.392578125000000000e-01
-8.281250000000000000e-01
-1.476562500000000000e+00
-1.460937500000000000e+00
-4.589843750000000000e-01
-1.101562500000000000e+00
-1.601562500000000000e+00
-4.187500000000000000e+00
-8.710937500000000000e-01
-1.085937500000000000e+00
-9.414062500000000000e-01
1.023437500000000000e+00
1.195312500000000000e+00
-1.351562500000000000e+00
-7.500000000000000000e-01
-3.027343750000000000e-01
-3.847656250000000000e-01
-5.937500000000000000e-01
-5.976562500000000000e-01
-8.593750000000000000e-01
-6.054687500000000000e-01
8.320312500000000000e-01
8.945312500000000000e-01
-6.250000000000000000e-01
-1.375000000000000000e+00
-5.976562500000000000e-01
-1.445312500000000000e+00
-1.804687500000000000e+00
-1.054687500000000000e+00
-6.367187500000000000e-01
5.742187500000000000e-01
-6.640625000000000000e-01
-2.453125000000000000e+00
7.929687500000000000e-01
-2.500000000000000000e+00
8.945312500000000000e-01
4.824218750000000000e-01
-1.113281250000000000e-01
-1.500000000000000000e+00
-2.158203125000000000e-01
-5.625000000000000000e-01
6.982421875000000000e-02
-5.273437500000000000e-01
1.357421875000000000e-01
7.695312500000000000e-01
-7.304687500000000000e-01
-7.500000000000000000e-01
1.132812500000000000e+00
9.531250000000000000e-01
-1.476562500000000000e+00
6.875000000000000000e-01
-4.941406250000000000e-01
1.257812500000000000e+00
5.468750000000000000e-01
2.929687500000000000e-01
6.210937500000000000e-01
-1.367187500000000000e-02
1.695312500000000000e+00
1.398437500000000000e+00
4.614257812500000000e-02
1.210937500000000000e+00
1.157226562500000000e-01
2.171875000000000000e+00
-1.250000000000000000e+00
-1.156250000000000000e+00
1.476562500000000000e+00
-4.843750000000000000e-01
1.767578125000000000e-01
-8.242187500000000000e-01
8.593750000000000000e-01
7.695312500000000000e-01
7.304687500000000000e-01
-1.140625000000000000e+00
-1.117187500000000000e+00
3.242187500000000000e-01
5.117187500000000000e-01
-9.960937500000000000e-01
-7.343750000000000000e-01
4.003906250000000000e-01
1.117187500000000000e+00
1.664062500000000000e+00
-3.921875000000000000e+00
-8.125000000000000000e-01
-8.437500000000000000e-01
4.394531250000000000e-01
8.632812500000000000e-01
-1.117187500000000000e+00
3.378906250000000000e-01
8.906250000000000000e-01
1.507812500000000000e+00
2.171875000000000000e+00
-1.898437500000000000e+00
-3.890625000000000000e+00
-6.494140625000000000e-02
-3.265625000000000000e+00
-2.093750000000000000e+00
2.714843750000000000e-01
-1.281250000000000000e+00
1.148437500000000000e+00
-3.652343750000000000e-01
3.085937500000000000e-01
-1.179687500000000000e+00
1.234375000000000000e+00
-5.444335937500000000e-02
4.250000000000000000e+00
-1.367187500000000000e+00
-2.000000000000000000e+00
-6.289062500000000000e-01
2.216796875000000000e-01
-1.572265625000000000e-01
1.376953125000000000e-01
-2.656250000000000000e-01
-2.109375000000000000e+00
2.796875000000000000e+00
-2.875000000000000000e+00
3.063964843750000000e-02
-4.781250000000000000e+00
-3.691406250000000000e-01
-1.570312500000000000e+00
-4.375000000000000000e+00
5.625000000000000000e-01
1.062500000000000000e+00
-6.523437500000000000e-01
2.392578125000000000e-01
-7.304687500000000000e-01
-2.109375000000000000e+00
1.070312500000000000e+00
2.255859375000000000e-01
-9.726562500000000000e-01
1.039062500000000000e+00
6.289062500000000000e-01
-1.157226562500000000e-01
7.187500000000000000e-01
-5.195312500000000000e-01
5.156250000000000000e-01
-3.183593750000000000e-01
-9.570312500000000000e-01
-8.125000000000000000e-01
7.187500000000000000e-01
1.718750000000000000e+00
-1.750000000000000000e+00
