8.312500000000000000e+00
1.043701171875000000e-02
-3.125000000000000000e+00
3.671875000000000000e+00
-1.695312500000000000e+00
-1.593750000000000000e+00
1.789062500000000000e+00
2.187500000000000000e+00
-1.976562500000000000e+00
-2.015625000000000000e+00
2.578125000000000000e+00
2.171875000000000000e+00
2.296875000000000000e+00
8.007812500000000000e-01
3.250000000000000000e+00
1.875000000000000000e+00
-3.796875000000000000e+00
2.578125000000000000e+00
8.312500000000000000e+00
2.792968750000000000e-01
-1.906250000000000000e+00
6.445312500000000000e-01
-1.054687500000000000e+00
-1.539062500000000000e+00
3.046875000000000000e+00
2.312500000000000000e+00
2.087402343750000000e-02
-1.914062500000000000e+00
1.500000000000000000e+00
-3.296875000000000000e+00
6.000000000000000000e+00
-3.703125000000000000e+00
4.375000000000000000e+00
-2.875000000000000000e+00
-1.750000000000000000e+00
-1.851562500000000000e+00
-1.023437500000000000e+00
7.812500000000000000e-01
1.757812500000000000e+00
-1.414062500000000000e+00
-2.000000000000000000e+00
5.968750000000000000e+00
2.640625000000000000e+00
-1.601562500000000000e+00
-2.796875000000000000e+00
1.070312500000000000e+00
1.070312500000000000e+00
7.812500000000000000e-02
-3.906250000000000000e-01
4.968750000000000000e+00
6.562500000000000000e-01
-2.000000000000000000e+00
-4.375000000000000000e-01
-2.093750000000000000e+00
4.500000000000000000e+00
6.031250000000000000e+00
-1.101562500000000000e+00
5.531250000000000000e+00
1.617187500000000000e+00
2.406250000000000000e+00
-9.648437500000000000e-01
1.312500000000000000e+00
1.468750000000000000e+00
4.593750000000000000e+00
2.703125000000000000e+00
-8.710937500000000000e-01
5.093750000000000000e+00
1.533203125000000000e-01
1.343750000000000000e+00
-1.195312500000000000e+00
-1.789062500000000000e+00
4.042968750000000000e-01
1.351562500000000000e+00
-3.953125000000000000e+00
-3.750000000000000000e-01
-5.218750000000000000e+00
4.562500000000000000e+00
1.117187500000000000e+00
4.250000000000000000e+00
1.296875000000000000e+00
2.093750000000000000e+00
2.656250000000000000e+00
-8.554687500000000000e-01
-1.070312500000000000e+00
-3.609375000000000000e+00
-8.007812500000000000e-01
5.250000000000000000e+00
4.593750000000000000e+00
1.625000000000000000e+00
-2.953125000000000000e+00
2.968750000000000000e-01
2.109375000000000000e+00
-3.750000000000000000e+00
1.031250000000000000e+00
-2.265625000000000000e+00
-3.453125000000000000e+00
1.006250000000000000e+01
3.000000000000000000e+00
-2.312500000000000000e+00
6.015625000000000000e-01
5.906250000000000000e+00
-2.515625000000000000e+00
-3.203125000000000000e+00
1.367187500000000000e+00
6.250000000000000000e+00
4.968750000000000000e+00
-6.250000000000000000e-01
9.062500000000000000e-01
-1.476562500000000000e+00
3.906250000000000000e-01
6.125000000000000000e+00
-3.390625000000000000e+00
-5.981445312500000000e-02
2.910156250000000000e-01
-1.898437500000000000e+00
4.656250000000000000e+00
-4.031250000000000000e+00
-1.414062500000000000e+00
-2.140625000000000000e+00
-8.164062500000000000e-01
-3.078125000000000000e+00
-1.656250000000000000e+00
-1.593750000000000000e+00
2.468750000000000000e+00
7.187500000000000000e-01
2.484375000000000000e+00
2.953125000000000000e+00
7.156250000000000000e+00
4.000000000000000000e+00
7.226562500000000000e-01
7.031250000000000000e-02
-1.367187500000000000e+00
1.960937500000000000e+00
-2.546875000000000000e+00
5.593750000000000000e+00
-1.007812500000000000e+00
4.765625000000000000e-01
4.718750000000000000e+00
3.125000000000000000e+00
-2.812500000000000000e+00
2.578125000000000000e-01
-7.500000000000000000e-01
4.125000000000000000e+00
1.445312500000000000e+00
3.625000000000000000e+00
-2.953125000000000000e+00
6.531250000000000000e+00
-2.187500000000000000e+00
4.281250000000000000e+00
3.703125000000000000e+00
8.750000000000000000e+00
-2.359375000000000000e+00
-2.015625000000000000e+00
-5.703125000000000000e-01
-1.875000000000000000e+00
3.500000000000000000e+00
-2.171875000000000000e+00
-6.601562500000000000e-01
-1.210937500000000000e+00
-2.421875000000000000e+00
5.117187500000000000e-01
2.796875000000000000e+00
2.515625000000000000e+00
2.203125000000000000e+00
1.218750000000000000e+00
6.125000000000000000e+00
-2.296875000000000000e+00
8.867187500000000000e-01
9.804687500000000000e-01
-2.656250000000000000e+00
1.437500000000000000e+00
-1.376953125000000000e-01
5.000000000000000000e+00
4.750000000000000000e+00
-2.392578125000000000e-01
4.687500000000000000e+00
1.429687500000000000e+00
2.390625000000000000e+00
-2.078125000000000000e+00
3.078125000000000000e+00
3.828125000000000000e+00
4.343750000000000000e+00
-8.320312500000000000e-01
4.765625000000000000e-01
-1.669921875000000000e-01
7.093750000000000000e+00
2.015625000000000000e+00
2.753906250000000000e-01
-1.376953125000000000e-01
1.406250000000000000e+00
3.000000000000000000e+00
-1.343750000000000000e+00
4.531250000000000000e+00
4.812500000000000000e+00
2.203125000000000000e+00
4.968750000000000000e+00
-6.601562500000000000e-01
4.781250000000000000e+00
-1.148437500000000000e+00
-8.320312500000000000e-01
5.468750000000000000e-01
5.781250000000000000e+00
-1.187500000000000000e+00
-2.500000000000000000e+00
6.484375000000000000e-01
5.593750000000000000e+00
-1.992187500000000000e+00
-2.140625000000000000e+00
3.812500000000000000e+00
4.031250000000000000e+00
-2.171875000000000000e+00
4.562500000000000000e+00
-2.671875000000000000e+00
7.226562500000000000e-01
-2.359375000000000000e+00
6.968750000000000000e+00
5.843750000000000000e+00
2.515625000000000000e+00
-4.000000000000000000e+00
5.156250000000000000e+00
-8.242187500000000000e-01
3.183593750000000000e-01
1.429687500000000000e+00
1.425781250000000000e-01
1.851562500000000000e+00
-2.734375000000000000e+00
5.468750000000000000e-01
-2.078125000000000000e+00
1.898437500000000000e+00
2.099609375000000000e-01
-1.031250000000000000e+00
8.187500000000000000e+00
6.500000000000000000e+00
-9.570312500000000000e-01
3.691406250000000000e-01
-2.031250000000000000e+00
-1.851562500000000000e+00
1.835937500000000000e+00
-3.546875000000000000e+00
-2.031250000000000000e+00
3.828125000000000000e+00
-1.914062500000000000e-01
-6.375000000000000000e+00
-7.656250000000000000e-01
2.792968750000000000e-01
1.337890625000000000e-01
6.523437500000000000e-01
-1.085937500000000000e+00
1.826171875000000000e-01
-2.250000000000000000e+00
2.453125000000000000e+00
-2.828125000000000000e+00
7.281250000000000000e+00
-2.171875000000000000e+00
2.937500000000000000e+00
-1.640625000000000000e-01
-2.921875000000000000e+00
-3.500000000000000000e+00
-1.773437500000000000e+00
-3.000000000000000000e+00
-3.453125000000000000e+00
-6.250000000000000000e-01
-1.789062500000000000e+00
-1.039062500000000000e+00
7.500000000000000000e-01
-5.039062500000000000e-01
-3.171875000000000000e+00
5.585937500000000000e-01
1.523437500000000000e+00
-1.656250000000000000e+00
-8.007812500000000000e-01
1.040039062500000000e-01
-2.421875000000000000e+00
3.171875000000000000e+00
-1.914062500000000000e-01
2.859375000000000000e+00
4.906250000000000000e+00
5.968750000000000000e+00
2.953125000000000000e+00
4.218750000000000000e+00
3.296875000000000000e+00
-1.375000000000000000e+00
1.039062500000000000e+00
-1.156250000000000000e+00
1.617187500000000000e+00
-2.519531250000000000e-01
2.359375000000000000e+00
2.015625000000000000e+00
-7.851562500000000000e-01
-2.765625000000000000e+00
1.625000000000000000e+00
2.265625000000000000e+00
-1.101562500000000000e+00
1.500000000000000000e+00
-2.687500000000000000e+00
3.453125000000000000e+00
3.187500000000000000e+00
-9.492187500000000000e-01
3.812500000000000000e+00
9.648437500000000000e-01
5.937500000000000000e-01
-7.382812500000000000e-01
7.593750000000000000e+00
4.875000000000000000e+00
3.078125000000000000e+00
1.773437500000000000e+00
-9.843750000000000000e-01
5.343750000000000000e+00
-2.109375000000000000e-01
1.171875000000000000e+00
2.937500000000000000e+00
-5.976562500000000000e-01
1.250000000000000000e+00
3.875000000000000000e+00
1.750000000000000000e+00
-3.484375000000000000e+00
-2.812500000000000000e+00
4.656250000000000000e+00
2.703125000000000000e+00
-2.078125000000000000e+00
-4.250000000000000000e+00
3.234375000000000000e+00
3.546875000000000000e+00
1.023437500000000000e+00
5.117187500000000000e-01
-2.937500000000000000e+00
1.298828125000000000e-01
-1.043701171875000000e-02
7.382812500000000000e-01
-3.671875000000000000e+00
1.414062500000000000e+00
2.625000000000000000e+00
2.078125000000000000e+00
1.054687500000000000e+00
-3.359375000000000000e+00
6.992187500000000000e-01
-8.056640625000000000e-02
5.625000000000000000e+00
2.390625000000000000e+00
3.613281250000000000e-01
-1.718750000000000000e+00
3.250000000000000000e+00
3.921875000000000000e+00
3.500000000000000000e+00
-1.335937500000000000e+00
5.468750000000000000e+00
-1.687500000000000000e+00
-1.757812500000000000e+00
-2.171875000000000000e+00
1.257812500000000000e+00
-2.953125000000000000e+00
3.500000000000000000e+00
-8.867187500000000000e-01
5.468750000000000000e+00
-1.500000000000000000e+00
3.000000000000000000e+00
-2.796875000000000000e+00
1.507812500000000000e+00
-2.046875000000000000e+00
-5.937500000000000000e-01
-1.382812500000000000e+00
5.273437500000000000e-01
8.007812500000000000e-01
4.406250000000000000e+00
1.539062500000000000e+00
-1.494140625000000000e-01
2.062500000000000000e+00
-1.554687500000000000e+00
-3.671875000000000000e+00
3.640625000000000000e+00
4.062500000000000000e+00
-2.359375000000000000e+00
2.484375000000000000e+00
7.406250000000000000e+00
-1.500000000000000000e+00
2.703125000000000000e+00
-7.617187500000000000e-01
1.695312500000000000e+00
-5.429687500000000000e-01
-3.027343750000000000e-01
-3.671875000000000000e+00
3.875000000000000000e+00
-1.289062500000000000e+00
5.250000000000000000e+00
