2.312500000000000000e+00
-8.320312500000000000e-01
-1.867187500000000000e+00
2.125000000000000000e+00
1.206054687500000000e-01
1.750000000000000000e+00
2.109375000000000000e+00
1.718750000000000000e+00
-1.585937500000000000e+00
-8.125000000000000000e-01
2.187500000000000000e+00
1.625000000000000000e+00
2.203125000000000000e+00
9.218750000000000000e-01
1.968750000000000000e+00
1.500000000000000000e+00
-6.757812500000000000e-01
1.695312500000000000e+00
3.703125000000000000e+00
-2.125000000000000000e+00
1.298828125000000000e-01
3.390625000000000000e+00
-3.015625000000000000e+00
-5.039062500000000000e-01
1.875000000000000000e+00
1.210937500000000000e+00
-8.437500000000000000e-01
5.195312500000000000e-01
-4.316406250000000000e-01
-1.351562500000000000e+00
2.984375000000000000e+00
1.648437500000000000e+00
2.421875000000000000e+00
-1.000000000000000000e+00
-1.494140625000000000e-01
-1.007812500000000000e+00
1.812500000000000000e+00
-1.406250000000000000e+00
1.007812500000000000e+00
-2.640625000000000000e+00
7.617187500000000000e-01
3.328125000000000000e+00
5.937500000000000000e-01
-7.617187500000000000e-01
1.953125000000000000e-01
2.203125000000000000e+00
1.429687500000000000e+00
-1.398437500000000000e+00
1.539062500000000000e+00
2.390625000000000000e+00
-1.101562500000000000e+00
-1.109375000000000000e+00
2.484375000000000000e+00
-9.492187500000000000e-01
2.328125000000000000e+00
2.671875000000000000e+00
-2.250000000000000000e+00
-2.753906250000000000e-01
9.130859375000000000e-02
1.570312500000000000e+00
-2.250000000000000000e+00
1.562500000000000000e+00
-6.289062500000000000e-01
3.062500000000000000e+00
2.078125000000000000e+00
-6.406250000000000000e-01
2.421875000000000000e+00
-1.156250000000000000e+00
-1.132812500000000000e+00
1.218750000000000000e+00
-1.054687500000000000e+00
2.265625000000000000e+00
-8.750000000000000000e-01
-1.914062500000000000e+00
2.828125000000000000e+00
1.235351562500000000e-01
3.062500000000000000e+00
1.835937500000000000e+00
2.593750000000000000e+00
6.132812500000000000e-01
3.203125000000000000e+00
2.000000000000000000e+00
-1.523437500000000000e+00
-6.992187500000000000e-01
-3.046875000000000000e+00
2.109375000000000000e+00
3.000000000000000000e+00
2.437500000000000000e+00
1.679687500000000000e+00
-2.812500000000000000e-01
-1.593750000000000000e+00
2.109375000000000000e-01
-3.109375000000000000e+00
-6.210937500000000000e-01
1.476562500000000000e+00
-9.882812500000000000e-01
4.343750000000000000e+00
1.812500000000000000e+00
1.007812500000000000e+00
1.414062500000000000e+00
2.953125000000000000e+00
-1.826171875000000000e-01
-6.992187500000000000e-01
2.203125000000000000e+00
3.453125000000000000e+00
2.828125000000000000e+00
-7.968750000000000000e-01
2.328125000000000000e+00
-2.890625000000000000e-01
-1.335937500000000000e+00
3.421875000000000000e+00
2.714843750000000000e-01
1.132812500000000000e+00
-2.687500000000000000e+00
-4.433593750000000000e-01
2.984375000000000000e+00
1.070312500000000000e+00
-1.773437500000000000e+00
-2.968750000000000000e-01
-4.003906250000000000e-01
-1.554687500000000000e+00
6.396484375000000000e-02
-1.875000000000000000e-01
2.265625000000000000e+00
1.914062500000000000e+00
1.601562500000000000e+00
2.500000000000000000e+00
3.796875000000000000e+00
2.312500000000000000e+00
1.289062500000000000e+00
2.187500000000000000e+00
2.490234375000000000e-01
1.750000000000000000e+00
-1.039062500000000000e+00
-3.144531250000000000e-01
-6.054687500000000000e-01
-1.093750000000000000e+00
2.390625000000000000e+00
2.187500000000000000e+00
-2.421875000000000000e+00
-9.492187500000000000e-01
2.125000000000000000e+00
3.171875000000000000e+00
1.585937500000000000e+00
2.578125000000000000e+00
-2.373046875000000000e-01
2.640625000000000000e+00
-1.171875000000000000e+00
2.578125000000000000e+00
2.828125000000000000e+00
2.203125000000000000e+00
2.753906250000000000e-01
-7.812500000000000000e-01
9.804687500000000000e-01
1.435546875000000000e-01
-5.468750000000000000e-01
-1.023437500000000000e+00
-1.468750000000000000e+00
8.945312500000000000e-01
-3.515625000000000000e-01
-1.437500000000000000e+00
-1.218750000000000000e+00
1.507812500000000000e+00
-1.218750000000000000e+00
-1.234375000000000000e+00
3.312500000000000000e+00
-1.210937500000000000e+00
-2.558593750000000000e-01
2.734375000000000000e+00
-1.195312500000000000e+00
1.398437500000000000e+00
-1.726562500000000000e+00
3.296875000000000000e+00
2.484375000000000000e+00
-1.300048828125000000e-02
2.484375000000000000e+00
-3.046875000000000000e-01
3.062500000000000000e+00
2.703125000000000000e+00
2.312500000000000000e+00
1.085937500000000000e+00
2.640625000000000000e+00
-6.289062500000000000e-01
-1.695312500000000000e+00
-1.186523437500000000e-01
4.000000000000000000e+00
1.898437500000000000e+00
1.054687500000000000e+00
-1.093750000000000000e+00
1.500000000000000000e+00
2.500000000000000000e+00
-9.570312500000000000e-01
2.156250000000000000e+00
2.937500000000000000e+00
1.726562500000000000e+00
8.789062500000000000e-01
3.671875000000000000e-01
1.242187500000000000e+00
-8.242187500000000000e-01
8.349609375000000000e-02
1.171875000000000000e+00
8.750000000000000000e-01
-1.455078125000000000e-01
1.157226562500000000e-01
7.070312500000000000e-01
2.437500000000000000e+00
-1.914062500000000000e+00
-5.195312500000000000e-01
2.171875000000000000e+00
1.835937500000000000e+00
-9.257812500000000000e-01
2.359375000000000000e+00
-1.523437500000000000e-01
2.078125000000000000e+00
7.812500000000000000e-03
3.750000000000000000e+00
1.632812500000000000e+00
2.328125000000000000e+00
5.351562500000000000e-01
9.648437500000000000e-01
-8.632812500000000000e-01
7.968750000000000000e-01
1.093750000000000000e+00
-4.277343750000000000e-01
-1.367187500000000000e+00
-1.226562500000000000e+00
-1.773437500000000000e+00
-2.714843750000000000e-01
-1.474609375000000000e-01
2.562500000000000000e+00
-7.148437500000000000e-01
2.703125000000000000e+00
2.359375000000000000e+00
1.132812500000000000e-01
-7.187500000000000000e-01
2.265625000000000000e-01
-1.554687500000000000e+00
2.171875000000000000e+00
-2.421875000000000000e+00
-5.859375000000000000e-02
2.562500000000000000e+00
1.164062500000000000e+00
3.515625000000000000e-01
1.218750000000000000e+00
-8.125000000000000000e-01
-1.375000000000000000e+00
-6.875000000000000000e-01
2.431640625000000000e-01
-1.570312500000000000e+00
1.679687500000000000e-01
-4.316406250000000000e-01
-1.218750000000000000e+00
3.250000000000000000e+00
-3.828125000000000000e-01
2.062500000000000000e+00
2.203125000000000000e+00
-1.507812500000000000e+00
-1.601562500000000000e+00
-5.976562500000000000e-01
2.868652343750000000e-02
-1.750000000000000000e+00
-2.500000000000000000e+00
-9.335937500000000000e-01
-3.359375000000000000e-01
9.687500000000000000e-01
8.125000000000000000e-01
-9.414062500000000000e-01
-1.507812500000000000e+00
-9.882812500000000000e-01
3.515625000000000000e-02
-3.750000000000000000e-01
-9.062500000000000000e-01
-6.445312500000000000e-01
1.812500000000000000e+00
-1.187500000000000000e+00
-2.138671875000000000e-01
2.578125000000000000e+00
1.070312500000000000e+00
2.453125000000000000e+00
2.640625000000000000e+00
1.664062500000000000e+00
4.028320312500000000e-02
-1.687500000000000000e+00
-3.359375000000000000e-01
-9.062500000000000000e-01
-8.242187500000000000e-01
1.132812500000000000e+00
1.875000000000000000e+00
-1.437500000000000000e+00
-9.570312500000000000e-01
1.460937500000000000e+00
2.062500000000000000e+00
-3.953125000000000000e+00
2.812500000000000000e-01
-2.636718750000000000e-01
2.140625000000000000e+00
1.835937500000000000e+00
2.275390625000000000e-01
1.835937500000000000e+00
1.023437500000000000e+00
1.851562500000000000e+00
9.023437500000000000e-01
3.562500000000000000e+00
3.062500000000000000e+00
1.429687500000000000e+00
3.390625000000000000e+00
-6.757812500000000000e-01
2.296875000000000000e+00
9.882812500000000000e-01
-1.273437500000000000e+00
1.625000000000000000e+00
-6.523437500000000000e-01
4.003906250000000000e-01
2.312500000000000000e+00
1.976562500000000000e+00
-1.320312500000000000e+00
1.093750000000000000e-01
2.375000000000000000e+00
1.937500000000000000e+00
-9.687500000000000000e-01
-1.054687500000000000e+00
1.914062500000000000e+00
2.796875000000000000e+00
1.960937500000000000e+00
-2.265625000000000000e+00
-8.945312500000000000e-01
-1.101562500000000000e+00
7.187500000000000000e-01
1.648437500000000000e+00
-1.804687500000000000e+00
9.804687500000000000e-01
1.429687500000000000e+00
2.812500000000000000e+00
2.703125000000000000e+00
-2.609375000000000000e+00
-1.054687500000000000e+00
3.671875000000000000e-01
4.472656250000000000e-01
-1.429687500000000000e+00
-1.601562500000000000e+00
-5.117187500000000000e-01
2.796875000000000000e+00
-2.600097656250000000e-02
1.460937500000000000e+00
-5.703125000000000000e-01
3.250000000000000000e+00
1.318359375000000000e-01
3.328125000000000000e+00
-2.636718750000000000e-01
-1.351562500000000000e+00
2.187500000000000000e-01
1.742187500000000000e+00
4.277343750000000000e-01
2.515625000000000000e+00
-5.639648437500000000e-02
-9.257812500000000000e-01
1.601562500000000000e+00
-5.585937500000000000e-01
-8.906250000000000000e-01
-2.609375000000000000e+00
1.328125000000000000e-01
-2.421875000000000000e+00
-1.632812500000000000e+00
2.578125000000000000e+00
1.820312500000000000e+00
-7.656250000000000000e-01
1.476562500000000000e+00
-4.667968750000000000e-01
-2.562500000000000000e+00
2.500000000000000000e+00
2.546875000000000000e+00
4.121093750000000000e-01
2.265625000000000000e+00
4.062500000000000000e+00
4.785156250000000000e-02
2.078125000000000000e+00
-2.421875000000000000e+00
1.351562500000000000e+00
1.335937500000000000e+00
-9.882812500000000000e-01
-1.617187500000000000e+00
2.546875000000000000e+00
5.351562500000000000e-01
1.023437500000000000e+00
