2.828125000000000000e+00
-8.085937500000000000e-01
-2.453125000000000000e+00
2.796875000000000000e+00
-5.000000000000000000e-01
2.328125000000000000e+00
2.984375000000000000e+00
2.234375000000000000e+00
-2.046875000000000000e+00
-1.781250000000000000e+00
2.937500000000000000e+00
2.281250000000000000e+00
2.921875000000000000e+00
1.414062500000000000e+00
2.828125000000000000e+00
2.125000000000000000e+00
-1.835937500000000000e+00
2.234375000000000000e+00
3.453125000000000000e+00
-2.093750000000000000e+00
-2.314453125000000000e-01
3.359375000000000000e+00
-3.984375000000000000e+00
-1.585937500000000000e+00
2.375000000000000000e+00
1.914062500000000000e+00
-2.046875000000000000e+00
-7.382812500000000000e-01
-4.687500000000000000e-01
-2.093750000000000000e+00
3.671875000000000000e+00
1.742187500000000000e+00
2.984375000000000000e+00
-4.921875000000000000e-01
2.304687500000000000e-01
-2.125000000000000000e+00
1.593750000000000000e+00
-1.007812500000000000e+00
1.328125000000000000e+00
-3.000000000000000000e+00
-2.490234375000000000e-01
4.250000000000000000e+00
1.250000000000000000e+00
-1.382812500000000000e+00
-1.304687500000000000e+00
2.828125000000000000e+00
1.960937500000000000e+00
-1.335937500000000000e+00
1.601562500000000000e+00
2.796875000000000000e+00
-1.375000000000000000e+00
-1.687500000000000000e+00
2.531250000000000000e+00
-2.171875000000000000e+00
2.859375000000000000e+00
2.828125000000000000e+00
-2.203125000000000000e+00
-2.031250000000000000e-01
-2.451171875000000000e-01
2.171875000000000000e+00
-1.781250000000000000e+00
2.265625000000000000e+00
-5.507812500000000000e-01
4.125000000000000000e+00
2.984375000000000000e+00
-1.054687500000000000e+00
3.296875000000000000e+00
-8.750000000000000000e-01
-1.164062500000000000e+00
2.250000000000000000e+00
-2.312500000000000000e+00
3.703125000000000000e+00
-9.101562500000000000e-01
-1.742187500000000000e+00
3.359375000000000000e+00
2.832031250000000000e-01
4.281250000000000000e+00
2.562500000000000000e+00
3.703125000000000000e+00
3.242187500000000000e-01
3.921875000000000000e+00
2.546875000000000000e+00
-2.234375000000000000e+00
-1.843750000000000000e+00
-3.500000000000000000e+00
2.875000000000000000e+00
3.078125000000000000e+00
3.328125000000000000e+00
2.265625000000000000e+00
-2.140625000000000000e+00
-1.812500000000000000e+00
5.781250000000000000e-01
-4.468750000000000000e+00
-4.531250000000000000e-01
1.085937500000000000e+00
-1.710937500000000000e+00
5.656250000000000000e+00
2.453125000000000000e+00
1.437500000000000000e+00
1.789062500000000000e+00
3.312500000000000000e+00
-1.750000000000000000e+00
-1.726562500000000000e+00
2.328125000000000000e+00
4.093750000000000000e+00
3.750000000000000000e+00
-1.748046875000000000e-01
2.734375000000000000e+00
-1.351562500000000000e+00
-9.570312500000000000e-01
4.562500000000000000e+00
4.355468750000000000e-01
1.257812500000000000e+00
-3.234375000000000000e+00
-1.187500000000000000e+00
4.156250000000000000e+00
1.179687500000000000e+00
-2.437500000000000000e+00
-1.554687500000000000e+00
-6.132812500000000000e-01
-1.601562500000000000e+00
-8.945312500000000000e-01
-6.445312500000000000e-01
3.421875000000000000e+00
2.234375000000000000e+00
2.078125000000000000e+00
3.328125000000000000e+00
4.531250000000000000e+00
3.171875000000000000e+00
1.742187500000000000e+00
2.562500000000000000e+00
6.992187500000000000e-01
2.234375000000000000e+00
-1.437500000000000000e+00
-2.078125000000000000e+00
-1.382812500000000000e+00
-9.804687500000000000e-01
3.328125000000000000e+00
3.062500000000000000e+00
-1.960937500000000000e+00
-4.628906250000000000e-01
2.734375000000000000e+00
4.343750000000000000e+00
2.312500000000000000e+00
3.625000000000000000e+00
-9.218750000000000000e-01
3.750000000000000000e+00
-7.187500000000000000e-01
3.328125000000000000e+00
3.875000000000000000e+00
2.609375000000000000e+00
-4.199218750000000000e-01
-1.601562500000000000e+00
1.437500000000000000e+00
-1.242187500000000000e+00
-7.070312500000000000e-01
-7.929687500000000000e-01
-1.585937500000000000e+00
7.304687500000000000e-01
-1.611328125000000000e-01
-1.460937500000000000e+00
-1.257812500000000000e+00
1.710937500000000000e+00
-2.703125000000000000e+00
-5.937500000000000000e-01
4.093750000000000000e+00
-1.875000000000000000e+00
-6.718750000000000000e-01
3.078125000000000000e+00
-2.015625000000000000e+00
2.296875000000000000e+00
-2.828125000000000000e+00
4.468750000000000000e+00
3.328125000000000000e+00
-8.085937500000000000e-01
3.421875000000000000e+00
-3.691406250000000000e-01
3.500000000000000000e+00
2.890625000000000000e+00
3.125000000000000000e+00
2.000000000000000000e+00
3.578125000000000000e+00
-8.164062500000000000e-01
-1.726562500000000000e+00
6.835937500000000000e-01
4.656250000000000000e+00
2.656250000000000000e+00
1.335937500000000000e+00
-9.687500000000000000e-01
1.875000000000000000e+00
3.421875000000000000e+00
-1.179687500000000000e+00
2.796875000000000000e+00
4.062500000000000000e+00
2.484375000000000000e+00
1.492187500000000000e+00
4.863281250000000000e-01
1.148437500000000000e+00
-1.328125000000000000e+00
-1.195312500000000000e+00
1.414062500000000000e+00
1.687500000000000000e+00
-3.906250000000000000e-03
6.132812500000000000e-01
-1.304626464843750000e-03
3.000000000000000000e+00
-1.507812500000000000e+00
-1.632812500000000000e+00
2.921875000000000000e+00
2.515625000000000000e+00
-9.531250000000000000e-01
2.796875000000000000e+00
-1.242187500000000000e+00
2.859375000000000000e+00
7.500000000000000000e-01
4.781250000000000000e+00
2.187500000000000000e+00
3.484375000000000000e+00
2.140625000000000000e+00
1.289062500000000000e+00
-1.875000000000000000e+00
8.056640625000000000e-02
1.742187500000000000e+00
-6.601562500000000000e-01
-1.804687500000000000e+00
-1.960937500000000000e+00
-1.960937500000000000e+00
-2.109375000000000000e+00
4.902343750000000000e-01
3.750000000000000000e+00
-1.617187500000000000e+00
3.578125000000000000e+00
1.718750000000000000e+00
8.085937500000000000e-01
-6.875000000000000000e-01
-1.250000000000000000e+00
8.203125000000000000e-02
3.328125000000000000e+00
-3.046875000000000000e+00
-5.820312500000000000e-01
3.640625000000000000e+00
5.781250000000000000e-01
1.982421875000000000e-01
2.265625000000000000e+00
-1.669921875000000000e-01
-1.351562500000000000e+00
-1.845703125000000000e-01
-2.812500000000000000e-01
-1.664062500000000000e+00
-1.406250000000000000e+00
-4.316406250000000000e-01
-1.625000000000000000e+00
4.250000000000000000e+00
-1.328125000000000000e+00
3.015625000000000000e+00
2.875000000000000000e+00
-1.679687500000000000e+00
-2.515625000000000000e+00
-5.590820312500000000e-02
7.617187500000000000e-01
-9.414062500000000000e-01
-2.921875000000000000e+00
-1.492187500000000000e+00
1.601562500000000000e-01
1.710937500000000000e+00
1.023437500000000000e+00
-8.906250000000000000e-01
-1.601562500000000000e+00
-1.085937500000000000e+00
-1.320312500000000000e+00
-2.562500000000000000e+00
-7.460937500000000000e-01
-6.757812500000000000e-01
2.265625000000000000e+00
-1.726562500000000000e+00
-1.539062500000000000e+00
3.234375000000000000e+00
1.632812500000000000e+00
3.078125000000000000e+00
3.515625000000000000e+00
2.671875000000000000e+00
-1.226562500000000000e+00
-1.882812500000000000e+00
-1.375000000000000000e+00
-1.062500000000000000e+00
-1.039062500000000000e+00
1.531250000000000000e+00
2.578125000000000000e+00
-2.046875000000000000e+00
-9.023437500000000000e-01
2.000000000000000000e+00
3.062500000000000000e+00
-4.968750000000000000e+00
8.242187500000000000e-01
-1.054687500000000000e+00
2.953125000000000000e+00
2.515625000000000000e+00
-4.824218750000000000e-01
2.234375000000000000e+00
1.039062500000000000e+00
2.078125000000000000e+00
7.968750000000000000e-01
4.500000000000000000e+00
3.875000000000000000e+00
2.187500000000000000e+00
4.250000000000000000e+00
-1.835937500000000000e+00
1.898437500000000000e+00
1.328125000000000000e+00
-1.281250000000000000e+00
2.171875000000000000e+00
-5.312500000000000000e-01
1.257812500000000000e+00
3.046875000000000000e+00
2.640625000000000000e+00
-1.078125000000000000e+00
-1.179687500000000000e+00
2.937500000000000000e+00
2.546875000000000000e+00
-1.851562500000000000e+00
-1.687500000000000000e+00
2.578125000000000000e+00
4.031250000000000000e+00
2.187500000000000000e+00
-2.828125000000000000e+00
-8.710937500000000000e-01
-4.980468750000000000e-01
-1.591796875000000000e-01
2.203125000000000000e+00
-1.437500000000000000e+00
1.601562500000000000e+00
2.078125000000000000e+00
3.671875000000000000e+00
2.937500000000000000e+00
-3.062500000000000000e+00
-2.609375000000000000e+00
-3.437500000000000000e-01
5.664062500000000000e-01
-1.570312500000000000e+00
-1.492187500000000000e+00
-1.718750000000000000e+00
3.859375000000000000e+00
1.195312500000000000e+00
1.992187500000000000e+00
-1.812500000000000000e+00
4.281250000000000000e+00
8.554687500000000000e-01
3.500000000000000000e+00
-1.406250000000000000e+00
-2.421875000000000000e+00
-9.257812500000000000e-01
2.296875000000000000e+00
5.039062500000000000e-01
3.187500000000000000e+00
-8.867187500000000000e-01
-1.015625000000000000e+00
1.789062500000000000e+00
-3.613281250000000000e-01
-1.039062500000000000e+00
-4.125000000000000000e+00
-6.992187500000000000e-01
-2.671875000000000000e+00
-2.015625000000000000e+00
3.203125000000000000e+00
2.406250000000000000e+00
-8.867187500000000000e-01
2.125000000000000000e+00
-1.625000000000000000e+00
-2.453125000000000000e+00
3.250000000000000000e+00
2.890625000000000000e+00
-8.320312500000000000e-01
3.046875000000000000e+00
4.656250000000000000e+00
4.941406250000000000e-01
2.937500000000000000e+00
-1.898437500000000000e+00
1.914062500000000000e+00
1.109375000000000000e+00
-1.726562500000000000e+00
-1.179687500000000000e+00
3.171875000000000000e+00
-3.046875000000000000e-01
1.687500000000000000e+00
