-2.328125000000000000e+00
-1.445312500000000000e-01
-2.988281250000000000e-01
-1.845703125000000000e-01
1.148437500000000000e+00
1.351562500000000000e+00
-1.767578125000000000e-01
-3.261718750000000000e-01
-3.359375000000000000e-01
4.687500000000000000e-01
1.104736328125000000e-02
3.979492187500000000e-02
1.591796875000000000e-01
-1.367187500000000000e-01
-4.843750000000000000e-01
-4.316406250000000000e-01
2.203125000000000000e+00
-2.890625000000000000e-01
9.521484375000000000e-02
-1.523437500000000000e+00
5.429687500000000000e-01
3.203125000000000000e+00
-2.500000000000000000e+00
-1.196289062500000000e-01
-2.265625000000000000e-01
-6.757812500000000000e-01
6.494140625000000000e-02
1.445312500000000000e+00
-7.812500000000000000e-01
5.820312500000000000e-01
3.198242187500000000e-02
2.609375000000000000e+00
2.832031250000000000e-02
-1.250000000000000000e+00
-4.614257812500000000e-02
5.195312500000000000e-01
2.359375000000000000e+00
-1.789062500000000000e+00
-2.558593750000000000e-01
-1.304687500000000000e+00
1.570312500000000000e+00
3.906250000000000000e-02
-1.210937500000000000e+00
1.503906250000000000e-01
2.125000000000000000e+00
5.859375000000000000e-01
1.650390625000000000e-01
-1.812500000000000000e+00
1.437500000000000000e+00
4.882812500000000000e-02
-1.101562500000000000e+00
-5.859375000000000000e-02
2.703125000000000000e+00
1.585937500000000000e+00
-1.386718750000000000e-01
-3.593750000000000000e-01
-1.250000000000000000e+00
-3.203125000000000000e+00
-6.738281250000000000e-02
-2.197265625000000000e-01
-2.171875000000000000e+00
2.519531250000000000e-01
-1.320312500000000000e+00
-1.191406250000000000e-01
-1.689453125000000000e-01
6.683349609375000000e-03
-6.875000000000000000e-01
-5.429687500000000000e-01
-1.093750000000000000e+00
-5.664062500000000000e-01
1.101562500000000000e+00
-3.378906250000000000e-01
-9.335937500000000000e-01
-1.710937500000000000e+00
1.851562500000000000e+00
1.906250000000000000e+00
-3.808593750000000000e-01
3.007812500000000000e-01
-3.222656250000000000e-01
1.118164062500000000e-01
8.867187500000000000e-01
1.328125000000000000e-01
-3.027343750000000000e-01
-1.892089843750000000e-02
-1.226562500000000000e+00
8.789062500000000000e-01
-1.289062500000000000e-01
-3.671875000000000000e-01
-1.513671875000000000e-01
1.976562500000000000e+00
-1.085937500000000000e+00
-1.179687500000000000e+00
7.812500000000000000e-01
-1.320312500000000000e+00
2.890625000000000000e+00
1.242187500000000000e+00
-2.203125000000000000e+00
-3.183593750000000000e-01
1.474609375000000000e-01
6.054687500000000000e-01
-1.043701171875000000e-02
1.296875000000000000e+00
1.101562500000000000e+00
1.281250000000000000e+00
2.949218750000000000e-01
-1.171875000000000000e-01
-4.843750000000000000e-01
1.726562500000000000e+00
4.277343750000000000e-01
-1.789062500000000000e+00
-4.062500000000000000e-01
5.273437500000000000e-01
1.562500000000000000e+00
-3.750000000000000000e-01
1.210937500000000000e+00
-3.964843750000000000e-01
2.859375000000000000e+00
0.000000000000000000e+00
5.351562500000000000e-01
8.281250000000000000e-01
-3.300781250000000000e-01
1.007812500000000000e+00
1.226562500000000000e+00
-1.982421875000000000e-01
1.093750000000000000e+00
-1.494140625000000000e-01
9.521484375000000000e-02
1.552734375000000000e-01
-3.593750000000000000e-01
3.491210937500000000e-02
1.875000000000000000e+00
-2.373046875000000000e-01
5.639648437500000000e-02
-9.765625000000000000e-02
-4.277343750000000000e-01
-2.871093750000000000e-01
-1.343750000000000000e+00
-6.601562500000000000e-01
-4.296875000000000000e-02
-1.328125000000000000e+00
-2.015625000000000000e+00
2.046875000000000000e+00
-3.149414062500000000e-02
-2.041015625000000000e-01
-2.968750000000000000e-01
1.460937500000000000e+00
-2.000000000000000000e+00
-8.593750000000000000e-01
-6.079101562500000000e-02
-4.467773437500000000e-02
-2.390625000000000000e+00
1.187500000000000000e+00
1.337890625000000000e-01
-4.472656250000000000e-01
9.687500000000000000e-01
-2.984375000000000000e+00
-3.964843750000000000e-01
-1.054687500000000000e+00
9.570312500000000000e-01
-5.468750000000000000e-01
-1.445312500000000000e+00
-2.125000000000000000e+00
1.796875000000000000e-01
1.826171875000000000e-01
-2.140625000000000000e+00
2.246093750000000000e-02
6.494140625000000000e-02
-1.191406250000000000e-01
1.695312500000000000e+00
1.687500000000000000e+00
-4.375000000000000000e-01
1.845703125000000000e-01
2.404785156250000000e-02
-1.357421875000000000e-01
3.535156250000000000e-01
-2.656250000000000000e-01
-1.007812500000000000e+00
5.898437500000000000e-01
2.500000000000000000e+00
-2.519531250000000000e-01
-2.265625000000000000e+00
-3.496093750000000000e-01
-2.187500000000000000e-01
-1.625000000000000000e+00
-9.375000000000000000e-01
5.703125000000000000e-01
-8.984375000000000000e-02
-2.038574218750000000e-02
-3.164062500000000000e-01
1.533203125000000000e-01
2.673339843750000000e-02
-3.828125000000000000e-01
-1.279296875000000000e-01
-1.030273437500000000e-01
-3.183593750000000000e-01
-2.609375000000000000e+00
4.042968750000000000e-01
-1.820312500000000000e+00
-1.298828125000000000e-01
1.148437500000000000e+00
-5.664062500000000000e-02
-2.937500000000000000e+00
-1.079101562500000000e-01
9.912109375000000000e-02
8.789062500000000000e-01
-1.279296875000000000e-01
-4.121093750000000000e-01
4.472656250000000000e-01
-4.511718750000000000e-01
-6.835937500000000000e-01
-6.679687500000000000e-01
-8.007812500000000000e-02
1.234375000000000000e+00
4.628906250000000000e-01
-6.406250000000000000e-01
-3.593750000000000000e-01
-2.078125000000000000e+00
-4.589843750000000000e-01
-1.117187500000000000e+00
-2.468750000000000000e+00
3.300781250000000000e-01
7.500000000000000000e-01
-4.785156250000000000e-01
-1.035156250000000000e-01
-2.703125000000000000e+00
4.921875000000000000e-01
-1.476562500000000000e+00
1.125000000000000000e+00
-2.625000000000000000e+00
6.718750000000000000e-01
6.132812500000000000e-01
-2.234375000000000000e+00
-4.174804687500000000e-02
-4.921875000000000000e-01
-6.289062500000000000e-01
1.312500000000000000e+00
-2.468750000000000000e+00
-1.245117187500000000e-01
-6.914062500000000000e-01
-4.370117187500000000e-02
-2.255859375000000000e-01
1.789062500000000000e+00
2.703125000000000000e+00
-9.335937500000000000e-01
-2.171875000000000000e+00
-1.585937500000000000e+00
-1.898437500000000000e+00
5.507812500000000000e-01
-1.148437500000000000e+00
1.281250000000000000e+00
-2.640625000000000000e+00
-3.281250000000000000e-01
-1.593750000000000000e+00
8.281250000000000000e-01
-2.500000000000000000e-01
6.406250000000000000e-01
-6.718750000000000000e-01
8.867187500000000000e-01
-3.027343750000000000e-01
-7.382812500000000000e-01
-1.406250000000000000e+00
-1.710937500000000000e+00
8.349609375000000000e-02
-1.851562500000000000e+00
-2.236328125000000000e-01
1.085937500000000000e+00
-7.656250000000000000e-01
-1.875000000000000000e+00
-1.210937500000000000e+00
7.929687500000000000e-01
1.648437500000000000e+00
-1.601562500000000000e+00
-5.351562500000000000e-01
8.447265625000000000e-02
-2.080078125000000000e-01
4.218750000000000000e-01
-1.611328125000000000e-01
-2.640625000000000000e+00
3.085937500000000000e-01
-3.378906250000000000e-01
-1.304687500000000000e+00
2.871093750000000000e-01
-1.429687500000000000e+00
1.007812500000000000e+00
-1.235351562500000000e-01
-1.093750000000000000e-01
-2.871093750000000000e-01
-2.578125000000000000e-01
-4.843750000000000000e-01
-6.093750000000000000e-01
5.039062500000000000e-01
-2.519531250000000000e-01
-5.195312500000000000e-01
-6.757812500000000000e-01
1.242187500000000000e+00
-5.786132812500000000e-02
-3.183593750000000000e-01
9.179687500000000000e-01
2.380371093750000000e-02
5.078125000000000000e-02
1.398437500000000000e+00
1.195312500000000000e+00
-7.929687500000000000e-01
1.611328125000000000e-01
-7.343750000000000000e-01
1.085937500000000000e+00
5.976562500000000000e-01
2.470703125000000000e-01
9.570312500000000000e-01
-1.476562500000000000e+00
-4.121093750000000000e-01
-8.632812500000000000e-01
-1.210937500000000000e+00
-8.544921875000000000e-02
-2.031250000000000000e-01
-1.078125000000000000e+00
1.492187500000000000e+00
-3.027343750000000000e-01
-1.953125000000000000e-01
3.984375000000000000e-01
1.125000000000000000e+00
-3.535156250000000000e-01
-3.085937500000000000e-01
1.210937500000000000e+00
-2.390625000000000000e+00
-6.054687500000000000e-01
-1.773437500000000000e+00
1.195312500000000000e+00
2.966308593750000000e-02
-1.281250000000000000e+00
-4.707031250000000000e-01
-2.060546875000000000e-01
4.042968750000000000e-01
1.617187500000000000e+00
-1.101562500000000000e+00
4.667968750000000000e-01
7.343750000000000000e-01
-2.890625000000000000e+00
-2.078125000000000000e+00
1.020507812500000000e-01
1.195312500000000000e+00
-9.375000000000000000e-02
-2.984375000000000000e+00
-3.671875000000000000e-01
4.316406250000000000e-01
-3.046875000000000000e-01
-4.667968750000000000e-01
4.156250000000000000e+00
8.632812500000000000e-01
-6.250000000000000000e-01
1.937500000000000000e+00
-3.652343750000000000e-01
6.591796875000000000e-02
-6.093750000000000000e-01
-1.696777343750000000e-02
-2.203125000000000000e+00
2.796875000000000000e+00
-2.390625000000000000e+00
4.589843750000000000e-01
-9.882812500000000000e-01
6.679687500000000000e-01
-1.695312500000000000e+00
-2.875000000000000000e+00
2.648925781250000000e-02
1.210937500000000000e-01
-6.718750000000000000e-01
-2.265625000000000000e-01
1.351562500000000000e+00
-1.906250000000000000e+00
-1.513671875000000000e-01
2.460937500000000000e-01
1.601562500000000000e+00
2.209472656250000000e-02
3.222656250000000000e-01
-5.937500000000000000e-01
-2.216796875000000000e-01
-1.601562500000000000e+00
-3.417968750000000000e-02
9.726562500000000000e-01
-4.082031250000000000e-01
-1.101562500000000000e+00
7.324218750000000000e-02
2.046875000000000000e+00
-2.328125000000000000e+00
