6.500000000000000000e+00
-8.242187500000000000e-01
-3.140625000000000000e+00
3.812500000000000000e+00
-7.812500000000000000e-01
1.218750000000000000e+00
3.171875000000000000e+00
2.875000000000000000e+00
-2.296875000000000000e+00
-1.937500000000000000e+00
3.546875000000000000e+00
2.750000000000000000e+00
3.250000000000000000e+00
1.562500000000000000e+00
3.750000000000000000e+00
2.640625000000000000e+00
-2.796875000000000000e+00
2.953125000000000000e+00
6.406250000000000000e+00
-1.367187500000000000e+00
-5.195312500000000000e-01
2.312500000000000000e+00
-2.296875000000000000e+00
-1.523437500000000000e+00
3.296875000000000000e+00
2.687500000000000000e+00
-8.320312500000000000e-01
-9.179687500000000000e-01
4.746093750000000000e-01
-2.875000000000000000e+00
5.375000000000000000e+00
-8.740234375000000000e-02
4.218750000000000000e+00
-1.148437500000000000e+00
-3.378906250000000000e-01
-2.171875000000000000e+00
6.992187500000000000e-01
-6.884765625000000000e-02
1.914062500000000000e+00
-2.453125000000000000e+00
-6.445312500000000000e-01
5.875000000000000000e+00
2.359375000000000000e+00
-1.664062500000000000e+00
-1.789062500000000000e+00
2.703125000000000000e+00
2.000000000000000000e+00
-7.382812500000000000e-01
1.132812500000000000e+00
4.312500000000000000e+00
-4.531250000000000000e-01
-1.789062500000000000e+00
1.335937500000000000e+00
-3.000000000000000000e+00
4.156250000000000000e+00
4.875000000000000000e+00
-1.898437500000000000e+00
3.125000000000000000e+00
5.898437500000000000e-01
2.812500000000000000e+00
-1.414062500000000000e+00
2.406250000000000000e+00
3.378906250000000000e-01
5.218750000000000000e+00
3.500000000000000000e+00
-1.007812500000000000e+00
4.843750000000000000e+00
-8.750000000000000000e-01
-1.865234375000000000e-01
1.750000000000000000e+00
-2.390625000000000000e+00
3.359375000000000000e+00
1.259765625000000000e-01
-2.562500000000000000e+00
2.343750000000000000e+00
-1.851562500000000000e+00
5.500000000000000000e+00
2.515625000000000000e+00
4.750000000000000000e+00
7.617187500000000000e-01
3.796875000000000000e+00
3.203125000000000000e+00
-2.421875000000000000e+00
-1.601562500000000000e+00
-4.250000000000000000e+00
2.031250000000000000e+00
5.000000000000000000e+00
4.625000000000000000e+00
2.562500000000000000e+00
-2.390625000000000000e+00
-1.281250000000000000e+00
1.531250000000000000e+00
-5.125000000000000000e+00
2.099609375000000000e-01
-4.941406250000000000e-01
-2.515625000000000000e+00
9.312500000000000000e+00
3.375000000000000000e+00
4.316406250000000000e-01
1.562500000000000000e+00
5.218750000000000000e+00
-1.750000000000000000e+00
-2.484375000000000000e+00
2.109375000000000000e+00
5.781250000000000000e+00
5.093750000000000000e+00
-3.828125000000000000e-01
2.203125000000000000e+00
-1.210937500000000000e+00
-5.195312500000000000e-01
6.156250000000000000e+00
-8.125000000000000000e-01
7.343750000000000000e-01
-2.625000000000000000e+00
-1.468750000000000000e+00
5.218750000000000000e+00
-1.132812500000000000e+00
-2.468750000000000000e+00
-1.351562500000000000e+00
-1.070312500000000000e+00
-2.515625000000000000e+00
-1.148437500000000000e+00
-8.867187500000000000e-01
3.937500000000000000e+00
1.976562500000000000e+00
2.828125000000000000e+00
3.828125000000000000e+00
6.500000000000000000e+00
4.218750000000000000e+00
1.789062500000000000e+00
1.757812500000000000e+00
1.396484375000000000e-01
2.687500000000000000e+00
-1.968750000000000000e+00
9.804687500000000000e-01
-1.375000000000000000e+00
-3.535156250000000000e-01
4.750000000000000000e+00
3.750000000000000000e+00
-2.734375000000000000e+00
-2.949218750000000000e-01
1.554687500000000000e+00
5.125000000000000000e+00
2.546875000000000000e+00
4.375000000000000000e+00
-1.562500000000000000e+00
6.250000000000000000e+00
-1.343750000000000000e+00
4.500000000000000000e+00
4.718750000000000000e+00
6.468750000000000000e+00
-8.437500000000000000e-01
-1.773437500000000000e+00
1.304687500000000000e+00
-1.281250000000000000e+00
1.976562500000000000e+00
-1.554687500000000000e+00
-1.039062500000000000e+00
3.574218750000000000e-01
-9.531250000000000000e-01
-7.070312500000000000e-01
3.828125000000000000e-01
2.437500000000000000e+00
-8.632812500000000000e-01
1.542968750000000000e-01
5.843750000000000000e+00
-2.000000000000000000e+00
-2.636718750000000000e-01
2.500000000000000000e+00
-2.828125000000000000e+00
2.515625000000000000e+00
-2.296875000000000000e+00
5.531250000000000000e+00
4.656250000000000000e+00
-4.746093750000000000e-01
4.718750000000000000e+00
4.472656250000000000e-01
3.750000000000000000e+00
1.398437500000000000e+00
3.921875000000000000e+00
3.703125000000000000e+00
4.750000000000000000e+00
-7.382812500000000000e-01
-9.882812500000000000e-01
5.703125000000000000e-01
6.500000000000000000e+00
3.000000000000000000e+00
1.312500000000000000e+00
-1.617187500000000000e+00
2.125000000000000000e+00
4.031250000000000000e+00
-1.132812500000000000e+00
4.156250000000000000e+00
5.218750000000000000e+00
3.078125000000000000e+00
4.093750000000000000e+00
1.669921875000000000e-01
3.765625000000000000e+00
-1.351562500000000000e+00
-9.843750000000000000e-01
1.437500000000000000e+00
4.531250000000000000e+00
-4.433593750000000000e-01
-5.742187500000000000e-01
4.160156250000000000e-01
4.750000000000000000e+00
-2.109375000000000000e+00
-1.742187500000000000e+00
4.000000000000000000e+00
3.953125000000000000e+00
-1.351562500000000000e+00
4.156250000000000000e+00
-1.656250000000000000e+00
2.625000000000000000e+00
-2.500000000000000000e-01
6.843750000000000000e+00
4.843750000000000000e+00
3.953125000000000000e+00
6.445312500000000000e-01
4.218750000000000000e+00
-1.562500000000000000e+00
5.781250000000000000e-01
2.125000000000000000e+00
-3.750000000000000000e-01
4.843750000000000000e-01
-2.578125000000000000e+00
-1.281250000000000000e+00
-1.625000000000000000e+00
1.820312500000000000e+00
2.953125000000000000e+00
-1.632812500000000000e+00
6.906250000000000000e+00
4.468750000000000000e+00
4.160156250000000000e-01
-5.664062500000000000e-01
-1.250000000000000000e+00
-4.746093750000000000e-01
3.421875000000000000e+00
-3.515625000000000000e+00
-8.750000000000000000e-01
4.468750000000000000e+00
1.621093750000000000e-01
-2.171875000000000000e+00
1.789062500000000000e+00
1.679687500000000000e-01
-9.062500000000000000e-01
1.757812500000000000e-02
-4.160156250000000000e-01
-1.210937500000000000e+00
-1.445312500000000000e+00
1.960937500000000000e+00
-2.390625000000000000e+00
7.000000000000000000e+00
-1.593750000000000000e+00
3.671875000000000000e+00
2.187500000000000000e+00
-2.453125000000000000e+00
-3.546875000000000000e+00
-8.476562500000000000e-01
-3.593750000000000000e-01
-1.914062500000000000e+00
-2.000000000000000000e+00
-1.648437500000000000e+00
1.533203125000000000e-01
1.726562500000000000e+00
4.785156250000000000e-01
-1.710937500000000000e+00
-8.867187500000000000e-01
4.418945312500000000e-02
-1.164062500000000000e+00
-1.687500000000000000e+00
-5.546875000000000000e-01
-1.367187500000000000e+00
3.171875000000000000e+00
-1.257812500000000000e+00
3.925781250000000000e-01
4.656250000000000000e+00
4.656250000000000000e+00
3.671875000000000000e+00
4.656250000000000000e+00
3.828125000000000000e+00
-9.531250000000000000e-01
-8.710937500000000000e-01
-1.406250000000000000e+00
-3.750000000000000000e-01
-9.375000000000000000e-01
2.296875000000000000e+00
3.046875000000000000e+00
-1.679687500000000000e+00
-1.710937500000000000e+00
2.140625000000000000e+00
3.453125000000000000e+00
-4.437500000000000000e+00
1.312500000000000000e+00
-1.648437500000000000e+00
3.828125000000000000e+00
3.421875000000000000e+00
-5.078125000000000000e-01
3.359375000000000000e+00
1.398437500000000000e+00
1.539062500000000000e+00
2.578125000000000000e-01
7.000000000000000000e+00
5.093750000000000000e+00
3.171875000000000000e+00
4.031250000000000000e+00
-1.476562500000000000e+00
3.875000000000000000e+00
7.695312500000000000e-01
-4.667968750000000000e-01
3.078125000000000000e+00
-2.421875000000000000e-01
1.414062500000000000e+00
4.125000000000000000e+00
2.921875000000000000e+00
-2.062500000000000000e+00
-1.601562500000000000e+00
4.343750000000000000e+00
3.250000000000000000e+00
-1.976562500000000000e+00
-2.671875000000000000e+00
3.500000000000000000e+00
4.781250000000000000e+00
1.937500000000000000e+00
-1.093750000000000000e+00
-1.710937500000000000e+00
1.455078125000000000e-01
7.958984375000000000e-02
2.171875000000000000e+00
-2.500000000000000000e+00
2.046875000000000000e+00
2.875000000000000000e+00
3.703125000000000000e+00
2.546875000000000000e+00
-3.546875000000000000e+00
-1.273437500000000000e+00
-9.960937500000000000e-02
3.875000000000000000e+00
-1.304626464843750000e-03
-1.773437500000000000e+00
-1.992187500000000000e+00
4.531250000000000000e+00
2.937500000000000000e+00
3.171875000000000000e+00
-1.539062500000000000e+00
5.843750000000000000e+00
6.562500000000000000e-01
1.476562500000000000e+00
-1.437500000000000000e+00
-1.117187500000000000e+00
-1.617187500000000000e+00
3.500000000000000000e+00
1.166992187500000000e-01
4.968750000000000000e+00
-9.062500000000000000e-01
7.187500000000000000e-01
-3.247070312500000000e-02
1.125000000000000000e+00
-1.648437500000000000e+00
-2.328125000000000000e+00
-7.382812500000000000e-01
-1.773437500000000000e+00
-7.275390625000000000e-02
4.406250000000000000e+00
2.421875000000000000e+00
-4.531250000000000000e-01
2.859375000000000000e+00
-1.875000000000000000e+00
-3.250000000000000000e+00
4.156250000000000000e+00
4.093750000000000000e+00
-1.054687500000000000e+00
3.421875000000000000e+00
6.656250000000000000e+00
-1.611328125000000000e-01
3.625000000000000000e+00
-2.109375000000000000e+00
2.203125000000000000e+00
7.773437500000000000e-01
-1.195312500000000000e+00
-2.390625000000000000e+00
4.062500000000000000e+00
-6.562500000000000000e-01
4.218750000000000000e+00
