1.460000000000000000e+02
-9.937500000000000000e+00
-1.962500000000000000e+01
3.875000000000000000e+01
-9.750000000000000000e+00
-1.725000000000000000e+01
1.500000000000000000e+01
2.862500000000000000e+01
-1.200000000000000000e+01
-6.781250000000000000e+00
2.050000000000000000e+01
6.843750000000000000e+00
3.234375000000000000e+00
5.156250000000000000e+00
3.475000000000000000e+01
2.012500000000000000e+01
-2.512500000000000000e+01
2.550000000000000000e+01
1.275000000000000000e+02
1.273437500000000000e+00
-1.268750000000000000e+01
-6.031250000000000000e+00
9.350000000000000000e+01
-6.343750000000000000e+00
3.000000000000000000e+01
2.900000000000000000e+01
8.250000000000000000e+01
-9.500000000000000000e+00
4.000000000000000000e+00
-2.150000000000000000e+01
6.950000000000000000e+01
-3.137500000000000000e+01
4.025000000000000000e+01
-2.200000000000000000e+01
-2.546875000000000000e+00
-1.043750000000000000e+01
-7.406250000000000000e+00
7.070312500000000000e-01
3.200000000000000000e+01
-1.468750000000000000e+01
-1.481250000000000000e+01
6.200000000000000000e+01
3.765625000000000000e+00
-1.687500000000000000e+01
-9.687500000000000000e+00
4.875000000000000000e+00
6.343750000000000000e+00
-1.900000000000000000e+01
-9.437500000000000000e+00
7.100000000000000000e+01
-5.585937500000000000e-01
-4.093750000000000000e+00
-1.737500000000000000e+01
-1.531250000000000000e+01
4.375000000000000000e+01
9.600000000000000000e+01
-2.712500000000000000e+01
1.400000000000000000e+02
8.125000000000000000e-01
2.262500000000000000e+01
-7.375000000000000000e+00
1.328125000000000000e+00
3.828125000000000000e+00
3.725000000000000000e+01
8.437500000000000000e+00
-1.837500000000000000e+01
6.325000000000000000e+01
-1.418750000000000000e+01
-6.156250000000000000e+00
-3.425000000000000000e+01
-1.492187500000000000e+00
-1.231250000000000000e+01
4.296875000000000000e-01
-3.200000000000000000e+01
-1.950000000000000000e+01
-3.062500000000000000e+01
3.625000000000000000e+01
4.125000000000000000e+00
3.087500000000000000e+01
3.250000000000000000e+00
4.718750000000000000e+00
2.862500000000000000e+01
-1.331250000000000000e+01
-5.718750000000000000e+00
-2.600000000000000000e+01
-1.150000000000000000e+01
1.025000000000000000e+02
5.600000000000000000e+01
2.350000000000000000e+01
-5.906250000000000000e+00
-3.828125000000000000e+00
-1.468750000000000000e+01
-2.787500000000000000e+01
2.687500000000000000e+00
-2.537500000000000000e+01
-1.550000000000000000e+01
1.500000000000000000e+02
3.325000000000000000e+01
-9.687500000000000000e+00
-4.218750000000000000e+00
8.950000000000000000e+01
-7.156250000000000000e+00
-1.425000000000000000e+01
1.789062500000000000e+00
7.850000000000000000e+01
4.000000000000000000e+01
-5.093750000000000000e+00
-1.062500000000000000e+00
-4.593750000000000000e+00
-1.476562500000000000e+00
6.550000000000000000e+01
-1.962500000000000000e+01
-9.312500000000000000e+00
-6.343750000000000000e+00
-6.250000000000000000e+00
2.762500000000000000e+01
-6.450000000000000000e+01
-1.150000000000000000e+01
-8.062500000000000000e+00
-5.062500000000000000e+00
-1.650000000000000000e+01
-3.828125000000000000e+00
-1.737500000000000000e+01
2.062500000000000000e+01
-7.500000000000000000e+00
4.025000000000000000e+01
1.762500000000000000e+01
8.750000000000000000e+01
3.900000000000000000e+01
-7.718750000000000000e+00
-8.187500000000000000e+00
-3.625000000000000000e+01
1.431250000000000000e+01
-1.500000000000000000e+01
1.240000000000000000e+02
-8.937500000000000000e+00
-3.546875000000000000e+00
6.275000000000000000e+01
1.762500000000000000e+01
-1.787500000000000000e+01
3.062500000000000000e+00
-1.637500000000000000e+01
3.875000000000000000e+01
1.612500000000000000e+01
3.037500000000000000e+01
-1.218750000000000000e+01
1.000000000000000000e+02
-2.150000000000000000e+01
4.425000000000000000e+01
3.400000000000000000e+01
1.400000000000000000e+02
-1.506250000000000000e+01
-1.031250000000000000e+01
1.500000000000000000e+01
-9.687500000000000000e+00
9.600000000000000000e+01
-1.787500000000000000e+01
-3.234375000000000000e+00
-7.843750000000000000e+00
-1.468750000000000000e+01
1.187500000000000000e+00
4.100000000000000000e+01
2.262500000000000000e+01
8.650000000000000000e+01
5.976562500000000000e-01
7.050000000000000000e+01
-5.843750000000000000e+00
8.632812500000000000e-01
2.304687500000000000e-01
-1.675000000000000000e+01
4.656250000000000000e+00
1.296875000000000000e+00
4.100000000000000000e+01
5.075000000000000000e+01
-1.193750000000000000e+01
4.075000000000000000e+01
3.750000000000000000e+00
1.331250000000000000e+01
-8.687500000000000000e+00
3.500000000000000000e+01
7.800000000000000000e+01
4.700000000000000000e+01
-2.600000000000000000e+01
-3.875000000000000000e+00
-3.100000000000000000e+01
8.400000000000000000e+01
1.081250000000000000e+01
1.726562500000000000e+00
-1.500000000000000000e+01
6.250000000000000000e+00
3.137500000000000000e+01
-8.375000000000000000e+00
5.625000000000000000e+01
3.875000000000000000e+01
1.737500000000000000e+01
1.120000000000000000e+02
-6.757812500000000000e-01
1.320000000000000000e+02
-6.593750000000000000e+00
-4.406250000000000000e+00
2.109375000000000000e+00
1.005000000000000000e+02
-5.750000000000000000e+00
-2.050000000000000000e+01
8.437500000000000000e-01
7.550000000000000000e+01
-3.625000000000000000e+01
-1.525000000000000000e+01
3.575000000000000000e+01
5.175000000000000000e+01
-1.100000000000000000e+01
5.300000000000000000e+01
-9.500000000000000000e+00
4.093750000000000000e+00
-1.100000000000000000e+01
7.650000000000000000e+01
8.650000000000000000e+01
2.212500000000000000e+01
-5.875000000000000000e+01
1.340000000000000000e+02
-2.265625000000000000e+00
4.316406250000000000e-01
8.562500000000000000e+00
-2.609375000000000000e+00
1.000000000000000000e+02
-1.450000000000000000e+01
-4.277343750000000000e-01
-8.437500000000000000e+00
6.650000000000000000e+01
-6.500000000000000000e+00
-1.006250000000000000e+01
1.215000000000000000e+02
1.215000000000000000e+02
-2.046875000000000000e+00
-3.046875000000000000e+00
-6.375000000000000000e+00
-2.450000000000000000e+01
1.350000000000000000e+01
-1.762500000000000000e+01
-4.031250000000000000e+00
1.837500000000000000e+01
-2.093750000000000000e+00
-6.000000000000000000e+01
-9.125000000000000000e+00
-4.281250000000000000e+00
-5.468750000000000000e-02
1.875000000000000000e+00
-6.250000000000000000e+00
8.906250000000000000e-01
-8.187500000000000000e+00
1.310000000000000000e+02
-1.600000000000000000e+01
1.225000000000000000e+02
-6.593750000000000000e+00
2.162500000000000000e+01
-6.343750000000000000e+00
-1.862500000000000000e+01
-2.750000000000000000e+01
-1.762500000000000000e+01
-2.562500000000000000e+01
-3.162500000000000000e+01
-1.850000000000000000e+01
-5.625000000000000000e+00
-1.393750000000000000e+01
-2.000000000000000000e+01
-1.726562500000000000e+00
-2.212500000000000000e+01
3.378906250000000000e-01
3.296875000000000000e+00
-6.656250000000000000e+00
-5.312500000000000000e+00
-2.546875000000000000e+00
-1.518750000000000000e+01
2.450000000000000000e+01
-2.734375000000000000e+00
7.650000000000000000e+01
5.075000000000000000e+01
1.260000000000000000e+02
2.112500000000000000e+01
5.675000000000000000e+01
3.575000000000000000e+01
-5.625000000000000000e+00
-2.000000000000000000e+01
-3.078125000000000000e+00
-1.012500000000000000e+01
-1.767578125000000000e-01
3.575000000000000000e+01
1.787500000000000000e+01
-1.757812500000000000e+00
-1.518750000000000000e+01
2.046875000000000000e+00
1.862500000000000000e+01
-8.687500000000000000e+00
-1.368750000000000000e+01
-1.018750000000000000e+01
2.212500000000000000e+01
4.375000000000000000e+01
-1.987500000000000000e+01
3.900000000000000000e+01
-4.000000000000000000e+00
-5.117187500000000000e-01
-1.518750000000000000e+01
1.025000000000000000e+02
4.600000000000000000e+01
3.825000000000000000e+01
9.125000000000000000e+00
-9.101562500000000000e-01
1.065000000000000000e+02
-2.015625000000000000e+00
-5.625000000000000000e+00
3.475000000000000000e+01
-1.000000000000000000e+01
-1.962500000000000000e+01
4.075000000000000000e+01
1.231250000000000000e+01
-2.262500000000000000e+01
-8.187500000000000000e+00
6.175000000000000000e+01
3.500000000000000000e+01
-7.000000000000000000e+00
-1.518750000000000000e+01
4.325000000000000000e+01
2.900000000000000000e+01
1.015625000000000000e+00
6.275000000000000000e+01
-1.875000000000000000e+01
1.210937500000000000e+00
-1.737500000000000000e+01
2.250000000000000000e+00
-2.162500000000000000e+01
7.500000000000000000e+00
9.062500000000000000e+00
1.600000000000000000e+01
-6.054687500000000000e-01
-1.500000000000000000e+01
1.040000000000000000e+02
-4.718750000000000000e+00
1.300000000000000000e+02
3.062500000000000000e+01
-2.100000000000000000e+01
-3.078125000000000000e+00
3.225000000000000000e+01
2.437500000000000000e+01
4.000000000000000000e+01
-5.281250000000000000e+00
5.525000000000000000e+01
-2.075000000000000000e+01
-3.162500000000000000e+01
-8.062500000000000000e+00
2.287500000000000000e+01
-1.331250000000000000e+01
4.875000000000000000e+01
-1.875000000000000000e+01
7.500000000000000000e+01
-1.350000000000000000e+01
4.475000000000000000e+01
-2.900000000000000000e+01
6.175000000000000000e+01
-2.150000000000000000e+01
8.800000000000000000e+01
-5.750000000000000000e+00
-1.132812500000000000e+00
8.600000000000000000e+01
5.525000000000000000e+01
3.640625000000000000e+00
-6.500000000000000000e+00
4.025000000000000000e+01
-2.921875000000000000e+00
-2.637500000000000000e+01
3.500000000000000000e+01
5.225000000000000000e+01
-1.125000000000000000e+01
1.787500000000000000e+01
9.850000000000000000e+01
-1.493750000000000000e+01
2.537500000000000000e+01
-2.537500000000000000e+01
7.218750000000000000e+00
-6.375000000000000000e+00
-1.726562500000000000e+00
-2.462500000000000000e+01
4.025000000000000000e+01
-1.712500000000000000e+01
1.000000000000000000e+02
