7.650000000000000000e+01
-4.500000000000000000e+00
-1.268750000000000000e+01
2.112500000000000000e+01
-6.000000000000000000e+00
-1.018750000000000000e+01
8.687500000000000000e+00
1.568750000000000000e+01
-6.343750000000000000e+00
-3.703125000000000000e+00
1.181250000000000000e+01
4.375000000000000000e+00
3.375000000000000000e+00
2.562500000000000000e+00
1.887500000000000000e+01
1.131250000000000000e+01
-1.531250000000000000e+01
1.450000000000000000e+01
6.650000000000000000e+01
-1.625061035156250000e-03
-8.062500000000000000e+00
-2.390625000000000000e+00
4.500000000000000000e+01
-3.000000000000000000e+00
1.687500000000000000e+01
1.500000000000000000e+01
3.975000000000000000e+01
-4.687500000000000000e+00
3.000000000000000000e+00
-1.218750000000000000e+01
3.725000000000000000e+01
-1.937500000000000000e+01
2.237500000000000000e+01
-1.368750000000000000e+01
-3.015625000000000000e+00
-4.406250000000000000e+00
-4.812500000000000000e+00
-1.455078125000000000e-01
1.712500000000000000e+01
-7.968750000000000000e+00
-7.250000000000000000e+00
3.350000000000000000e+01
3.750000000000000000e+00
-8.937500000000000000e+00
-5.843750000000000000e+00
3.062500000000000000e+00
4.156250000000000000e+00
-8.500000000000000000e+00
-5.750000000000000000e+00
3.725000000000000000e+01
4.433593750000000000e-01
-2.484375000000000000e+00
-9.687500000000000000e+00
-8.562500000000000000e+00
2.412500000000000000e+01
5.075000000000000000e+01
-1.356250000000000000e+01
7.150000000000000000e+01
1.804687500000000000e+00
1.218750000000000000e+01
-3.250000000000000000e+00
1.367187500000000000e+00
2.578125000000000000e+00
2.162500000000000000e+01
5.906250000000000000e+00
-8.562500000000000000e+00
3.375000000000000000e+01
-8.437500000000000000e+00
-1.296875000000000000e+00
-1.850000000000000000e+01
-1.117187500000000000e+00
-5.656250000000000000e+00
7.539062500000000000e-01
-1.887500000000000000e+01
-9.750000000000000000e+00
-2.062500000000000000e+01
2.050000000000000000e+01
2.859375000000000000e+00
1.762500000000000000e+01
3.562500000000000000e+00
4.281250000000000000e+00
1.568750000000000000e+01
-7.000000000000000000e+00
-1.992187500000000000e+00
-1.612500000000000000e+01
-7.406250000000000000e+00
5.300000000000000000e+01
3.037500000000000000e+01
1.300000000000000000e+01
-3.578125000000000000e+00
-1.804687500000000000e+00
-4.718750000000000000e+00
-1.662500000000000000e+01
2.093750000000000000e+00
-1.518750000000000000e+01
-9.937500000000000000e+00
7.850000000000000000e+01
1.800000000000000000e+01
-6.843750000000000000e+00
-1.492187500000000000e+00
4.725000000000000000e+01
-3.578125000000000000e+00
-8.500000000000000000e+00
2.421875000000000000e+00
4.175000000000000000e+01
2.187500000000000000e+01
-4.187500000000000000e+00
4.160156250000000000e-01
-2.515625000000000000e+00
-8.632812500000000000e-01
3.525000000000000000e+01
-1.200000000000000000e+01
-4.656250000000000000e+00
-2.796875000000000000e+00
-3.546875000000000000e+00
1.637500000000000000e+01
-3.575000000000000000e+01
-7.281250000000000000e+00
-3.625000000000000000e+00
-3.750000000000000000e+00
-1.150000000000000000e+01
-2.890625000000000000e+00
-1.193750000000000000e+01
1.150000000000000000e+01
-3.171875000000000000e+00
2.100000000000000000e+01
1.100000000000000000e+01
4.675000000000000000e+01
2.150000000000000000e+01
-3.203125000000000000e+00
-4.375000000000000000e+00
-2.012500000000000000e+01
8.437500000000000000e+00
-9.437500000000000000e+00
6.450000000000000000e+01
-3.609375000000000000e+00
-1.843750000000000000e+00
3.300000000000000000e+01
1.081250000000000000e+01
-1.143750000000000000e+01
2.109375000000000000e+00
-9.750000000000000000e+00
2.112500000000000000e+01
9.000000000000000000e+00
1.762500000000000000e+01
-7.406250000000000000e+00
5.275000000000000000e+01
-1.318750000000000000e+01
2.412500000000000000e+01
1.862500000000000000e+01
7.400000000000000000e+01
-8.812500000000000000e+00
-6.375000000000000000e+00
6.968750000000000000e+00
-4.687500000000000000e+00
4.925000000000000000e+01
-1.000000000000000000e+01
-1.781250000000000000e+00
-5.031250000000000000e+00
-1.018750000000000000e+01
8.867187500000000000e-01
2.187500000000000000e+01
1.250000000000000000e+01
4.275000000000000000e+01
4.785156250000000000e-01
3.775000000000000000e+01
-3.265625000000000000e+00
2.500000000000000000e+00
1.265625000000000000e+00
-1.075000000000000000e+01
3.000000000000000000e+00
1.812500000000000000e+00
2.300000000000000000e+01
2.762500000000000000e+01
-4.781250000000000000e+00
2.262500000000000000e+01
2.859375000000000000e+00
8.562500000000000000e+00
-6.250000000000000000e+00
1.912500000000000000e+01
4.100000000000000000e+01
2.562500000000000000e+01
-1.250000000000000000e+01
-2.078125000000000000e+00
-1.500000000000000000e+01
4.500000000000000000e+01
6.593750000000000000e+00
2.109375000000000000e+00
-7.843750000000000000e+00
4.156250000000000000e+00
1.712500000000000000e+01
-4.875000000000000000e+00
3.000000000000000000e+01
2.137500000000000000e+01
9.687500000000000000e+00
5.800000000000000000e+01
-6.367187500000000000e-01
6.750000000000000000e+01
-4.281250000000000000e+00
-1.937500000000000000e+00
1.968750000000000000e+00
5.200000000000000000e+01
-3.375000000000000000e+00
-1.356250000000000000e+01
1.773437500000000000e+00
4.000000000000000000e+01
-2.037500000000000000e+01
-7.218750000000000000e+00
1.987500000000000000e+01
2.750000000000000000e+01
-7.718750000000000000e+00
2.887500000000000000e+01
-5.406250000000000000e+00
2.515625000000000000e+00
-8.187500000000000000e+00
4.100000000000000000e+01
4.600000000000000000e+01
1.250000000000000000e+01
-3.275000000000000000e+01
6.850000000000000000e+01
-8.125000000000000000e-01
2.203125000000000000e+00
5.218750000000000000e+00
-7.500000000000000000e-01
5.075000000000000000e+01
-8.937500000000000000e+00
3.261718750000000000e-01
-4.000000000000000000e+00
3.375000000000000000e+01
-3.750000000000000000e+00
-6.281250000000000000e+00
6.450000000000000000e+01
6.275000000000000000e+01
-2.421875000000000000e+00
-1.140625000000000000e+00
-3.421875000000000000e+00
-1.400000000000000000e+01
7.468750000000000000e+00
-1.050000000000000000e+01
-3.250000000000000000e+00
1.131250000000000000e+01
-2.099609375000000000e-01
-3.625000000000000000e+01
-5.406250000000000000e+00
-1.625000000000000000e+00
1.118164062500000000e-01
1.539062500000000000e+00
-3.125000000000000000e+00
5.820312500000000000e-01
-4.187500000000000000e+00
6.500000000000000000e+01
-9.812500000000000000e+00
6.400000000000000000e+01
-4.000000000000000000e+00
1.256250000000000000e+01
-4.468750000000000000e+00
-1.200000000000000000e+01
-1.556250000000000000e+01
-1.068750000000000000e+01
-1.600000000000000000e+01
-1.962500000000000000e+01
-8.062500000000000000e+00
-4.156250000000000000e+00
-7.343750000000000000e+00
-8.562500000000000000e+00
-1.398437500000000000e+00
-1.400000000000000000e+01
6.250000000000000000e-01
2.578125000000000000e+00
-2.703125000000000000e+00
-1.273437500000000000e+00
-5.820312500000000000e-01
-1.000000000000000000e+01
1.368750000000000000e+01
-1.476562500000000000e+00
3.800000000000000000e+01
2.812500000000000000e+01
6.550000000000000000e+01
1.218750000000000000e+01
3.012500000000000000e+01
1.900000000000000000e+01
-2.265625000000000000e+00
-7.500000000000000000e+00
-1.976562500000000000e+00
-4.625000000000000000e+00
4.316406250000000000e-01
1.912500000000000000e+01
1.000000000000000000e+01
-5.937500000000000000e-01
-1.068750000000000000e+01
1.851562500000000000e+00
1.068750000000000000e+01
-5.375000000000000000e+00
-5.250000000000000000e+00
-6.031250000000000000e+00
1.250000000000000000e+01
2.337500000000000000e+01
-9.750000000000000000e+00
2.112500000000000000e+01
-1.196289062500000000e-01
5.000000000000000000e-01
-8.062500000000000000e+00
5.400000000000000000e+01
2.537500000000000000e+01
2.050000000000000000e+01
5.656250000000000000e+00
1.796875000000000000e-01
5.500000000000000000e+01
-7.187500000000000000e-01
-1.210937500000000000e+00
1.862500000000000000e+01
-5.718750000000000000e+00
-9.187500000000000000e+00
2.200000000000000000e+01
7.468750000000000000e+00
-1.418750000000000000e+01
-4.968750000000000000e+00
3.300000000000000000e+01
1.937500000000000000e+01
-3.203125000000000000e+00
-1.025000000000000000e+01
2.300000000000000000e+01
1.581250000000000000e+01
1.476562500000000000e+00
3.062500000000000000e+01
-1.231250000000000000e+01
1.043701171875000000e-02
-7.750000000000000000e+00
2.031250000000000000e+00
-1.475000000000000000e+01
4.343750000000000000e+00
5.656250000000000000e+00
9.687500000000000000e+00
7.695312500000000000e-01
-9.937500000000000000e+00
5.025000000000000000e+01
-1.507812500000000000e+00
6.650000000000000000e+01
1.650000000000000000e+01
-1.131250000000000000e+01
-1.750000000000000000e+00
1.762500000000000000e+01
1.393750000000000000e+01
2.137500000000000000e+01
-2.250000000000000000e+00
3.087500000000000000e+01
-1.300000000000000000e+01
-1.700000000000000000e+01
-4.281250000000000000e+00
1.200000000000000000e+01
-7.406250000000000000e+00
2.562500000000000000e+01
-1.206250000000000000e+01
3.925000000000000000e+01
-7.093750000000000000e+00
2.400000000000000000e+01
-1.687500000000000000e+01
3.112500000000000000e+01
-1.181250000000000000e+01
4.200000000000000000e+01
-2.656250000000000000e+00
-4.511718750000000000e-01
4.300000000000000000e+01
2.962500000000000000e+01
3.125000000000000000e+00
-3.234375000000000000e+00
2.050000000000000000e+01
-1.382812500000000000e+00
-1.737500000000000000e+01
1.987500000000000000e+01
2.787500000000000000e+01
-6.500000000000000000e+00
1.062500000000000000e+01
5.200000000000000000e+01
-9.500000000000000000e+00
1.431250000000000000e+01
-1.218750000000000000e+01
4.718750000000000000e+00
-4.031250000000000000e+00
-5.507812500000000000e-01
-1.612500000000000000e+01
2.237500000000000000e+01
-1.125000000000000000e+01
5.200000000000000000e+01
