2.062500000000000000e+00
0.000000000000000000e+00
-2.078125000000000000e+00
2.109375000000000000e+00
9.375000000000000000e-02
1.593750000000000000e+00
2.015625000000000000e+00
1.601562500000000000e+00
-1.437500000000000000e+00
-8.593750000000000000e-01
2.015625000000000000e+00
1.304687500000000000e+00
2.265625000000000000e+00
6.523437500000000000e-01
1.750000000000000000e+00
1.429687500000000000e+00
-1.492187500000000000e+00
1.664062500000000000e+00
3.937500000000000000e+00
-2.156250000000000000e+00
-7.812500000000000000e-03
3.500000000000000000e+00
-3.734375000000000000e+00
-6.875000000000000000e-01
1.789062500000000000e+00
1.148437500000000000e+00
-1.375000000000000000e+00
5.429687500000000000e-01
-4.433593750000000000e-01
-1.312500000000000000e+00
3.015625000000000000e+00
1.007812500000000000e+00
2.359375000000000000e+00
-1.281250000000000000e+00
-1.914062500000000000e-01
-1.132812500000000000e+00
1.539062500000000000e+00
-1.593750000000000000e+00
1.000000000000000000e+00
-2.562500000000000000e+00
8.281250000000000000e-01
3.296875000000000000e+00
5.429687500000000000e-01
-8.906250000000000000e-01
8.837890625000000000e-02
2.171875000000000000e+00
1.156250000000000000e+00
-1.273437500000000000e+00
1.250000000000000000e+00
2.421875000000000000e+00
-1.375000000000000000e+00
-1.406250000000000000e+00
2.328125000000000000e+00
-9.726562500000000000e-01
2.234375000000000000e+00
2.921875000000000000e+00
-2.203125000000000000e+00
-5.703125000000000000e-01
2.675781250000000000e-01
1.398437500000000000e+00
-2.250000000000000000e+00
1.523437500000000000e+00
-8.007812500000000000e-01
3.046875000000000000e+00
2.171875000000000000e+00
-5.039062500000000000e-01
2.375000000000000000e+00
-1.132812500000000000e+00
-1.117187500000000000e+00
5.742187500000000000e-01
-1.257812500000000000e+00
1.835937500000000000e+00
-1.023437500000000000e+00
-2.265625000000000000e+00
2.703125000000000000e+00
-5.078125000000000000e-01
3.046875000000000000e+00
1.867187500000000000e+00
2.687500000000000000e+00
6.210937500000000000e-01
3.296875000000000000e+00
1.914062500000000000e+00
-6.562500000000000000e-01
-7.382812500000000000e-01
-3.140625000000000000e+00
1.656250000000000000e+00
2.953125000000000000e+00
2.421875000000000000e+00
1.617187500000000000e+00
-5.195312500000000000e-01
-1.476562500000000000e+00
3.652343750000000000e-01
-3.109375000000000000e+00
-7.031250000000000000e-01
1.156250000000000000e+00
-1.117187500000000000e+00
4.062500000000000000e+00
1.757812500000000000e+00
4.902343750000000000e-01
1.445312500000000000e+00
3.062500000000000000e+00
-3.964843750000000000e-01
-1.437500000000000000e+00
2.421875000000000000e+00
3.421875000000000000e+00
2.734375000000000000e+00
-8.085937500000000000e-01
2.453125000000000000e+00
-4.003906250000000000e-01
-1.398437500000000000e+00
3.375000000000000000e+00
1.259765625000000000e-01
1.281250000000000000e+00
-2.281250000000000000e+00
-6.289062500000000000e-01
3.062500000000000000e+00
4.687500000000000000e-01
-1.773437500000000000e+00
-4.531250000000000000e-01
-4.511718750000000000e-01
-1.718750000000000000e+00
-4.902343750000000000e-01
-5.781250000000000000e-01
2.156250000000000000e+00
1.867187500000000000e+00
1.539062500000000000e+00
2.515625000000000000e+00
3.796875000000000000e+00
2.359375000000000000e+00
1.046875000000000000e+00
2.156250000000000000e+00
-9.375000000000000000e-02
1.773437500000000000e+00
-1.085937500000000000e+00
1.455078125000000000e-01
-5.468750000000000000e-01
-1.007812500000000000e+00
2.328125000000000000e+00
2.234375000000000000e+00
-2.421875000000000000e+00
-1.046875000000000000e+00
2.015625000000000000e+00
3.109375000000000000e+00
1.476562500000000000e+00
2.609375000000000000e+00
-3.222656250000000000e-01
2.390625000000000000e+00
-1.507812500000000000e+00
2.500000000000000000e+00
2.796875000000000000e+00
2.078125000000000000e+00
2.812500000000000000e-01
-8.476562500000000000e-01
7.304687500000000000e-01
5.200195312500000000e-02
-7.695312500000000000e-01
-9.414062500000000000e-01
-1.437500000000000000e+00
8.164062500000000000e-01
-7.304687500000000000e-01
-1.351562500000000000e+00
-1.039062500000000000e+00
1.351562500000000000e+00
-1.257812500000000000e+00
-1.085937500000000000e+00
3.296875000000000000e+00
-1.304687500000000000e+00
-7.666015625000000000e-02
2.796875000000000000e+00
-1.375000000000000000e+00
1.273437500000000000e+00
-1.570312500000000000e+00
3.296875000000000000e+00
2.484375000000000000e+00
1.118164062500000000e-01
2.546875000000000000e+00
-5.429687500000000000e-01
3.109375000000000000e+00
2.109375000000000000e+00
2.250000000000000000e+00
9.101562500000000000e-01
2.562500000000000000e+00
-7.304687500000000000e-01
-1.773437500000000000e+00
-1.923828125000000000e-01
4.031250000000000000e+00
1.875000000000000000e+00
9.882812500000000000e-01
1.796875000000000000e-01
1.351562500000000000e+00
2.515625000000000000e+00
-9.843750000000000000e-01
2.078125000000000000e+00
2.859375000000000000e+00
1.617187500000000000e+00
7.148437500000000000e-01
3.925781250000000000e-01
9.062500000000000000e-01
-1.054687500000000000e+00
-2.138671875000000000e-01
1.132812500000000000e+00
7.695312500000000000e-01
-3.515625000000000000e-02
-8.837890625000000000e-02
8.750000000000000000e-01
2.390625000000000000e+00
-1.820312500000000000e+00
-6.289062500000000000e-01
2.171875000000000000e+00
1.710937500000000000e+00
-1.265625000000000000e+00
2.296875000000000000e+00
-2.236328125000000000e-01
1.968750000000000000e+00
-3.203125000000000000e-01
3.671875000000000000e+00
1.492187500000000000e+00
2.265625000000000000e+00
-4.375000000000000000e-01
5.898437500000000000e-01
-1.007812500000000000e+00
1.054687500000000000e+00
9.843750000000000000e-01
-4.746093750000000000e-01
-1.804687500000000000e+00
-1.398437500000000000e+00
-1.656250000000000000e+00
-7.031250000000000000e-01
-4.277343750000000000e-01
2.453125000000000000e+00
-1.015625000000000000e+00
2.484375000000000000e+00
2.515625000000000000e+00
-2.087402343750000000e-02
-6.171875000000000000e-01
1.406250000000000000e-01
-1.812500000000000000e+00
2.140625000000000000e+00
-2.500000000000000000e+00
-3.457031250000000000e-01
2.593750000000000000e+00
1.234375000000000000e+00
-6.367187500000000000e-01
1.148437500000000000e+00
-7.968750000000000000e-01
-1.500000000000000000e+00
-6.210937500000000000e-01
1.040039062500000000e-01
-1.570312500000000000e+00
2.087402343750000000e-02
-1.101562500000000000e+00
-1.156250000000000000e+00
2.937500000000000000e+00
-5.468750000000000000e-01
2.093750000000000000e+00
2.187500000000000000e+00
-1.523437500000000000e+00
-1.398437500000000000e+00
-5.585937500000000000e-01
-5.546875000000000000e-01
-2.031250000000000000e+00
-2.437500000000000000e+00
-1.054687500000000000e+00
-2.236328125000000000e-01
8.398437500000000000e-01
8.281250000000000000e-01
-1.062500000000000000e+00
-1.695312500000000000e+00
-1.070312500000000000e+00
-9.912109375000000000e-02
-6.562500000000000000e-01
-7.382812500000000000e-01
-8.320312500000000000e-01
1.710937500000000000e+00
-1.140625000000000000e+00
-3.750000000000000000e-01
2.562500000000000000e+00
9.062500000000000000e-01
2.437500000000000000e+00
2.546875000000000000e+00
1.437500000000000000e+00
-2.597656250000000000e-01
-1.414062500000000000e+00
-3.496093750000000000e-01
-4.277343750000000000e-01
-8.242187500000000000e-01
1.054687500000000000e+00
1.773437500000000000e+00
-1.195312500000000000e+00
-1.312500000000000000e+00
1.585937500000000000e+00
2.031250000000000000e+00
-3.625000000000000000e+00
1.767578125000000000e-01
-3.222656250000000000e-01
2.015625000000000000e+00
1.757812500000000000e+00
2.578125000000000000e-01
1.773437500000000000e+00
8.164062500000000000e-01
2.015625000000000000e+00
8.750000000000000000e-01
3.562500000000000000e+00
3.000000000000000000e+00
1.367187500000000000e+00
3.234375000000000000e+00
-7.929687500000000000e-01
2.500000000000000000e+00
1.093750000000000000e+00
-1.429687500000000000e+00
1.554687500000000000e+00
-9.218750000000000000e-01
6.523437500000000000e-01
2.250000000000000000e+00
1.867187500000000000e+00
-1.625000000000000000e+00
5.218505859375000000e-03
2.359375000000000000e+00
1.898437500000000000e+00
-1.000000000000000000e+00
-1.304687500000000000e+00
1.867187500000000000e+00
2.703125000000000000e+00
2.109375000000000000e+00
-2.609375000000000000e+00
-1.062500000000000000e+00
-1.507812500000000000e+00
9.492187500000000000e-01
1.554687500000000000e+00
-2.171875000000000000e+00
8.164062500000000000e-01
1.460937500000000000e+00
2.875000000000000000e+00
2.796875000000000000e+00
-2.765625000000000000e+00
-1.500000000000000000e+00
4.316406250000000000e-01
1.562500000000000000e-01
-1.539062500000000000e+00
-5.898437500000000000e-01
-7.304687500000000000e-01
2.703125000000000000e+00
2.087402343750000000e-02
1.398437500000000000e+00
-6.289062500000000000e-01
3.187500000000000000e+00
-6.875000000000000000e-01
2.953125000000000000e+00
-3.359375000000000000e-01
-1.117187500000000000e+00
1.455078125000000000e-01
1.601562500000000000e+00
-5.468750000000000000e-02
2.546875000000000000e+00
-2.080078125000000000e-01
-9.179687500000000000e-01
1.132812500000000000e+00
-8.242187500000000000e-01
-7.382812500000000000e-01
-3.359375000000000000e+00
7.812500000000000000e-03
-2.250000000000000000e+00
-2.078125000000000000e+00
2.625000000000000000e+00
1.914062500000000000e+00
-8.242187500000000000e-01
1.226562500000000000e+00
-7.773437500000000000e-01
-2.828125000000000000e+00
2.515625000000000000e+00
2.562500000000000000e+00
4.316406250000000000e-01
2.296875000000000000e+00
4.125000000000000000e+00
-2.988281250000000000e-01
1.968750000000000000e+00
-1.835937500000000000e+00
1.242187500000000000e+00
1.156250000000000000e+00
-1.226562500000000000e+00
-1.906250000000000000e+00
2.484375000000000000e+00
-1.533203125000000000e-01
8.945312500000000000e-01
