1.370000000000000000e+02
-9.812500000000000000e+00
-1.937500000000000000e+01
3.725000000000000000e+01
-8.687500000000000000e+00
-1.468750000000000000e+01
1.456250000000000000e+01
2.700000000000000000e+01
-1.056250000000000000e+01
-6.156250000000000000e+00
1.987500000000000000e+01
6.218750000000000000e+00
3.078125000000000000e+00
4.468750000000000000e+00
3.350000000000000000e+01
1.962500000000000000e+01
-2.437500000000000000e+01
2.462500000000000000e+01
1.200000000000000000e+02
8.164062500000000000e-01
-1.243750000000000000e+01
-5.750000000000000000e+00
8.850000000000000000e+01
-7.000000000000000000e+00
2.937500000000000000e+01
2.800000000000000000e+01
7.850000000000000000e+01
-7.156250000000000000e+00
4.593750000000000000e+00
-2.012500000000000000e+01
6.600000000000000000e+01
-2.900000000000000000e+01
3.875000000000000000e+01
-2.212500000000000000e+01
-1.117187500000000000e+00
-8.562500000000000000e+00
-5.906250000000000000e+00
3.637695312500000000e-02
3.062500000000000000e+01
-1.368750000000000000e+01
-1.206250000000000000e+01
5.925000000000000000e+01
5.468750000000000000e+00
-1.637500000000000000e+01
-7.250000000000000000e+00
5.218750000000000000e+00
5.656250000000000000e+00
-1.637500000000000000e+01
-7.500000000000000000e+00
6.750000000000000000e+01
-5.000000000000000000e-01
-3.500000000000000000e+00
-1.612500000000000000e+01
-1.581250000000000000e+01
4.175000000000000000e+01
9.050000000000000000e+01
-2.700000000000000000e+01
1.330000000000000000e+02
2.234375000000000000e+00
2.112500000000000000e+01
-6.750000000000000000e+00
1.992187500000000000e+00
2.281250000000000000e+00
3.675000000000000000e+01
8.375000000000000000e+00
-1.662500000000000000e+01
6.000000000000000000e+01
-1.506250000000000000e+01
-3.953125000000000000e+00
-3.150000000000000000e+01
-6.054687500000000000e-01
-1.056250000000000000e+01
8.789062500000000000e-01
-3.225000000000000000e+01
-1.800000000000000000e+01
-2.937500000000000000e+01
3.525000000000000000e+01
5.031250000000000000e+00
3.037500000000000000e+01
4.093750000000000000e+00
4.406250000000000000e+00
2.750000000000000000e+01
-1.381250000000000000e+01
-4.812500000000000000e+00
-2.637500000000000000e+01
-9.250000000000000000e+00
9.750000000000000000e+01
5.400000000000000000e+01
2.262500000000000000e+01
-4.125000000000000000e+00
-5.093750000000000000e+00
-1.156250000000000000e+01
-2.862500000000000000e+01
1.789062500000000000e+00
-2.412500000000000000e+01
-1.368750000000000000e+01
1.410000000000000000e+02
3.225000000000000000e+01
-8.312500000000000000e+00
-3.046875000000000000e+00
8.500000000000000000e+01
-4.750000000000000000e+00
-1.518750000000000000e+01
1.750000000000000000e+00
7.400000000000000000e+01
3.825000000000000000e+01
-4.906250000000000000e+00
-3.125000000000000000e-01
-4.125000000000000000e+00
-3.125000000000000000e+00
6.200000000000000000e+01
-1.737500000000000000e+01
-8.062500000000000000e+00
-6.750000000000000000e+00
-4.843750000000000000e+00
2.687500000000000000e+01
-6.125000000000000000e+01
-1.231250000000000000e+01
-5.750000000000000000e+00
-4.468750000000000000e+00
-1.700000000000000000e+01
-3.453125000000000000e+00
-1.725000000000000000e+01
2.137500000000000000e+01
-5.968750000000000000e+00
3.825000000000000000e+01
1.687500000000000000e+01
8.250000000000000000e+01
3.775000000000000000e+01
-7.125000000000000000e+00
-6.843750000000000000e+00
-3.500000000000000000e+01
1.481250000000000000e+01
-1.406250000000000000e+01
1.175000000000000000e+02
-9.375000000000000000e+00
-4.156250000000000000e+00
6.000000000000000000e+01
1.787500000000000000e+01
-1.800000000000000000e+01
2.546875000000000000e+00
-1.500000000000000000e+01
3.725000000000000000e+01
1.581250000000000000e+01
2.962500000000000000e+01
-9.875000000000000000e+00
9.450000000000000000e+01
-2.262500000000000000e+01
4.275000000000000000e+01
3.325000000000000000e+01
1.320000000000000000e+02
-1.318750000000000000e+01
-1.050000000000000000e+01
1.481250000000000000e+01
-7.375000000000000000e+00
9.050000000000000000e+01
-1.750000000000000000e+01
-2.671875000000000000e+00
-7.593750000000000000e+00
-1.418750000000000000e+01
1.726562500000000000e+00
3.800000000000000000e+01
2.162500000000000000e+01
8.350000000000000000e+01
2.792968750000000000e-01
6.750000000000000000e+01
-4.031250000000000000e+00
1.367187500000000000e+00
6.757812500000000000e-01
-1.581250000000000000e+01
5.218750000000000000e+00
1.328125000000000000e+00
3.975000000000000000e+01
4.875000000000000000e+01
-9.250000000000000000e+00
3.925000000000000000e+01
2.640625000000000000e+00
1.343750000000000000e+01
-7.343750000000000000e+00
3.375000000000000000e+01
7.400000000000000000e+01
4.525000000000000000e+01
-2.362500000000000000e+01
-4.593750000000000000e+00
-2.812500000000000000e+01
7.950000000000000000e+01
1.075000000000000000e+01
1.851562500000000000e+00
-1.500000000000000000e+01
6.250000000000000000e+00
3.062500000000000000e+01
-8.437500000000000000e+00
5.300000000000000000e+01
3.725000000000000000e+01
1.687500000000000000e+01
1.075000000000000000e+02
5.664062500000000000e-01
1.245000000000000000e+02
-6.656250000000000000e+00
-4.375000000000000000e+00
2.046875000000000000e+00
9.550000000000000000e+01
-4.906250000000000000e+00
-2.012500000000000000e+01
2.609375000000000000e+00
7.150000000000000000e+01
-3.575000000000000000e+01
-1.356250000000000000e+01
3.450000000000000000e+01
4.925000000000000000e+01
-1.012500000000000000e+01
5.000000000000000000e+01
-7.406250000000000000e+00
5.093750000000000000e+00
-1.131250000000000000e+01
7.350000000000000000e+01
8.200000000000000000e+01
2.212500000000000000e+01
-5.425000000000000000e+01
1.265000000000000000e+02
-1.843750000000000000e+00
2.984375000000000000e+00
8.562500000000000000e+00
-2.453125000000000000e+00
9.550000000000000000e+01
-1.400000000000000000e+01
-5.429687500000000000e-01
-5.781250000000000000e+00
6.225000000000000000e+01
-5.093750000000000000e+00
-1.100000000000000000e+01
1.155000000000000000e+02
1.145000000000000000e+02
-9.257812500000000000e-01
-2.875000000000000000e+00
-4.687500000000000000e+00
-2.400000000000000000e+01
1.400000000000000000e+01
-1.700000000000000000e+01
-3.250000000000000000e+00
1.850000000000000000e+01
-2.234375000000000000e+00
-5.725000000000000000e+01
-8.875000000000000000e+00
-4.250000000000000000e+00
-5.000000000000000000e-01
1.875000000000000000e+00
-5.125000000000000000e+00
1.601562500000000000e+00
-6.656250000000000000e+00
1.240000000000000000e+02
-1.612500000000000000e+01
1.160000000000000000e+02
-5.312500000000000000e+00
2.112500000000000000e+01
-5.281250000000000000e+00
-1.887500000000000000e+01
-2.662500000000000000e+01
-1.650000000000000000e+01
-2.662500000000000000e+01
-3.100000000000000000e+01
-1.750000000000000000e+01
-5.531250000000000000e+00
-1.381250000000000000e+01
-1.712500000000000000e+01
-7.617187500000000000e-01
-2.262500000000000000e+01
-1.054687500000000000e+00
2.921875000000000000e+00
-5.843750000000000000e+00
-4.156250000000000000e+00
-2.203125000000000000e+00
-1.468750000000000000e+01
2.400000000000000000e+01
-3.578125000000000000e+00
7.200000000000000000e+01
4.800000000000000000e+01
1.185000000000000000e+02
2.062500000000000000e+01
5.400000000000000000e+01
3.375000000000000000e+01
-4.218750000000000000e+00
-1.750000000000000000e+01
-3.171875000000000000e+00
-9.250000000000000000e+00
6.250000000000000000e-01
3.425000000000000000e+01
1.775000000000000000e+01
-1.523437500000000000e+00
-1.581250000000000000e+01
2.468750000000000000e+00
1.862500000000000000e+01
-8.437500000000000000e+00
-1.150000000000000000e+01
-8.437500000000000000e+00
2.137500000000000000e+01
4.125000000000000000e+01
-1.787500000000000000e+01
3.700000000000000000e+01
-2.109375000000000000e+00
-1.875000000000000000e-01
-1.400000000000000000e+01
9.650000000000000000e+01
4.325000000000000000e+01
3.700000000000000000e+01
9.750000000000000000e+00
-2.988281250000000000e-01
1.005000000000000000e+02
-1.296875000000000000e+00
-6.250000000000000000e+00
3.350000000000000000e+01
-1.118750000000000000e+01
-1.812500000000000000e+01
3.900000000000000000e+01
1.231250000000000000e+01
-2.312500000000000000e+01
-5.843750000000000000e+00
5.825000000000000000e+01
3.375000000000000000e+01
-5.750000000000000000e+00
-1.306250000000000000e+01
4.125000000000000000e+01
2.862500000000000000e+01
1.414062500000000000e+00
5.900000000000000000e+01
-1.825000000000000000e+01
6.523437500000000000e-01
-1.493750000000000000e+01
2.828125000000000000e+00
-2.262500000000000000e+01
7.875000000000000000e+00
1.000000000000000000e+01
1.581250000000000000e+01
-1.445312500000000000e-01
-1.493750000000000000e+01
9.850000000000000000e+01
-3.125000000000000000e+00
1.235000000000000000e+02
2.737500000000000000e+01
-2.137500000000000000e+01
-3.171875000000000000e+00
3.162500000000000000e+01
2.337500000000000000e+01
3.875000000000000000e+01
-4.593750000000000000e+00
5.325000000000000000e+01
-1.900000000000000000e+01
-2.887500000000000000e+01
-6.406250000000000000e+00
2.200000000000000000e+01
-1.081250000000000000e+01
4.600000000000000000e+01
-1.887500000000000000e+01
7.050000000000000000e+01
-1.331250000000000000e+01
4.125000000000000000e+01
-2.662500000000000000e+01
5.875000000000000000e+01
-1.987500000000000000e+01
8.450000000000000000e+01
-4.406250000000000000e+00
-1.304687500000000000e+00
8.200000000000000000e+01
5.275000000000000000e+01
3.578125000000000000e+00
-7.093750000000000000e+00
3.875000000000000000e+01
-2.078125000000000000e+00
-2.787500000000000000e+01
3.375000000000000000e+01
5.000000000000000000e+01
-9.375000000000000000e+00
1.737500000000000000e+01
9.250000000000000000e+01
-1.650000000000000000e+01
2.512500000000000000e+01
-2.400000000000000000e+01
7.250000000000000000e+00
-5.593750000000000000e+00
-2.265625000000000000e+00
-2.512500000000000000e+01
3.800000000000000000e+01
-1.850000000000000000e+01
9.550000000000000000e+01
