-1.414062500000000000e+00
2.382812500000000000e-01
-1.750000000000000000e+00
1.054687500000000000e+00
-7.187500000000000000e-01
7.812500000000000000e-01
9.882812500000000000e-01
7.500000000000000000e-01
-1.187500000000000000e+00
-1.593750000000000000e+00
1.101562500000000000e+00
1.351562500000000000e+00
1.843750000000000000e+00
4.687500000000000000e-01
9.101562500000000000e-01
2.910156250000000000e-01
1.660156250000000000e-01
7.304687500000000000e-01
-3.691406250000000000e-01
-8.632812500000000000e-01
-2.714843750000000000e-01
2.531250000000000000e+00
-5.500000000000000000e+00
-5.429687500000000000e-01
8.867187500000000000e-01
4.003906250000000000e-01
-3.953125000000000000e+00
-1.304687500000000000e+00
2.968750000000000000e-01
-1.375000000000000000e+00
1.109375000000000000e+00
1.570312500000000000e+00
1.187500000000000000e+00
-5.312500000000000000e-01
-4.433593750000000000e-01
-1.687500000000000000e+00
8.320312500000000000e-01
-4.765625000000000000e-01
3.710937500000000000e-02
-2.451171875000000000e-01
-6.054687500000000000e-01
1.632812500000000000e+00
1.187500000000000000e+00
-4.003906250000000000e-01
-2.000000000000000000e+00
1.015625000000000000e+00
1.226562500000000000e+00
1.904296875000000000e-01
1.023437500000000000e+00
5.585937500000000000e-01
-2.060546875000000000e-01
-1.718750000000000000e+00
1.562500000000000000e+00
-7.382812500000000000e-01
9.804687500000000000e-01
-2.558593750000000000e-01
4.296875000000000000e-01
-3.171875000000000000e+00
2.812500000000000000e-01
7.695312500000000000e-01
-4.589843750000000000e-01
9.257812500000000000e-01
8.056640625000000000e-02
1.750000000000000000e+00
1.742187500000000000e+00
1.171875000000000000e-01
8.398437500000000000e-01
-1.884765625000000000e-01
6.328125000000000000e-01
8.437500000000000000e-01
-1.664062500000000000e+00
1.328125000000000000e+00
3.984375000000000000e-01
-1.335937500000000000e+00
2.515625000000000000e+00
6.132812500000000000e-01
1.914062500000000000e+00
1.171875000000000000e+00
1.539062500000000000e+00
1.425781250000000000e-01
2.359375000000000000e+00
6.367187500000000000e-01
-1.312500000000000000e+00
-9.414062500000000000e-01
-1.875000000000000000e+00
1.093750000000000000e+00
-7.617187500000000000e-01
1.000000000000000000e+00
5.273437500000000000e-01
-2.609375000000000000e+00
-4.355468750000000000e-01
1.226562500000000000e+00
-9.843750000000000000e-01
2.109375000000000000e-01
1.187500000000000000e+00
-1.101562500000000000e+00
-7.177734375000000000e-02
8.789062500000000000e-01
-1.492187500000000000e+00
9.570312500000000000e-01
1.953125000000000000e-01
-2.109375000000000000e+00
-9.335937500000000000e-01
1.750000000000000000e+00
1.023437500000000000e+00
1.437500000000000000e+00
-3.437500000000000000e-01
1.726562500000000000e+00
-1.343750000000000000e+00
-2.120971679687500000e-03
1.554687500000000000e+00
-7.304687500000000000e-01
1.343750000000000000e+00
-3.417968750000000000e-01
-7.500000000000000000e-01
1.750000000000000000e+00
2.171875000000000000e+00
-8.554687500000000000e-01
-1.742187500000000000e+00
-5.351562500000000000e-01
-1.132812500000000000e+00
-1.664062500000000000e+00
-3.833007812500000000e-02
1.132812500000000000e+00
1.148437500000000000e+00
3.183593750000000000e-01
1.664062500000000000e+00
1.257812500000000000e+00
1.195312500000000000e+00
8.632812500000000000e-01
1.710937500000000000e+00
1.101562500000000000e+00
6.914062500000000000e-01
-9.335937500000000000e-01
-2.328125000000000000e+00
-7.470703125000000000e-02
-1.269531250000000000e-01
4.863281250000000000e-01
1.632812500000000000e+00
-1.437500000000000000e+00
-6.562500000000000000e-01
1.914062500000000000e+00
1.562500000000000000e+00
4.277343750000000000e-01
1.382812500000000000e+00
-8.320312500000000000e-01
-3.417968750000000000e-01
-3.535156250000000000e-01
9.414062500000000000e-01
1.257812500000000000e+00
-8.281250000000000000e-01
-5.585937500000000000e-01
-1.414062500000000000e+00
-3.105468750000000000e-01
-1.500000000000000000e+00
-3.015625000000000000e+00
-4.160156250000000000e-01
-4.433593750000000000e-01
9.033203125000000000e-02
-9.843750000000000000e-01
-1.992187500000000000e-01
-1.132812500000000000e+00
7.187500000000000000e-01
-2.828125000000000000e+00
6.445312500000000000e-02
1.320312500000000000e+00
-1.523437500000000000e+00
-2.519531250000000000e-01
2.046875000000000000e+00
-8.750000000000000000e-01
1.085937500000000000e+00
-8.593750000000000000e-01
1.875000000000000000e+00
1.125000000000000000e+00
-1.396484375000000000e-01
1.500000000000000000e+00
-7.421875000000000000e-02
1.726562500000000000e+00
1.179687500000000000e+00
1.101562500000000000e+00
-1.273437500000000000e+00
1.289062500000000000e+00
4.902343750000000000e-01
-1.397705078125000000e-02
1.093750000000000000e+00
1.398437500000000000e+00
1.195312500000000000e+00
7.382812500000000000e-01
-1.257812500000000000e+00
6.250000000000000000e-01
1.296875000000000000e+00
-5.585937500000000000e-01
9.492187500000000000e-01
1.851562500000000000e+00
9.570312500000000000e-01
-1.992187500000000000e+00
-4.687500000000000000e-02
-2.640625000000000000e+00
-1.468750000000000000e+00
-9.257812500000000000e-01
5.273437500000000000e-01
-1.343750000000000000e+00
-4.277343750000000000e-01
-5.468750000000000000e-01
2.314453125000000000e-01
8.320312500000000000e-01
9.570312500000000000e-01
-1.429687500000000000e+00
8.789062500000000000e-01
5.820312500000000000e-01
-1.195312500000000000e+00
8.320312500000000000e-01
-1.539062500000000000e+00
1.187500000000000000e+00
-6.875000000000000000e-01
1.382812500000000000e+00
-3.300781250000000000e-01
1.195312500000000000e+00
4.140625000000000000e-01
-2.765625000000000000e+00
-1.195312500000000000e+00
-1.708984375000000000e-03
6.289062500000000000e-01
2.304687500000000000e-01
-3.828125000000000000e+00
-1.429687500000000000e+00
-2.216796875000000000e-01
-2.046875000000000000e+00
-1.945312500000000000e+00
1.203125000000000000e+00
-8.867187500000000000e-01
-3.496093750000000000e-01
-1.218750000000000000e+00
-1.650390625000000000e-01
-4.277343750000000000e-01
-1.851562500000000000e+00
-1.875000000000000000e-01
1.070312500000000000e+00
-1.960937500000000000e+00
-1.726562500000000000e+00
1.726562500000000000e+00
1.226562500000000000e+00
1.789062500000000000e+00
-4.609375000000000000e-01
-3.735351562500000000e-02
-7.851562500000000000e-01
-9.804687500000000000e-01
-8.632812500000000000e-01
-4.277343750000000000e-01
-1.804687500000000000e+00
-4.093750000000000000e+00
-1.476562500000000000e+00
-8.320312500000000000e-01
-1.445312500000000000e+00
1.398437500000000000e+00
5.507812500000000000e-01
-1.617187500000000000e+00
-1.226562500000000000e+00
-5.312500000000000000e-01
-4.042968750000000000e-01
-8.085937500000000000e-01
5.312500000000000000e-01
-1.406250000000000000e+00
-7.968750000000000000e-01
9.882812500000000000e-01
3.320312500000000000e-01
-7.500000000000000000e-01
-5.585937500000000000e-01
2.373046875000000000e-01
-1.710937500000000000e+00
-1.156250000000000000e+00
-9.023437500000000000e-01
-9.960937500000000000e-01
9.492187500000000000e-01
-3.183593750000000000e-01
-2.000000000000000000e+00
1.164062500000000000e+00
-1.906250000000000000e+00
1.109375000000000000e+00
6.171875000000000000e-01
4.042968750000000000e-01
-1.632812500000000000e+00
1.210937500000000000e+00
-9.531250000000000000e-01
9.492187500000000000e-01
-4.472656250000000000e-01
3.847656250000000000e-01
9.335937500000000000e-01
-9.179687500000000000e-01
-9.648437500000000000e-01
1.289062500000000000e+00
1.085937500000000000e+00
-1.125000000000000000e+00
9.687500000000000000e-01
-1.132812500000000000e+00
1.757812500000000000e+00
8.242187500000000000e-01
4.628906250000000000e-01
1.156250000000000000e+00
2.890625000000000000e-01
1.375000000000000000e+00
1.007812500000000000e+00
5.039062500000000000e-01
1.750000000000000000e+00
4.003906250000000000e-01
2.046875000000000000e+00
-1.351562500000000000e+00
-1.179687500000000000e+00
1.101562500000000000e+00
-4.174804687500000000e-02
4.902343750000000000e-01
2.500000000000000000e-01
7.070312500000000000e-01
1.187500000000000000e+00
8.554687500000000000e-01
-1.101562500000000000e+00
-1.789062500000000000e+00
6.367187500000000000e-01
6.406250000000000000e-01
-1.382812500000000000e+00
-1.523437500000000000e+00
6.835937500000000000e-01
1.445312500000000000e+00
1.460937500000000000e+00
-3.640625000000000000e+00
-1.023437500000000000e+00
-3.066406250000000000e-01
5.820312500000000000e-01
9.804687500000000000e-01
-1.226562500000000000e+00
6.875000000000000000e-01
1.296875000000000000e+00
1.460937500000000000e+00
1.750000000000000000e+00
-1.960937500000000000e+00
-4.156250000000000000e+00
9.570312500000000000e-02
-2.703125000000000000e+00
-1.382812500000000000e+00
2.929687500000000000e-02
-1.710937500000000000e+00
1.304687500000000000e+00
5.820312500000000000e-01
6.601562500000000000e-01
-1.304687500000000000e+00
1.773437500000000000e+00
2.109375000000000000e-01
3.125000000000000000e+00
-1.500000000000000000e+00
-1.101562500000000000e+00
-1.304687500000000000e+00
4.316406250000000000e-01
1.245117187500000000e-01
3.652343750000000000e-01
-2.177734375000000000e-01
-1.429687500000000000e+00
1.742187500000000000e+00
-2.484375000000000000e+00
-3.593750000000000000e-01
-4.781250000000000000e+00
-4.941406250000000000e-01
-8.085937500000000000e-01
-4.156250000000000000e+00
8.632812500000000000e-01
1.164062500000000000e+00
2.314453125000000000e-01
2.148437500000000000e-01
-1.132812500000000000e+00
-1.929687500000000000e+00
1.398437500000000000e+00
3.320312500000000000e-01
-1.195312500000000000e+00
1.273437500000000000e+00
1.015625000000000000e+00
3.442382812500000000e-02
9.023437500000000000e-01
-4.746093750000000000e-01
7.851562500000000000e-01
-4.609375000000000000e-01
-9.062500000000000000e-01
-1.085937500000000000e+00
1.062500000000000000e+00
1.445312500000000000e+00
-1.257812500000000000e+00
