-1.328125000000000000e+00
1.904296875000000000e-01
-1.257812500000000000e+00
7.812500000000000000e-01
-1.708984375000000000e-01
1.156250000000000000e+00
8.125000000000000000e-01
6.132812500000000000e-01
-7.304687500000000000e-01
-1.164062500000000000e+00
8.945312500000000000e-01
9.882812500000000000e-01
1.617187500000000000e+00
2.753906250000000000e-01
6.718750000000000000e-01
1.865234375000000000e-01
7.187500000000000000e-01
4.941406250000000000e-01
-2.158203125000000000e-01
-1.335937500000000000e+00
-1.093750000000000000e-01
2.875000000000000000e+00
-4.968750000000000000e+00
-8.740234375000000000e-02
5.585937500000000000e-01
7.666015625000000000e-02
-3.171875000000000000e+00
-6.757812500000000000e-01
7.861328125000000000e-02
-9.179687500000000000e-01
7.695312500000000000e-01
1.968750000000000000e+00
8.437500000000000000e-01
-3.515625000000000000e-01
-4.902343750000000000e-01
-1.382812500000000000e+00
1.492187500000000000e+00
-7.695312500000000000e-01
-5.664062500000000000e-02
-8.750000000000000000e-01
-2.392578125000000000e-02
1.164062500000000000e+00
6.757812500000000000e-01
-8.984375000000000000e-02
-1.093750000000000000e+00
1.023437500000000000e+00
1.007812500000000000e+00
-3.515625000000000000e-02
1.304687500000000000e+00
5.039062500000000000e-01
-3.437500000000000000e-01
-1.312500000000000000e+00
1.976562500000000000e+00
-3.574218750000000000e-01
6.523437500000000000e-01
-1.513671875000000000e-01
2.380371093750000000e-02
-2.937500000000000000e+00
3.437500000000000000e-01
4.628906250000000000e-01
-7.929687500000000000e-01
7.617187500000000000e-01
-1.914062500000000000e-01
1.585937500000000000e+00
1.343750000000000000e+00
1.176757812500000000e-01
4.980468750000000000e-01
6.884765625000000000e-02
2.197265625000000000e-01
7.500000000000000000e-01
-1.226562500000000000e+00
1.398437500000000000e+00
1.660156250000000000e-01
-1.140625000000000000e+00
2.531250000000000000e+00
6.289062500000000000e-01
1.375000000000000000e+00
1.039062500000000000e+00
1.078125000000000000e+00
1.845703125000000000e-01
2.328125000000000000e+00
4.628906250000000000e-01
-9.843750000000000000e-01
-5.390625000000000000e-01
-1.898437500000000000e+00
1.132812500000000000e+00
-5.429687500000000000e-01
7.070312500000000000e-01
4.785156250000000000e-01
-1.523437500000000000e+00
-6.757812500000000000e-01
8.125000000000000000e-01
-7.304687500000000000e-01
-3.393554687500000000e-02
1.664062500000000000e+00
-5.117187500000000000e-01
-2.871093750000000000e-01
5.312500000000000000e-01
-9.882812500000000000e-01
1.054687500000000000e+00
2.031250000000000000e-01
-1.437500000000000000e+00
-4.589843750000000000e-01
1.812500000000000000e+00
7.695312500000000000e-01
1.148437500000000000e+00
-4.531250000000000000e-01
1.835937500000000000e+00
-9.570312500000000000e-01
-5.039062500000000000e-01
1.156250000000000000e+00
-6.289062500000000000e-01
1.406250000000000000e+00
-4.277343750000000000e-01
-3.300781250000000000e-01
1.257812500000000000e+00
2.406250000000000000e+00
-8.281250000000000000e-01
-1.312500000000000000e+00
-4.199218750000000000e-01
-7.382812500000000000e-01
-1.109375000000000000e+00
-1.279296875000000000e-01
7.968750000000000000e-01
1.226562500000000000e+00
2.636718750000000000e-01
1.500000000000000000e+00
9.687500000000000000e-01
8.945312500000000000e-01
8.632812500000000000e-01
1.773437500000000000e+00
8.906250000000000000e-01
5.273437500000000000e-01
-7.929687500000000000e-01
-2.109375000000000000e+00
1.455078125000000000e-01
-3.437500000000000000e-01
1.914062500000000000e-01
1.273437500000000000e+00
-1.187500000000000000e+00
-1.187500000000000000e+00
1.789062500000000000e+00
1.132812500000000000e+00
3.027343750000000000e-01
1.117187500000000000e+00
-3.925781250000000000e-01
-4.042968750000000000e-01
-6.523437500000000000e-01
7.343750000000000000e-01
8.867187500000000000e-01
-8.867187500000000000e-01
-2.600097656250000000e-02
-1.023437500000000000e+00
-1.748046875000000000e-01
-8.437500000000000000e-01
-2.640625000000000000e+00
-3.378906250000000000e-01
-5.468750000000000000e-01
5.000000000000000000e-01
-8.085937500000000000e-01
-6.992187500000000000e-01
-1.250000000000000000e+00
5.078125000000000000e-01
-2.687500000000000000e+00
-6.445312500000000000e-01
9.257812500000000000e-01
-1.062500000000000000e+00
-2.343750000000000000e-01
2.250000000000000000e+00
-6.054687500000000000e-01
7.304687500000000000e-01
-7.187500000000000000e-01
1.460937500000000000e+00
7.226562500000000000e-01
2.014160156250000000e-02
9.570312500000000000e-01
-2.988281250000000000e-01
1.851562500000000000e+00
1.804687500000000000e+00
7.656250000000000000e-01
-1.226562500000000000e+00
9.492187500000000000e-01
2.753906250000000000e-01
-4.296875000000000000e-01
5.664062500000000000e-01
1.039062500000000000e+00
9.335937500000000000e-01
6.367187500000000000e-01
-8.945312500000000000e-01
6.523437500000000000e-01
1.054687500000000000e+00
-6.679687500000000000e-01
6.914062500000000000e-01
1.320312500000000000e+00
5.976562500000000000e-01
-1.929687500000000000e+00
9.130859375000000000e-02
-2.265625000000000000e+00
-1.164062500000000000e+00
-5.976562500000000000e-01
5.898437500000000000e-01
-1.492187500000000000e+00
-3.906250000000000000e-01
-3.906250000000000000e-01
3.300781250000000000e-01
5.429687500000000000e-01
1.718750000000000000e-01
-1.109375000000000000e+00
5.937500000000000000e-01
3.691406250000000000e-01
-9.218750000000000000e-01
6.289062500000000000e-01
-8.281250000000000000e-01
1.132812500000000000e+00
-4.902343750000000000e-01
1.000000000000000000e+00
-4.121093750000000000e-01
8.437500000000000000e-01
3.007812500000000000e-01
-2.546875000000000000e+00
-7.695312500000000000e-01
1.728515625000000000e-01
3.691406250000000000e-01
1.757812500000000000e-01
-3.328125000000000000e+00
-1.031250000000000000e+00
-5.585937500000000000e-01
-1.468750000000000000e+00
-1.898437500000000000e+00
1.265625000000000000e+00
-4.687500000000000000e-01
-4.628906250000000000e-01
-1.007812500000000000e+00
-2.470703125000000000e-01
-3.261718750000000000e-01
-1.164062500000000000e+00
1.708984375000000000e-01
8.437500000000000000e-01
-1.468750000000000000e+00
-1.281250000000000000e+00
1.273437500000000000e+00
1.437500000000000000e+00
1.906250000000000000e+00
-2.578125000000000000e-01
-6.367187500000000000e-01
-1.101562500000000000e+00
-1.460937500000000000e+00
-3.730468750000000000e-01
-7.695312500000000000e-01
-1.195312500000000000e+00
-3.609375000000000000e+00
-1.054687500000000000e+00
-7.343750000000000000e-01
-7.812500000000000000e-01
9.960937500000000000e-01
7.382812500000000000e-01
-1.242187500000000000e+00
-9.062500000000000000e-01
-6.875000000000000000e-01
-1.582031250000000000e-01
-5.156250000000000000e-01
2.209472656250000000e-02
-9.062500000000000000e-01
-5.156250000000000000e-01
8.750000000000000000e-01
4.453125000000000000e-01
-5.234375000000000000e-01
-8.007812500000000000e-01
-5.541992187500000000e-02
-1.195312500000000000e+00
-8.320312500000000000e-01
-9.570312500000000000e-01
-6.875000000000000000e-01
6.835937500000000000e-01
-2.656250000000000000e-01
-1.695312500000000000e+00
8.867187500000000000e-01
-1.937500000000000000e+00
9.179687500000000000e-01
4.785156250000000000e-01
1.416015625000000000e-01
-1.132812500000000000e+00
5.429687500000000000e-01
-4.199218750000000000e-01
4.746093750000000000e-01
-2.470703125000000000e-01
2.177734375000000000e-01
7.539062500000000000e-01
-6.757812500000000000e-01
-7.617187500000000000e-01
1.085937500000000000e+00
8.632812500000000000e-01
-1.460937500000000000e+00
7.343750000000000000e-01
-4.687500000000000000e-01
1.335937500000000000e+00
5.664062500000000000e-01
7.500000000000000000e-01
8.476562500000000000e-01
4.062500000000000000e-01
1.492187500000000000e+00
1.023437500000000000e+00
2.236328125000000000e-01
1.296875000000000000e+00
1.875000000000000000e-01
1.914062500000000000e+00
-9.570312500000000000e-01
-8.437500000000000000e-01
1.085937500000000000e+00
8.203125000000000000e-02
2.578125000000000000e-01
-4.160156250000000000e-01
6.757812500000000000e-01
8.007812500000000000e-01
7.812500000000000000e-01
-1.007812500000000000e+00
-9.687500000000000000e-01
4.394531250000000000e-01
5.390625000000000000e-01
-1.148437500000000000e+00
-7.500000000000000000e-01
4.609375000000000000e-01
9.960937500000000000e-01
1.562500000000000000e+00
-3.437500000000000000e+00
-8.710937500000000000e-01
-6.484375000000000000e-01
8.320312500000000000e-01
8.710937500000000000e-01
-1.062500000000000000e+00
4.355468750000000000e-01
9.414062500000000000e-01
1.476562500000000000e+00
1.929687500000000000e+00
-1.617187500000000000e+00
-3.250000000000000000e+00
1.357421875000000000e-01
-2.500000000000000000e+00
-1.476562500000000000e+00
1.069335937500000000e-01
-1.148437500000000000e+00
1.000000000000000000e+00
4.809570312500000000e-02
4.062500000000000000e-01
-9.257812500000000000e-01
1.335937500000000000e+00
-5.371093750000000000e-02
3.546875000000000000e+00
-1.101562500000000000e+00
-1.179687500000000000e+00
-3.437500000000000000e-01
3.046875000000000000e-01
1.171875000000000000e-01
2.158203125000000000e-01
2.158203125000000000e-01
-1.429687500000000000e+00
1.929687500000000000e+00
-2.234375000000000000e+00
1.157226562500000000e-01
-4.125000000000000000e+00
-2.099609375000000000e-01
-1.226562500000000000e+00
-3.703125000000000000e+00
6.718750000000000000e-01
1.132812500000000000e+00
-2.382812500000000000e-01
6.445312500000000000e-02
-5.820312500000000000e-01
-2.234375000000000000e+00
1.140625000000000000e+00
2.597656250000000000e-01
-6.054687500000000000e-01
1.062500000000000000e+00
6.718750000000000000e-01
-1.367187500000000000e-01
5.820312500000000000e-01
-4.785156250000000000e-01
6.210937500000000000e-01
-4.565429687500000000e-02
-6.054687500000000000e-01
-8.437500000000000000e-01
7.851562500000000000e-01
1.867187500000000000e+00
-1.328125000000000000e+00
