1.205000000000000000e+02
-8.437500000000000000e+00
-1.737500000000000000e+01
3.225000000000000000e+01
-9.312500000000000000e+00
-1.550000000000000000e+01
1.250000000000000000e+01
2.400000000000000000e+01
-1.062500000000000000e+01
-5.906250000000000000e+00
1.737500000000000000e+01
6.218750000000000000e+00
3.187500000000000000e+00
4.343750000000000000e+00
2.912500000000000000e+01
1.700000000000000000e+01
-2.237500000000000000e+01
2.150000000000000000e+01
1.060000000000000000e+02
1.210937500000000000e+00
-1.200000000000000000e+01
-5.000000000000000000e+00
7.550000000000000000e+01
-5.375000000000000000e+00
2.537500000000000000e+01
2.400000000000000000e+01
6.650000000000000000e+01
-8.562500000000000000e+00
3.546875000000000000e+00
-1.862500000000000000e+01
5.825000000000000000e+01
-2.800000000000000000e+01
3.400000000000000000e+01
-1.987500000000000000e+01
-2.937500000000000000e+00
-8.187500000000000000e+00
-7.125000000000000000e+00
2.600097656250000000e-02
2.662500000000000000e+01
-1.231250000000000000e+01
-1.318750000000000000e+01
5.200000000000000000e+01
3.625000000000000000e+00
-1.431250000000000000e+01
-9.250000000000000000e+00
3.921875000000000000e+00
5.406250000000000000e+00
-1.531250000000000000e+01
-8.812500000000000000e+00
5.875000000000000000e+01
-3.535156250000000000e-01
-3.640625000000000000e+00
-1.475000000000000000e+01
-1.268750000000000000e+01
3.675000000000000000e+01
8.000000000000000000e+01
-2.237500000000000000e+01
1.155000000000000000e+02
9.726562500000000000e-01
1.900000000000000000e+01
-6.531250000000000000e+00
1.140625000000000000e+00
3.640625000000000000e+00
3.137500000000000000e+01
7.406250000000000000e+00
-1.500000000000000000e+01
5.300000000000000000e+01
-1.250000000000000000e+01
-5.062500000000000000e+00
-2.912500000000000000e+01
-1.539062500000000000e+00
-1.081250000000000000e+01
4.785156250000000000e-01
-2.787500000000000000e+01
-1.650000000000000000e+01
-2.800000000000000000e+01
3.037500000000000000e+01
3.328125000000000000e+00
2.600000000000000000e+01
3.609375000000000000e+00
4.281250000000000000e+00
2.400000000000000000e+01
-1.118750000000000000e+01
-4.000000000000000000e+00
-2.212500000000000000e+01
-1.106250000000000000e+01
8.450000000000000000e+01
4.700000000000000000e+01
1.962500000000000000e+01
-5.750000000000000000e+00
-2.515625000000000000e+00
-1.100000000000000000e+01
-2.400000000000000000e+01
2.578125000000000000e+00
-2.212500000000000000e+01
-1.475000000000000000e+01
1.245000000000000000e+02
2.787500000000000000e+01
-8.937500000000000000e+00
-3.437500000000000000e+00
7.400000000000000000e+01
-6.375000000000000000e+00
-1.231250000000000000e+01
1.898437500000000000e+00
6.600000000000000000e+01
3.325000000000000000e+01
-4.937500000000000000e+00
-7.382812500000000000e-01
-3.984375000000000000e+00
-8.750000000000000000e-01
5.475000000000000000e+01
-1.737500000000000000e+01
-7.843750000000000000e+00
-5.750000000000000000e+00
-5.875000000000000000e+00
2.362500000000000000e+01
-5.525000000000000000e+01
-9.812500000000000000e+00
-6.906250000000000000e+00
-4.468750000000000000e+00
-1.531250000000000000e+01
-3.453125000000000000e+00
-1.581250000000000000e+01
1.712500000000000000e+01
-6.093750000000000000e+00
3.325000000000000000e+01
1.518750000000000000e+01
7.350000000000000000e+01
3.275000000000000000e+01
-6.281250000000000000e+00
-6.906250000000000000e+00
-3.087500000000000000e+01
1.206250000000000000e+01
-1.331250000000000000e+01
1.035000000000000000e+02
-6.875000000000000000e+00
-2.984375000000000000e+00
5.225000000000000000e+01
1.506250000000000000e+01
-1.612500000000000000e+01
3.312500000000000000e+00
-1.400000000000000000e+01
3.250000000000000000e+01
1.350000000000000000e+01
2.562500000000000000e+01
-1.156250000000000000e+01
8.250000000000000000e+01
-1.850000000000000000e+01
3.725000000000000000e+01
2.862500000000000000e+01
1.160000000000000000e+02
-1.418750000000000000e+01
-9.187500000000000000e+00
1.181250000000000000e+01
-8.437500000000000000e+00
7.850000000000000000e+01
-1.550000000000000000e+01
-3.109375000000000000e+00
-7.843750000000000000e+00
-1.331250000000000000e+01
1.164062500000000000e+00
3.400000000000000000e+01
1.912500000000000000e+01
7.100000000000000000e+01
7.187500000000000000e-01
5.925000000000000000e+01
-5.531250000000000000e+00
1.656250000000000000e+00
3.613281250000000000e-01
-1.468750000000000000e+01
4.000000000000000000e+00
1.585937500000000000e+00
3.475000000000000000e+01
4.250000000000000000e+01
-9.375000000000000000e+00
3.425000000000000000e+01
3.796875000000000000e+00
1.143750000000000000e+01
-8.750000000000000000e+00
2.912500000000000000e+01
6.450000000000000000e+01
3.925000000000000000e+01
-2.112500000000000000e+01
-2.796875000000000000e+00
-2.550000000000000000e+01
7.050000000000000000e+01
9.187500000000000000e+00
1.710937500000000000e+00
-1.281250000000000000e+01
5.406250000000000000e+00
2.600000000000000000e+01
-7.406250000000000000e+00
4.725000000000000000e+01
3.275000000000000000e+01
1.468750000000000000e+01
9.200000000000000000e+01
-8.125000000000000000e-01
1.095000000000000000e+02
-5.593750000000000000e+00
-3.500000000000000000e+00
1.968750000000000000e+00
8.300000000000000000e+01
-4.781250000000000000e+00
-1.850000000000000000e+01
1.093750000000000000e+00
6.275000000000000000e+01
-3.050000000000000000e+01
-1.231250000000000000e+01
3.037500000000000000e+01
4.300000000000000000e+01
-1.025000000000000000e+01
4.475000000000000000e+01
-8.937500000000000000e+00
3.125000000000000000e+00
-1.050000000000000000e+01
6.400000000000000000e+01
7.150000000000000000e+01
1.862500000000000000e+01
-5.000000000000000000e+01
1.100000000000000000e+02
-1.789062500000000000e+00
4.531250000000000000e-01
7.281250000000000000e+00
-1.960937500000000000e+00
8.200000000000000000e+01
-1.250000000000000000e+01
5.468750000000000000e-02
-7.218750000000000000e+00
5.425000000000000000e+01
-6.156250000000000000e+00
-8.687500000000000000e+00
1.015000000000000000e+02
1.000000000000000000e+02
-2.375000000000000000e+00
-2.359375000000000000e+00
-5.843750000000000000e+00
-2.250000000000000000e+01
1.118750000000000000e+01
-1.525000000000000000e+01
-3.921875000000000000e+00
1.581250000000000000e+01
-1.539062500000000000e+00
-5.300000000000000000e+01
-8.687500000000000000e+00
-3.125000000000000000e+00
3.535156250000000000e-01
2.359375000000000000e+00
-5.281250000000000000e+00
9.570312500000000000e-01
-7.125000000000000000e+00
1.060000000000000000e+02
-1.381250000000000000e+01
1.015000000000000000e+02
-6.343750000000000000e+00
1.837500000000000000e+01
-6.000000000000000000e+00
-1.650000000000000000e+01
-2.337500000000000000e+01
-1.500000000000000000e+01
-2.287500000000000000e+01
-2.862500000000000000e+01
-1.468750000000000000e+01
-5.593750000000000000e+00
-1.231250000000000000e+01
-1.637500000000000000e+01
-1.812500000000000000e+00
-1.962500000000000000e+01
1.023437500000000000e+00
3.078125000000000000e+00
-5.312500000000000000e+00
-3.734375000000000000e+00
-1.500000000000000000e+00
-1.375000000000000000e+01
2.062500000000000000e+01
-2.328125000000000000e+00
6.200000000000000000e+01
4.275000000000000000e+01
1.040000000000000000e+02
1.812500000000000000e+01
4.725000000000000000e+01
2.937500000000000000e+01
-4.500000000000000000e+00
-1.568750000000000000e+01
-3.046875000000000000e+00
-8.187500000000000000e+00
1.093750000000000000e-01
2.962500000000000000e+01
1.500000000000000000e+01
-1.429687500000000000e+00
-1.393750000000000000e+01
1.992187500000000000e+00
1.556250000000000000e+01
-7.375000000000000000e+00
-1.106250000000000000e+01
-9.750000000000000000e+00
1.875000000000000000e+01
3.625000000000000000e+01
-1.662500000000000000e+01
3.275000000000000000e+01
-2.875000000000000000e+00
-3.300781250000000000e-01
-1.281250000000000000e+01
8.550000000000000000e+01
3.875000000000000000e+01
3.187500000000000000e+01
7.593750000000000000e+00
-5.156250000000000000e-01
8.850000000000000000e+01
-1.820312500000000000e+00
-4.312500000000000000e+00
2.937500000000000000e+01
-8.062500000000000000e+00
-1.581250000000000000e+01
3.425000000000000000e+01
1.056250000000000000e+01
-2.000000000000000000e+01
-8.062500000000000000e+00
5.125000000000000000e+01
2.937500000000000000e+01
-5.781250000000000000e+00
-1.500000000000000000e+01
3.575000000000000000e+01
2.437500000000000000e+01
1.039062500000000000e+00
5.075000000000000000e+01
-1.687500000000000000e+01
3.222656250000000000e-01
-1.425000000000000000e+01
1.906250000000000000e+00
-1.962500000000000000e+01
6.250000000000000000e+00
7.843750000000000000e+00
1.343750000000000000e+01
-3.066406250000000000e-01
-1.343750000000000000e+01
8.450000000000000000e+01
-3.546875000000000000e+00
1.065000000000000000e+02
2.587500000000000000e+01
-1.787500000000000000e+01
-2.546875000000000000e+00
2.687500000000000000e+01
2.062500000000000000e+01
3.325000000000000000e+01
-4.312500000000000000e+00
4.675000000000000000e+01
-1.862500000000000000e+01
-2.700000000000000000e+01
-7.156250000000000000e+00
1.900000000000000000e+01
-1.250000000000000000e+01
4.025000000000000000e+01
-1.637500000000000000e+01
6.225000000000000000e+01
-1.156250000000000000e+01
3.725000000000000000e+01
-2.512500000000000000e+01
5.000000000000000000e+01
-1.912500000000000000e+01
7.050000000000000000e+01
-4.843750000000000000e+00
-3.691406250000000000e-01
6.950000000000000000e+01
4.625000000000000000e+01
3.375000000000000000e+00
-5.218750000000000000e+00
3.300000000000000000e+01
-2.687500000000000000e+00
-2.287500000000000000e+01
2.962500000000000000e+01
4.375000000000000000e+01
-1.068750000000000000e+01
1.531250000000000000e+01
8.200000000000000000e+01
-1.281250000000000000e+01
2.137500000000000000e+01
-2.087500000000000000e+01
6.250000000000000000e+00
-5.968750000000000000e+00
-1.429687500000000000e+00
-2.237500000000000000e+01
3.400000000000000000e+01
-1.550000000000000000e+01
8.250000000000000000e+01
