1.687500000000000000e+01
-5.664062500000000000e-01
-4.906250000000000000e+00
6.281250000000000000e+00
-1.679687500000000000e+00
-2.640625000000000000e+00
3.328125000000000000e+00
4.281250000000000000e+00
-2.421875000000000000e+00
-2.140625000000000000e+00
4.343750000000000000e+00
3.046875000000000000e+00
3.046875000000000000e+00
1.304687500000000000e+00
5.625000000000000000e+00
3.562500000000000000e+00
-5.500000000000000000e+00
4.593750000000000000e+00
1.550000000000000000e+01
4.296875000000000000e-02
-2.046875000000000000e+00
4.609375000000000000e-01
4.625000000000000000e+00
-1.437500000000000000e+00
5.406250000000000000e+00
4.156250000000000000e+00
4.531250000000000000e+00
-1.078125000000000000e+00
2.406250000000000000e+00
-4.468750000000000000e+00
1.012500000000000000e+01
-5.906250000000000000e+00
7.156250000000000000e+00
-4.156250000000000000e+00
-2.296875000000000000e+00
-1.898437500000000000e+00
-1.539062500000000000e+00
7.460937500000000000e-01
3.953125000000000000e+00
-1.960937500000000000e+00
-1.242187500000000000e+00
9.875000000000000000e+00
3.671875000000000000e+00
-2.703125000000000000e+00
-2.515625000000000000e+00
1.820312500000000000e+00
1.976562500000000000e+00
-2.871093750000000000e-01
-8.125000000000000000e-01
9.062500000000000000e+00
1.101562500000000000e+00
-2.000000000000000000e+00
-1.937500000000000000e+00
-3.765625000000000000e+00
7.593750000000000000e+00
1.150000000000000000e+01
-2.546875000000000000e+00
1.368750000000000000e+01
2.328125000000000000e+00
4.000000000000000000e+00
-8.789062500000000000e-01
1.906250000000000000e+00
1.937500000000000000e+00
7.593750000000000000e+00
3.625000000000000000e+00
-1.343750000000000000e+00
9.000000000000000000e+00
-1.664062500000000000e+00
2.125000000000000000e+00
-2.453125000000000000e+00
-2.187500000000000000e+00
9.375000000000000000e-01
1.648437500000000000e+00
-6.031250000000000000e+00
-8.320312500000000000e-01
-8.062500000000000000e+00
7.375000000000000000e+00
1.812500000000000000e+00
6.656250000000000000e+00
2.437500000000000000e+00
2.953125000000000000e+00
4.718750000000000000e+00
-2.156250000000000000e+00
-1.210937500000000000e+00
-5.968750000000000000e+00
-1.242187500000000000e+00
1.150000000000000000e+01
8.062500000000000000e+00
3.375000000000000000e+00
-2.578125000000000000e+00
-4.628906250000000000e-01
2.171875000000000000e+00
-6.468750000000000000e+00
1.539062500000000000e+00
-4.343750000000000000e+00
-4.281250000000000000e+00
1.887500000000000000e+01
5.250000000000000000e+00
-2.375000000000000000e+00
5.585937500000000000e-01
1.125000000000000000e+01
-1.789062500000000000e+00
-4.000000000000000000e+00
1.773437500000000000e+00
1.056250000000000000e+01
7.750000000000000000e+00
-1.781250000000000000e+00
1.023437500000000000e+00
-1.304687500000000000e+00
3.833007812500000000e-02
1.018750000000000000e+01
-4.156250000000000000e+00
-7.851562500000000000e-01
-6.679687500000000000e-01
-1.812500000000000000e+00
6.843750000000000000e+00
-8.250000000000000000e+00
-3.437500000000000000e+00
-1.468750000000000000e+00
-1.937500000000000000e+00
-4.968750000000000000e+00
-1.695312500000000000e+00
-3.078125000000000000e+00
4.343750000000000000e+00
5.820312500000000000e-01
4.968750000000000000e+00
4.593750000000000000e+00
1.200000000000000000e+01
6.656250000000000000e+00
7.343750000000000000e-01
-6.835937500000000000e-01
-3.921875000000000000e+00
3.453125000000000000e+00
-3.453125000000000000e+00
1.225000000000000000e+01
-1.007812500000000000e+00
2.675781250000000000e-01
8.437500000000000000e+00
4.875000000000000000e+00
-4.843750000000000000e+00
8.007812500000000000e-01
-2.359375000000000000e+00
6.781250000000000000e+00
2.859375000000000000e+00
6.093750000000000000e+00
-2.875000000000000000e+00
1.256250000000000000e+01
-3.703125000000000000e+00
7.250000000000000000e+00
6.093750000000000000e+00
1.712500000000000000e+01
-2.187500000000000000e+00
-2.890625000000000000e+00
5.859375000000000000e-01
-1.351562500000000000e+00
9.562500000000000000e+00
-3.078125000000000000e+00
-7.343750000000000000e-01
-9.960937500000000000e-01
-3.750000000000000000e+00
1.000000000000000000e+00
5.062500000000000000e+00
4.343750000000000000e+00
6.656250000000000000e+00
1.445312500000000000e+00
1.025000000000000000e+01
-2.187500000000000000e+00
1.710937500000000000e+00
1.375000000000000000e+00
-4.656250000000000000e+00
2.187500000000000000e+00
-5.859375000000000000e-03
7.875000000000000000e+00
8.062500000000000000e+00
-1.513671875000000000e-01
7.406250000000000000e+00
2.109375000000000000e+00
3.703125000000000000e+00
-2.062500000000000000e+00
5.718750000000000000e+00
8.875000000000000000e+00
7.531250000000000000e+00
-1.468750000000000000e+00
1.630859375000000000e-01
-1.320312500000000000e+00
1.200000000000000000e+01
3.125000000000000000e+00
1.210937500000000000e+00
-1.773437500000000000e+00
2.250000000000000000e+00
5.125000000000000000e+00
-1.687500000000000000e+00
7.750000000000000000e+00
7.500000000000000000e+00
3.750000000000000000e+00
1.181250000000000000e+01
-7.539062500000000000e-01
1.268750000000000000e+01
-1.812500000000000000e+00
-7.851562500000000000e-01
1.085937500000000000e+00
1.175000000000000000e+01
-1.843750000000000000e+00
-4.125000000000000000e+00
1.718750000000000000e+00
9.937500000000000000e+00
-4.906250000000000000e+00
-2.265625000000000000e+00
6.250000000000000000e+00
7.375000000000000000e+00
-3.000000000000000000e+00
8.000000000000000000e+00
-2.406250000000000000e+00
1.460937500000000000e+00
-3.125000000000000000e+00
1.181250000000000000e+01
1.118750000000000000e+01
4.500000000000000000e+00
-6.656250000000000000e+00
1.318750000000000000e+01
-9.179687500000000000e-01
2.015625000000000000e+00
2.406250000000000000e+00
4.843750000000000000e-01
8.062500000000000000e+00
-3.953125000000000000e+00
6.835937500000000000e-01
-1.242187500000000000e+00
6.093750000000000000e+00
2.851562500000000000e-01
-2.203125000000000000e+00
1.556250000000000000e+01
1.343750000000000000e+01
-1.539062500000000000e+00
-1.304626464843750000e-03
-1.562500000000000000e+00
-2.875000000000000000e+00
2.828125000000000000e+00
-5.125000000000000000e+00
-2.109375000000000000e+00
5.593750000000000000e+00
1.914062500000000000e-01
-1.031250000000000000e+01
-4.042968750000000000e-01
6.367187500000000000e-01
2.314453125000000000e-01
8.632812500000000000e-01
-9.843750000000000000e-01
4.277343750000000000e-01
-1.742187500000000000e+00
1.031250000000000000e+01
-4.343750000000000000e+00
1.493750000000000000e+01
-2.234375000000000000e+00
4.750000000000000000e+00
-7.500000000000000000e-01
-4.593750000000000000e+00
-5.593750000000000000e+00
-3.703125000000000000e+00
-4.687500000000000000e+00
-5.593750000000000000e+00
-1.257812500000000000e+00
-2.140625000000000000e+00
-1.117187500000000000e+00
6.289062500000000000e-01
-7.812500000000000000e-01
-4.968750000000000000e+00
4.785156250000000000e-01
2.187500000000000000e+00
-1.023437500000000000e+00
1.298828125000000000e-01
4.956054687500000000e-02
-3.671875000000000000e+00
4.968750000000000000e+00
-5.507812500000000000e-01
7.031250000000000000e+00
8.437500000000000000e+00
1.343750000000000000e+01
4.656250000000000000e+00
7.718750000000000000e+00
5.781250000000000000e+00
-6.093750000000000000e-01
8.125000000000000000e-01
-1.406250000000000000e+00
9.257812500000000000e-01
-1.435546875000000000e-01
4.718750000000000000e+00
3.453125000000000000e+00
-1.039062500000000000e+00
-4.250000000000000000e+00
1.773437500000000000e+00
3.953125000000000000e+00
-2.437500000000000000e+00
1.320312500000000000e+00
-2.578125000000000000e+00
5.218750000000000000e+00
5.906250000000000000e+00
-1.039062500000000000e+00
6.406250000000000000e+00
2.031250000000000000e+00
6.757812500000000000e-01
-1.710937500000000000e+00
1.368750000000000000e+01
7.968750000000000000e+00
5.500000000000000000e+00
3.078125000000000000e+00
-9.335937500000000000e-01
1.118750000000000000e+01
-2.392578125000000000e-01
1.093750000000000000e+00
5.218750000000000000e+00
-7.812500000000000000e-01
1.298828125000000000e-01
6.593750000000000000e+00
3.125000000000000000e+00
-5.125000000000000000e+00
-2.328125000000000000e+00
8.562500000000000000e+00
5.187500000000000000e+00
-1.867187500000000000e+00
-4.812500000000000000e+00
5.875000000000000000e+00
5.750000000000000000e+00
1.281250000000000000e+00
4.218750000000000000e+00
-4.468750000000000000e+00
5.937500000000000000e-01
1.298828125000000000e-01
1.539062500000000000e+00
-5.843750000000000000e+00
2.296875000000000000e+00
3.453125000000000000e+00
3.640625000000000000e+00
1.398437500000000000e+00
-4.875000000000000000e+00
6.281250000000000000e+00
4.472656250000000000e-01
1.350000000000000000e+01
4.218750000000000000e+00
-2.000000000000000000e+00
-1.914062500000000000e+00
5.593750000000000000e+00
5.500000000000000000e+00
6.093750000000000000e+00
-1.289062500000000000e+00
9.437500000000000000e+00
-2.687500000000000000e+00
-3.500000000000000000e+00
-1.851562500000000000e+00
2.578125000000000000e+00
-2.578125000000000000e+00
6.406250000000000000e+00
-2.625000000000000000e+00
9.625000000000000000e+00
-1.726562500000000000e+00
5.625000000000000000e+00
-4.906250000000000000e+00
5.406250000000000000e+00
-3.046875000000000000e+00
4.656250000000000000e+00
-8.554687500000000000e-01
1.328125000000000000e-01
6.593750000000000000e+00
7.843750000000000000e+00
2.140625000000000000e+00
-6.787109375000000000e-02
4.468750000000000000e+00
-1.304687500000000000e+00
-6.000000000000000000e+00
6.343750000000000000e+00
7.343750000000000000e+00
-1.812500000000000000e+00
3.875000000000000000e+00
1.293750000000000000e+01
-2.640625000000000000e+00
4.781250000000000000e+00
-2.187500000000000000e+00
2.546875000000000000e+00
-5.195312500000000000e-01
-4.667968750000000000e-01
-5.781250000000000000e+00
6.656250000000000000e+00
-2.953125000000000000e+00
1.125000000000000000e+01
