8.750000000000000000e-01
5.390625000000000000e-01
-2.140625000000000000e+00
1.648437500000000000e+00
-8.750000000000000000e-01
3.535156250000000000e-01
1.070312500000000000e+00
1.093750000000000000e+00
-1.085937500000000000e+00
-1.710937500000000000e+00
1.437500000000000000e+00
1.312500000000000000e+00
2.156250000000000000e+00
3.808593750000000000e-01
1.375000000000000000e+00
6.562500000000000000e-01
-1.500000000000000000e+00
1.210937500000000000e+00
2.015625000000000000e+00
-6.132812500000000000e-01
-8.554687500000000000e-01
2.109375000000000000e+00
-5.656250000000000000e+00
-6.445312500000000000e-01
1.343750000000000000e+00
8.554687500000000000e-01
-3.687500000000000000e+00
-1.398437500000000000e+00
5.468750000000000000e-01
-1.687500000000000000e+00
2.250000000000000000e+00
7.861328125000000000e-02
1.898437500000000000e+00
-1.132812500000000000e+00
-8.398437500000000000e-01
-1.726562500000000000e+00
3.339843750000000000e-01
-1.069335937500000000e-01
3.261718750000000000e-01
-7.812500000000000000e-01
-1.000000000000000000e+00
2.578125000000000000e+00
1.648437500000000000e+00
-4.687500000000000000e-01
-2.250000000000000000e+00
1.070312500000000000e+00
9.492187500000000000e-01
5.468750000000000000e-01
7.070312500000000000e-01
1.476562500000000000e+00
1.191406250000000000e-01
-1.851562500000000000e+00
1.148437500000000000e+00
-1.132812500000000000e+00
1.867187500000000000e+00
1.414062500000000000e+00
-3.442382812500000000e-02
-1.351562500000000000e+00
8.554687500000000000e-01
1.039062500000000000e+00
-5.117187500000000000e-01
1.023437500000000000e+00
3.222656250000000000e-01
2.625000000000000000e+00
2.234375000000000000e+00
0.000000000000000000e+00
1.875000000000000000e+00
4.316406250000000000e-01
7.070312500000000000e-01
4.824218750000000000e-01
-1.812500000000000000e+00
9.882812500000000000e-01
5.195312500000000000e-01
-1.726562500000000000e+00
1.687500000000000000e+00
-1.437500000000000000e+00
2.640625000000000000e+00
1.226562500000000000e+00
2.390625000000000000e+00
3.593750000000000000e-01
2.500000000000000000e+00
9.882812500000000000e-01
-4.550781250000000000e-01
-5.234375000000000000e-01
-2.328125000000000000e+00
5.156250000000000000e-01
5.078125000000000000e-01
1.789062500000000000e+00
7.539062500000000000e-01
-2.765625000000000000e+00
-1.171875000000000000e-02
1.968750000000000000e+00
-1.664062500000000000e+00
3.984375000000000000e-01
7.470703125000000000e-02
-1.742187500000000000e+00
2.359375000000000000e+00
1.320312500000000000e+00
-2.109375000000000000e+00
1.109375000000000000e+00
1.523437500000000000e+00
-2.265625000000000000e+00
-1.945312500000000000e+00
1.789062500000000000e+00
2.187500000000000000e+00
2.390625000000000000e+00
-3.105468750000000000e-01
1.539062500000000000e+00
-1.351562500000000000e+00
1.376953125000000000e-01
2.671875000000000000e+00
-1.648437500000000000e+00
1.070312500000000000e+00
3.671875000000000000e-01
-1.125000000000000000e+00
2.687500000000000000e+00
1.845703125000000000e-01
-7.070312500000000000e-01
-1.695312500000000000e+00
-7.070312500000000000e-01
-1.539062500000000000e+00
-2.000000000000000000e+00
-6.757812500000000000e-01
1.273437500000000000e+00
1.273437500000000000e+00
6.523437500000000000e-01
2.109375000000000000e+00
2.671875000000000000e+00
1.898437500000000000e+00
9.531250000000000000e-01
1.335937500000000000e+00
7.382812500000000000e-01
1.007812500000000000e+00
-1.570312500000000000e+00
-2.451171875000000000e-01
-8.154296875000000000e-02
2.373046875000000000e-01
1.382812500000000000e+00
2.093750000000000000e+00
-1.507812500000000000e+00
-5.703125000000000000e-01
1.218750000000000000e+00
2.125000000000000000e+00
5.898437500000000000e-01
2.000000000000000000e+00
-1.601562500000000000e+00
1.445312500000000000e+00
-1.093750000000000000e+00
1.718750000000000000e+00
1.851562500000000000e+00
1.679687500000000000e+00
-9.570312500000000000e-01
-1.250000000000000000e+00
-5.000000000000000000e-01
-1.445312500000000000e+00
-1.257812500000000000e+00
-8.789062500000000000e-01
-3.964843750000000000e-01
-2.343750000000000000e-01
-1.414062500000000000e+00
-2.236328125000000000e-01
1.250000000000000000e-01
9.492187500000000000e-01
-2.156250000000000000e+00
2.753906250000000000e-01
2.390625000000000000e+00
-1.523437500000000000e+00
1.191406250000000000e-01
1.750000000000000000e+00
-1.601562500000000000e+00
1.085937500000000000e+00
-6.406250000000000000e-01
2.750000000000000000e+00
1.898437500000000000e+00
1.523437500000000000e-01
2.359375000000000000e+00
2.236328125000000000e-01
2.265625000000000000e+00
2.441406250000000000e-03
1.460937500000000000e+00
-8.837890625000000000e-02
1.976562500000000000e+00
8.642578125000000000e-02
-1.818847656250000000e-02
7.304687500000000000e-01
2.703125000000000000e+00
1.367187500000000000e+00
5.781250000000000000e-01
-1.845703125000000000e-01
8.632812500000000000e-01
1.750000000000000000e+00
-7.187500000000000000e-01
1.726562500000000000e+00
2.546875000000000000e+00
1.125000000000000000e+00
-3.964843750000000000e-01
-1.591796875000000000e-01
-1.320312500000000000e+00
-1.257812500000000000e+00
-9.257812500000000000e-01
6.875000000000000000e-01
6.406250000000000000e-01
-4.785156250000000000e-01
-1.250000000000000000e+00
2.226562500000000000e-01
1.820312500000000000e+00
7.470703125000000000e-02
-1.554687500000000000e+00
1.648437500000000000e+00
1.445312500000000000e+00
-1.554687500000000000e+00
1.648437500000000000e+00
-1.757812500000000000e+00
1.093750000000000000e+00
-1.554687500000000000e+00
2.750000000000000000e+00
1.539062500000000000e+00
1.523437500000000000e+00
-9.687500000000000000e-01
-1.289062500000000000e+00
-9.101562500000000000e-01
2.968750000000000000e-01
8.554687500000000000e-01
-3.250122070312500000e-03
-2.890625000000000000e+00
-1.750000000000000000e+00
-9.375000000000000000e-02
-2.171875000000000000e+00
-1.265625000000000000e+00
1.023437500000000000e+00
-8.906250000000000000e-01
1.976562500000000000e+00
5.859375000000000000e-01
-3.261718750000000000e-01
1.484375000000000000e-01
-1.742187500000000000e+00
-3.750000000000000000e-01
1.273437500000000000e+00
-1.992187500000000000e+00
-1.750000000000000000e+00
2.390625000000000000e+00
8.085937500000000000e-01
-1.070312500000000000e+00
-5.429687500000000000e-01
-3.930664062500000000e-02
-5.898437500000000000e-01
-5.585937500000000000e-01
-8.945312500000000000e-01
-4.746093750000000000e-01
-1.835937500000000000e+00
-3.515625000000000000e+00
-1.570312500000000000e+00
9.648437500000000000e-01
-1.523437500000000000e+00
1.835937500000000000e+00
7.382812500000000000e-01
-1.882812500000000000e+00
-1.835937500000000000e+00
-7.812500000000000000e-01
-1.257812500000000000e+00
-1.476562500000000000e+00
4.863281250000000000e-01
-1.414062500000000000e+00
-3.808593750000000000e-01
1.085937500000000000e+00
6.982421875000000000e-02
-1.273437500000000000e+00
-2.597656250000000000e-01
4.531250000000000000e-01
-1.585937500000000000e+00
-1.179687500000000000e+00
-3.300781250000000000e-01
-1.367187500000000000e+00
1.351562500000000000e+00
-1.279296875000000000e-01
-1.226562500000000000e+00
2.109375000000000000e+00
-1.669921875000000000e-01
1.585937500000000000e+00
1.351562500000000000e+00
1.195312500000000000e+00
-1.554687500000000000e+00
1.437500000000000000e+00
-7.812500000000000000e-01
1.195312500000000000e+00
-3.984375000000000000e-01
6.523437500000000000e-01
1.218750000000000000e+00
-4.785156250000000000e-01
-1.570312500000000000e+00
1.554687500000000000e+00
1.343750000000000000e+00
-1.210937500000000000e+00
1.132812500000000000e+00
-1.554687500000000000e+00
2.125000000000000000e+00
1.257812500000000000e+00
2.871093750000000000e-01
1.750000000000000000e+00
4.121093750000000000e-01
1.179687500000000000e+00
7.656250000000000000e-01
2.156250000000000000e+00
2.359375000000000000e+00
1.054687500000000000e+00
1.773437500000000000e+00
-9.960937500000000000e-01
2.500000000000000000e-01
6.523437500000000000e-01
6.562500000000000000e-01
1.023437500000000000e+00
-4.843750000000000000e-01
1.539062500000000000e+00
1.632812500000000000e+00
1.054687500000000000e+00
-1.773437500000000000e+00
-2.046875000000000000e+00
1.476562500000000000e+00
1.039062500000000000e+00
-1.656250000000000000e+00
-2.375000000000000000e+00
1.273437500000000000e+00
1.937500000000000000e+00
1.460937500000000000e+00
-3.078125000000000000e+00
-1.507812500000000000e+00
-4.550781250000000000e-01
7.187500000000000000e-01
8.945312500000000000e-01
-2.000000000000000000e+00
7.812500000000000000e-01
1.773437500000000000e+00
1.687500000000000000e+00
1.726562500000000000e+00
-2.265625000000000000e+00
-4.218750000000000000e+00
5.664062500000000000e-02
-9.023437500000000000e-01
-2.314453125000000000e-01
8.007812500000000000e-01
-1.843750000000000000e+00
1.804687500000000000e+00
2.062500000000000000e+00
1.242187500000000000e+00
-1.070312500000000000e+00
2.640625000000000000e+00
-6.132812500000000000e-01
1.601562500000000000e+00
-1.585937500000000000e+00
-2.158203125000000000e-01
-1.742187500000000000e+00
1.148437500000000000e+00
-1.157226562500000000e-01
1.632812500000000000e+00
-2.109375000000000000e-01
-2.600097656250000000e-02
3.085937500000000000e-01
-1.664062500000000000e+00
-5.546875000000000000e-01
-5.031250000000000000e+00
-7.070312500000000000e-01
-3.261718750000000000e-01
-3.500000000000000000e+00
1.648437500000000000e+00
1.429687500000000000e+00
-1.406250000000000000e-01
3.496093750000000000e-01
-1.531250000000000000e+00
-2.671875000000000000e+00
2.046875000000000000e+00
1.257812500000000000e+00
-1.398437500000000000e+00
1.687500000000000000e+00
2.453125000000000000e+00
-3.730468750000000000e-01
1.195312500000000000e+00
-4.565429687500000000e-02
9.570312500000000000e-01
-5.429687500000000000e-01
-3.652343750000000000e-01
-1.820312500000000000e+00
1.617187500000000000e+00
7.695312500000000000e-01
3.535156250000000000e-01
