9.150000000000000000e+01
-5.968750000000000000e+00
-1.381250000000000000e+01
2.500000000000000000e+01
-6.625000000000000000e+00
-1.068750000000000000e+01
1.043750000000000000e+01
1.887500000000000000e+01
-7.093750000000000000e+00
-4.031250000000000000e+00
1.400000000000000000e+01
4.593750000000000000e+00
3.546875000000000000e+00
3.203125000000000000e+00
2.262500000000000000e+01
1.350000000000000000e+01
-1.737500000000000000e+01
1.700000000000000000e+01
7.950000000000000000e+01
-4.843750000000000000e-01
-8.812500000000000000e+00
-2.859375000000000000e+00
5.600000000000000000e+01
-3.421875000000000000e+00
1.975000000000000000e+01
1.812500000000000000e+01
4.925000000000000000e+01
-5.781250000000000000e+00
2.671875000000000000e+00
-1.368750000000000000e+01
4.400000000000000000e+01
-2.112500000000000000e+01
2.600000000000000000e+01
-1.481250000000000000e+01
-2.515625000000000000e+00
-5.781250000000000000e+00
-4.406250000000000000e+00
8.349609375000000000e-02
2.062500000000000000e+01
-9.500000000000000000e+00
-9.062500000000000000e+00
3.925000000000000000e+01
3.328125000000000000e+00
-9.937500000000000000e+00
-6.593750000000000000e+00
3.921875000000000000e+00
4.531250000000000000e+00
-1.075000000000000000e+01
-6.000000000000000000e+00
4.425000000000000000e+01
2.138671875000000000e-01
-2.578125000000000000e+00
-1.081250000000000000e+01
-9.937500000000000000e+00
2.812500000000000000e+01
6.075000000000000000e+01
-1.737500000000000000e+01
8.650000000000000000e+01
9.179687500000000000e-01
1.443750000000000000e+01
-3.796875000000000000e+00
1.507812500000000000e+00
2.390625000000000000e+00
2.512500000000000000e+01
6.593750000000000000e+00
-1.068750000000000000e+01
4.025000000000000000e+01
-1.018750000000000000e+01
-2.921875000000000000e+00
-2.150000000000000000e+01
-1.210937500000000000e+00
-6.593750000000000000e+00
9.960937500000000000e-02
-2.062500000000000000e+01
-1.118750000000000000e+01
-2.237500000000000000e+01
2.400000000000000000e+01
3.625000000000000000e+00
2.062500000000000000e+01
3.171875000000000000e+00
4.906250000000000000e+00
1.862500000000000000e+01
-8.500000000000000000e+00
-2.875000000000000000e+00
-1.837500000000000000e+01
-7.500000000000000000e+00
6.400000000000000000e+01
3.600000000000000000e+01
1.568750000000000000e+01
-3.921875000000000000e+00
-3.125000000000000000e+00
-7.343750000000000000e+00
-1.912500000000000000e+01
1.726562500000000000e+00
-1.700000000000000000e+01
-1.081250000000000000e+01
9.400000000000000000e+01
2.150000000000000000e+01
-6.843750000000000000e+00
-1.742187500000000000e+00
5.625000000000000000e+01
-4.218750000000000000e+00
-9.062500000000000000e+00
2.562500000000000000e+00
4.975000000000000000e+01
2.550000000000000000e+01
-4.500000000000000000e+00
3.964843750000000000e-01
-2.859375000000000000e+00
-1.562500000000000000e+00
4.175000000000000000e+01
-1.281250000000000000e+01
-5.468750000000000000e+00
-3.953125000000000000e+00
-4.218750000000000000e+00
1.887500000000000000e+01
-4.175000000000000000e+01
-8.125000000000000000e+00
-4.031250000000000000e+00
-4.375000000000000000e+00
-1.200000000000000000e+01
-3.046875000000000000e+00
-1.368750000000000000e+01
1.381250000000000000e+01
-3.765625000000000000e+00
2.562500000000000000e+01
1.256250000000000000e+01
5.500000000000000000e+01
2.550000000000000000e+01
-4.093750000000000000e+00
-4.781250000000000000e+00
-2.312500000000000000e+01
9.937500000000000000e+00
-1.025000000000000000e+01
7.700000000000000000e+01
-4.656250000000000000e+00
-2.546875000000000000e+00
3.925000000000000000e+01
1.206250000000000000e+01
-1.218750000000000000e+01
1.804687500000000000e+00
-1.125000000000000000e+01
2.500000000000000000e+01
1.093750000000000000e+01
2.062500000000000000e+01
-8.312500000000000000e+00
6.325000000000000000e+01
-1.531250000000000000e+01
2.862500000000000000e+01
2.212500000000000000e+01
8.800000000000000000e+01
-1.000000000000000000e+01
-6.406250000000000000e+00
9.250000000000000000e+00
-5.906250000000000000e+00
5.975000000000000000e+01
-1.175000000000000000e+01
-1.906250000000000000e+00
-5.281250000000000000e+00
-1.068750000000000000e+01
3.378906250000000000e-01
2.600000000000000000e+01
1.468750000000000000e+01
5.200000000000000000e+01
-1.923828125000000000e-01
4.475000000000000000e+01
-3.078125000000000000e+00
2.171875000000000000e+00
1.375000000000000000e+00
-1.218750000000000000e+01
3.421875000000000000e+00
1.257812500000000000e+00
2.687500000000000000e+01
3.250000000000000000e+01
-6.656250000000000000e+00
2.637500000000000000e+01
2.484375000000000000e+00
9.937500000000000000e+00
-5.875000000000000000e+00
2.262500000000000000e+01
4.925000000000000000e+01
3.037500000000000000e+01
-1.543750000000000000e+01
-3.500000000000000000e+00
-1.875000000000000000e+01
5.300000000000000000e+01
7.750000000000000000e+00
2.296875000000000000e+00
-9.687500000000000000e+00
4.843750000000000000e+00
2.062500000000000000e+01
-5.593750000000000000e+00
3.575000000000000000e+01
2.500000000000000000e+01
1.143750000000000000e+01
7.000000000000000000e+01
-2.890625000000000000e-01
8.250000000000000000e+01
-4.968750000000000000e+00
-2.359375000000000000e+00
2.328125000000000000e+00
6.275000000000000000e+01
-3.921875000000000000e+00
-1.475000000000000000e+01
9.804687500000000000e-01
4.725000000000000000e+01
-2.400000000000000000e+01
-8.687500000000000000e+00
2.337500000000000000e+01
3.300000000000000000e+01
-7.968750000000000000e+00
3.400000000000000000e+01
-5.906250000000000000e+00
3.375000000000000000e+00
-8.250000000000000000e+00
4.875000000000000000e+01
5.475000000000000000e+01
1.481250000000000000e+01
-3.775000000000000000e+01
8.250000000000000000e+01
-9.375000000000000000e-01
1.554687500000000000e+00
6.218750000000000000e+00
-1.335937500000000000e+00
6.200000000000000000e+01
-1.000000000000000000e+01
-6.328125000000000000e-01
-5.250000000000000000e+00
4.175000000000000000e+01
-3.609375000000000000e+00
-7.156250000000000000e+00
7.750000000000000000e+01
7.550000000000000000e+01
-2.015625000000000000e+00
-1.601562500000000000e+00
-3.828125000000000000e+00
-1.581250000000000000e+01
9.000000000000000000e+00
-1.118750000000000000e+01
-2.859375000000000000e+00
1.281250000000000000e+01
-5.859375000000000000e-01
-4.100000000000000000e+01
-5.406250000000000000e+00
-2.515625000000000000e+00
-4.375000000000000000e-01
8.710937500000000000e-01
-3.640625000000000000e+00
-7.031250000000000000e-02
-4.968750000000000000e+00
7.950000000000000000e+01
-1.068750000000000000e+01
7.650000000000000000e+01
-4.250000000000000000e+00
1.468750000000000000e+01
-4.093750000000000000e+00
-1.318750000000000000e+01
-1.787500000000000000e+01
-1.200000000000000000e+01
-1.750000000000000000e+01
-2.187500000000000000e+01
-1.031250000000000000e+01
-3.953125000000000000e+00
-7.906250000000000000e+00
-1.075000000000000000e+01
-1.195312500000000000e+00
-1.506250000000000000e+01
-1.943359375000000000e-01
2.171875000000000000e+00
-3.187500000000000000e+00
-3.187500000000000000e+00
-1.234375000000000000e+00
-1.043750000000000000e+01
1.593750000000000000e+01
-2.078125000000000000e+00
4.600000000000000000e+01
3.300000000000000000e+01
7.850000000000000000e+01
1.431250000000000000e+01
3.600000000000000000e+01
2.262500000000000000e+01
-2.750000000000000000e+00
-1.081250000000000000e+01
-2.203125000000000000e+00
-7.093750000000000000e+00
-3.339843750000000000e-01
2.287500000000000000e+01
1.218750000000000000e+01
-8.398437500000000000e-01
-1.106250000000000000e+01
1.968750000000000000e+00
1.275000000000000000e+01
-7.093750000000000000e+00
-7.343750000000000000e+00
-6.593750000000000000e+00
1.431250000000000000e+01
2.787500000000000000e+01
-1.268750000000000000e+01
2.487500000000000000e+01
-1.000000000000000000e+00
5.468750000000000000e-01
-9.375000000000000000e+00
6.450000000000000000e+01
2.950000000000000000e+01
2.450000000000000000e+01
6.593750000000000000e+00
-6.494140625000000000e-02
6.650000000000000000e+01
-7.617187500000000000e-01
-2.453125000000000000e+00
2.237500000000000000e+01
-7.406250000000000000e+00
-1.193750000000000000e+01
2.612500000000000000e+01
8.812500000000000000e+00
-1.525000000000000000e+01
-5.250000000000000000e+00
3.925000000000000000e+01
2.300000000000000000e+01
-3.671875000000000000e+00
-1.068750000000000000e+01
2.762500000000000000e+01
1.887500000000000000e+01
1.648437500000000000e+00
3.800000000000000000e+01
-1.300000000000000000e+01
3.964843750000000000e-01
-1.031250000000000000e+01
2.546875000000000000e+00
-1.581250000000000000e+01
4.968750000000000000e+00
6.093750000000000000e+00
1.168750000000000000e+01
9.375000000000000000e-01
-1.075000000000000000e+01
6.200000000000000000e+01
-2.765625000000000000e+00
8.050000000000000000e+01
1.925000000000000000e+01
-1.418750000000000000e+01
-1.914062500000000000e+00
2.112500000000000000e+01
1.612500000000000000e+01
2.537500000000000000e+01
-2.453125000000000000e+00
3.625000000000000000e+01
-1.468750000000000000e+01
-1.925000000000000000e+01
-4.843750000000000000e+00
1.425000000000000000e+01
-8.437500000000000000e+00
3.062500000000000000e+01
-1.331250000000000000e+01
4.700000000000000000e+01
-7.750000000000000000e+00
2.850000000000000000e+01
-1.912500000000000000e+01
3.825000000000000000e+01
-1.400000000000000000e+01
5.225000000000000000e+01
-3.140625000000000000e+00
-1.500000000000000000e+00
5.300000000000000000e+01
3.500000000000000000e+01
3.453125000000000000e+00
-4.406250000000000000e+00
2.500000000000000000e+01
-1.710937500000000000e+00
-1.912500000000000000e+01
2.350000000000000000e+01
3.325000000000000000e+01
-7.281250000000000000e+00
1.231250000000000000e+01
6.175000000000000000e+01
-1.018750000000000000e+01
1.700000000000000000e+01
-1.518750000000000000e+01
5.375000000000000000e+00
-4.187500000000000000e+00
-3.496093750000000000e-01
-1.762500000000000000e+01
2.612500000000000000e+01
-1.256250000000000000e+01
6.300000000000000000e+01
