1.135000000000000000e+02
-8.125000000000000000e+00
-1.612500000000000000e+01
2.962500000000000000e+01
-9.562500000000000000e+00
-1.418750000000000000e+01
1.131250000000000000e+01
2.262500000000000000e+01
-9.187500000000000000e+00
-5.156250000000000000e+00
1.581250000000000000e+01
4.468750000000000000e+00
2.578125000000000000e+00
3.546875000000000000e+00
2.687500000000000000e+01
1.581250000000000000e+01
-2.062500000000000000e+01
1.962500000000000000e+01
1.000000000000000000e+02
6.875000000000000000e-01
-1.281250000000000000e+01
-3.546875000000000000e+00
7.050000000000000000e+01
-4.750000000000000000e+00
2.337500000000000000e+01
2.162500000000000000e+01
6.300000000000000000e+01
-9.062500000000000000e+00
2.062500000000000000e+00
-1.662500000000000000e+01
5.425000000000000000e+01
-2.562500000000000000e+01
3.112500000000000000e+01
-1.900000000000000000e+01
-2.234375000000000000e+00
-7.906250000000000000e+00
-5.750000000000000000e+00
-1.507812500000000000e+00
2.500000000000000000e+01
-1.231250000000000000e+01
-1.368750000000000000e+01
4.800000000000000000e+01
1.554687500000000000e+00
-1.250000000000000000e+01
-9.500000000000000000e+00
3.625000000000000000e+00
4.968750000000000000e+00
-1.481250000000000000e+01
-8.500000000000000000e+00
5.525000000000000000e+01
-1.218750000000000000e+00
-3.328125000000000000e+00
-1.306250000000000000e+01
-1.062500000000000000e+01
3.375000000000000000e+01
7.550000000000000000e+01
-2.212500000000000000e+01
1.085000000000000000e+02
-1.767578125000000000e-01
1.700000000000000000e+01
-7.031250000000000000e+00
5.742187500000000000e-01
2.484375000000000000e+00
2.862500000000000000e+01
6.343750000000000000e+00
-1.450000000000000000e+01
4.925000000000000000e+01
-1.225000000000000000e+01
-6.593750000000000000e+00
-2.937500000000000000e+01
-1.476562500000000000e+00
-1.150000000000000000e+01
-8.750000000000000000e-01
-2.587500000000000000e+01
-1.581250000000000000e+01
-2.537500000000000000e+01
2.762500000000000000e+01
3.078125000000000000e+00
2.350000000000000000e+01
2.609375000000000000e+00
4.187500000000000000e+00
2.200000000000000000e+01
-1.043750000000000000e+01
-3.671875000000000000e+00
-2.050000000000000000e+01
-1.168750000000000000e+01
7.950000000000000000e+01
4.400000000000000000e+01
1.837500000000000000e+01
-5.968750000000000000e+00
-2.875000000000000000e+00
-1.193750000000000000e+01
-2.100000000000000000e+01
1.445312500000000000e+00
-2.050000000000000000e+01
-1.318750000000000000e+01
1.165000000000000000e+02
2.562500000000000000e+01
-8.500000000000000000e+00
-3.234375000000000000e+00
6.950000000000000000e+01
-6.843750000000000000e+00
-1.081250000000000000e+01
2.312500000000000000e+00
6.200000000000000000e+01
3.037500000000000000e+01
-4.468750000000000000e+00
-1.748046875000000000e-01
-4.375000000000000000e+00
-1.445312500000000000e+00
5.125000000000000000e+01
-1.612500000000000000e+01
-6.218750000000000000e+00
-4.781250000000000000e+00
-5.906250000000000000e+00
2.137500000000000000e+01
-5.175000000000000000e+01
-8.687500000000000000e+00
-7.156250000000000000e+00
-4.125000000000000000e+00
-1.350000000000000000e+01
-3.625000000000000000e+00
-1.650000000000000000e+01
1.543750000000000000e+01
-5.906250000000000000e+00
3.112500000000000000e+01
1.368750000000000000e+01
6.900000000000000000e+01
3.050000000000000000e+01
-6.656250000000000000e+00
-5.843750000000000000e+00
-2.950000000000000000e+01
1.093750000000000000e+01
-1.306250000000000000e+01
9.800000000000000000e+01
-6.218750000000000000e+00
-3.453125000000000000e+00
4.875000000000000000e+01
1.325000000000000000e+01
-1.475000000000000000e+01
2.640625000000000000e+00
-1.318750000000000000e+01
2.962500000000000000e+01
1.256250000000000000e+01
2.362500000000000000e+01
-1.100000000000000000e+01
7.750000000000000000e+01
-1.912500000000000000e+01
3.475000000000000000e+01
2.637500000000000000e+01
1.085000000000000000e+02
-1.400000000000000000e+01
-8.250000000000000000e+00
1.150000000000000000e+01
-9.062500000000000000e+00
7.350000000000000000e+01
-1.481250000000000000e+01
-3.703125000000000000e+00
-7.875000000000000000e+00
-1.281250000000000000e+01
6.591796875000000000e-02
3.150000000000000000e+01
1.700000000000000000e+01
6.650000000000000000e+01
-6.875000000000000000e-01
5.525000000000000000e+01
-4.656250000000000000e+00
1.648437500000000000e+00
9.804687500000000000e-01
-1.368750000000000000e+01
2.859375000000000000e+00
1.820312500000000000e+00
3.187500000000000000e+01
3.925000000000000000e+01
-9.562500000000000000e+00
3.150000000000000000e+01
2.640625000000000000e+00
1.068750000000000000e+01
-7.656250000000000000e+00
2.700000000000000000e+01
6.075000000000000000e+01
3.625000000000000000e+01
-2.075000000000000000e+01
-3.609375000000000000e+00
-2.587500000000000000e+01
6.600000000000000000e+01
7.968750000000000000e+00
1.554687500000000000e+00
-1.131250000000000000e+01
4.562500000000000000e+00
2.437500000000000000e+01
-7.406250000000000000e+00
4.400000000000000000e+01
2.962500000000000000e+01
1.293750000000000000e+01
8.650000000000000000e+01
5.218505859375000000e-03
1.025000000000000000e+02
-5.750000000000000000e+00
-3.765625000000000000e+00
2.031250000000000000e+00
7.750000000000000000e+01
-4.187500000000000000e+00
-1.787500000000000000e+01
3.066406250000000000e-01
5.900000000000000000e+01
-2.912500000000000000e+01
-1.218750000000000000e+01
2.762500000000000000e+01
4.000000000000000000e+01
-9.937500000000000000e+00
4.150000000000000000e+01
-8.437500000000000000e+00
3.078125000000000000e+00
-9.812500000000000000e+00
5.925000000000000000e+01
6.650000000000000000e+01
1.687500000000000000e+01
-4.975000000000000000e+01
1.035000000000000000e+02
-1.664062500000000000e+00
-7.148437500000000000e-01
6.500000000000000000e+00
-2.500000000000000000e+00
7.650000000000000000e+01
-1.131250000000000000e+01
-5.937500000000000000e-01
-8.437500000000000000e+00
5.100000000000000000e+01
-5.843750000000000000e+00
-8.500000000000000000e+00
9.450000000000000000e+01
9.450000000000000000e+01
-1.718750000000000000e+00
-2.265625000000000000e+00
-6.000000000000000000e+00
-2.150000000000000000e+01
9.937500000000000000e+00
-1.281250000000000000e+01
-3.437500000000000000e+00
1.368750000000000000e+01
-7.773437500000000000e-01
-5.000000000000000000e+01
-9.500000000000000000e+00
-4.125000000000000000e+00
-3.417968750000000000e-01
1.132812500000000000e+00
-5.281250000000000000e+00
2.558593750000000000e-01
-7.531250000000000000e+00
9.950000000000000000e+01
-1.200000000000000000e+01
9.450000000000000000e+01
-5.843750000000000000e+00
1.687500000000000000e+01
-5.593750000000000000e+00
-1.531250000000000000e+01
-2.100000000000000000e+01
-1.418750000000000000e+01
-2.212500000000000000e+01
-2.737500000000000000e+01
-1.425000000000000000e+01
-4.968750000000000000e+00
-1.175000000000000000e+01
-1.637500000000000000e+01
-1.117187500000000000e+00
-1.812500000000000000e+01
2.382812500000000000e-01
1.476562500000000000e+00
-5.250000000000000000e+00
-5.406250000000000000e+00
-1.625000000000000000e+00
-1.293750000000000000e+01
1.837500000000000000e+01
-2.687500000000000000e+00
5.800000000000000000e+01
3.975000000000000000e+01
9.750000000000000000e+01
1.650000000000000000e+01
4.425000000000000000e+01
2.662500000000000000e+01
-5.000000000000000000e+00
-1.625000000000000000e+01
-2.468750000000000000e+00
-8.875000000000000000e+00
-2.597656250000000000e-01
2.762500000000000000e+01
1.393750000000000000e+01
-4.550781250000000000e-01
-1.281250000000000000e+01
1.617187500000000000e+00
1.431250000000000000e+01
-6.593750000000000000e+00
-1.200000000000000000e+01
-8.937500000000000000e+00
1.662500000000000000e+01
3.400000000000000000e+01
-1.675000000000000000e+01
3.000000000000000000e+01
-4.125000000000000000e+00
3.515625000000000000e-01
-1.131250000000000000e+01
7.950000000000000000e+01
3.575000000000000000e+01
2.950000000000000000e+01
6.468750000000000000e+00
-5.273437500000000000e-01
8.400000000000000000e+01
-7.304687500000000000e-01
-4.718750000000000000e+00
2.700000000000000000e+01
-9.812500000000000000e+00
-1.550000000000000000e+01
3.137500000000000000e+01
9.437500000000000000e+00
-1.900000000000000000e+01
-7.906250000000000000e+00
4.800000000000000000e+01
2.737500000000000000e+01
-4.906250000000000000e+00
-1.381250000000000000e+01
3.350000000000000000e+01
2.200000000000000000e+01
1.406250000000000000e+00
4.725000000000000000e+01
-1.581250000000000000e+01
-1.351562500000000000e+00
-1.431250000000000000e+01
1.562500000000000000e+00
-1.812500000000000000e+01
4.843750000000000000e+00
6.156250000000000000e+00
1.268750000000000000e+01
2.373046875000000000e-01
-1.206250000000000000e+01
7.950000000000000000e+01
-4.156250000000000000e+00
1.000000000000000000e+02
2.350000000000000000e+01
-1.600000000000000000e+01
-2.250000000000000000e+00
2.487500000000000000e+01
1.837500000000000000e+01
3.062500000000000000e+01
-3.921875000000000000e+00
4.325000000000000000e+01
-1.962500000000000000e+01
-2.400000000000000000e+01
-7.250000000000000000e+00
1.712500000000000000e+01
-1.218750000000000000e+01
3.775000000000000000e+01
-1.650000000000000000e+01
5.875000000000000000e+01
-1.093750000000000000e+01
3.525000000000000000e+01
-2.300000000000000000e+01
4.675000000000000000e+01
-1.812500000000000000e+01
6.600000000000000000e+01
-4.625000000000000000e+00
-6.875000000000000000e-01
6.550000000000000000e+01
4.325000000000000000e+01
3.046875000000000000e+00
-6.500000000000000000e+00
3.100000000000000000e+01
-2.390625000000000000e+00
-2.150000000000000000e+01
2.750000000000000000e+01
4.075000000000000000e+01
-1.125000000000000000e+01
1.431250000000000000e+01
7.750000000000000000e+01
-1.200000000000000000e+01
1.937500000000000000e+01
-1.912500000000000000e+01
5.218750000000000000e+00
-6.843750000000000000e+00
-1.476562500000000000e+00
-2.087500000000000000e+01
3.162500000000000000e+01
-1.400000000000000000e+01
7.800000000000000000e+01
