7.950000000000000000e+01
-5.187500000000000000e+00
-1.268750000000000000e+01
2.237500000000000000e+01
-6.000000000000000000e+00
-9.562500000000000000e+00
9.500000000000000000e+00
1.687500000000000000e+01
-6.406250000000000000e+00
-3.703125000000000000e+00
1.256250000000000000e+01
4.406250000000000000e+00
3.671875000000000000e+00
2.875000000000000000e+00
2.012500000000000000e+01
1.218750000000000000e+01
-1.568750000000000000e+01
1.531250000000000000e+01
6.950000000000000000e+01
-4.316406250000000000e-01
-8.000000000000000000e+00
-2.437500000000000000e+00
4.725000000000000000e+01
-2.875000000000000000e+00
1.775000000000000000e+01
1.593750000000000000e+01
4.175000000000000000e+01
-5.031250000000000000e+00
2.562500000000000000e+00
-1.231250000000000000e+01
3.875000000000000000e+01
-1.887500000000000000e+01
2.337500000000000000e+01
-1.375000000000000000e+01
-2.500000000000000000e+00
-4.781250000000000000e+00
-4.156250000000000000e+00
3.593750000000000000e-01
1.812500000000000000e+01
-8.187500000000000000e+00
-7.906250000000000000e+00
3.500000000000000000e+01
3.750000000000000000e+00
-8.687500000000000000e+00
-6.031250000000000000e+00
3.625000000000000000e+00
4.500000000000000000e+00
-9.062500000000000000e+00
-5.250000000000000000e+00
3.875000000000000000e+01
7.500000000000000000e-01
-2.421875000000000000e+00
-9.687500000000000000e+00
-9.187500000000000000e+00
2.537500000000000000e+01
5.275000000000000000e+01
-1.506250000000000000e+01
7.500000000000000000e+01
8.906250000000000000e-01
1.281250000000000000e+01
-2.640625000000000000e+00
1.593750000000000000e+00
2.171875000000000000e+00
2.262500000000000000e+01
6.250000000000000000e+00
-9.187500000000000000e+00
3.525000000000000000e+01
-9.312500000000000000e+00
-1.781250000000000000e+00
-1.812500000000000000e+01
-1.125000000000000000e+00
-5.375000000000000000e+00
2.871093750000000000e-01
-1.837500000000000000e+01
-9.312500000000000000e+00
-2.000000000000000000e+01
2.162500000000000000e+01
3.515625000000000000e+00
1.862500000000000000e+01
2.953125000000000000e+00
4.781250000000000000e+00
1.662500000000000000e+01
-7.750000000000000000e+00
-2.359375000000000000e+00
-1.637500000000000000e+01
-6.375000000000000000e+00
5.600000000000000000e+01
3.162500000000000000e+01
1.381250000000000000e+01
-3.890625000000000000e+00
-2.640625000000000000e+00
-5.468750000000000000e+00
-1.737500000000000000e+01
1.710937500000000000e+00
-1.531250000000000000e+01
-1.000000000000000000e+01
8.250000000000000000e+01
1.912500000000000000e+01
-6.500000000000000000e+00
-1.250000000000000000e+00
4.900000000000000000e+01
-3.609375000000000000e+00
-8.312500000000000000e+00
2.546875000000000000e+00
4.325000000000000000e+01
2.287500000000000000e+01
-4.156250000000000000e+00
4.355468750000000000e-01
-2.578125000000000000e+00
-1.312500000000000000e+00
3.700000000000000000e+01
-1.131250000000000000e+01
-4.718750000000000000e+00
-3.500000000000000000e+00
-3.562500000000000000e+00
1.725000000000000000e+01
-3.675000000000000000e+01
-7.343750000000000000e+00
-3.171875000000000000e+00
-4.000000000000000000e+00
-1.118750000000000000e+01
-2.859375000000000000e+00
-1.206250000000000000e+01
1.250000000000000000e+01
-3.046875000000000000e+00
2.237500000000000000e+01
1.150000000000000000e+01
4.825000000000000000e+01
2.262500000000000000e+01
-3.140625000000000000e+00
-4.156250000000000000e+00
-2.000000000000000000e+01
9.062500000000000000e+00
-9.187500000000000000e+00
6.650000000000000000e+01
-3.937500000000000000e+00
-2.296875000000000000e+00
3.450000000000000000e+01
1.125000000000000000e+01
-1.131250000000000000e+01
1.789062500000000000e+00
-9.687500000000000000e+00
2.212500000000000000e+01
9.812500000000000000e+00
1.850000000000000000e+01
-7.406250000000000000e+00
5.525000000000000000e+01
-1.375000000000000000e+01
2.550000000000000000e+01
1.987500000000000000e+01
7.750000000000000000e+01
-9.000000000000000000e+00
-5.906250000000000000e+00
8.062500000000000000e+00
-4.968750000000000000e+00
5.200000000000000000e+01
-1.068750000000000000e+01
-1.437500000000000000e+00
-4.843750000000000000e+00
-9.750000000000000000e+00
4.531250000000000000e-01
2.287500000000000000e+01
1.300000000000000000e+01
4.475000000000000000e+01
1.406250000000000000e-01
3.925000000000000000e+01
-2.640625000000000000e+00
2.250000000000000000e+00
1.406250000000000000e+00
-1.100000000000000000e+01
3.375000000000000000e+00
1.304687500000000000e+00
2.400000000000000000e+01
2.862500000000000000e+01
-5.656250000000000000e+00
2.350000000000000000e+01
2.390625000000000000e+00
9.250000000000000000e+00
-5.281250000000000000e+00
2.037500000000000000e+01
4.325000000000000000e+01
2.700000000000000000e+01
-1.300000000000000000e+01
-3.062500000000000000e+00
-1.550000000000000000e+01
4.675000000000000000e+01
7.156250000000000000e+00
2.453125000000000000e+00
-9.375000000000000000e+00
4.531250000000000000e+00
1.812500000000000000e+01
-4.781250000000000000e+00
3.137500000000000000e+01
2.237500000000000000e+01
1.031250000000000000e+01
6.075000000000000000e+01
-2.617187500000000000e-01
7.100000000000000000e+01
-4.406250000000000000e+00
-1.898437500000000000e+00
2.265625000000000000e+00
5.475000000000000000e+01
-3.390625000000000000e+00
-1.350000000000000000e+01
9.062500000000000000e-01
4.175000000000000000e+01
-2.087500000000000000e+01
-7.250000000000000000e+00
2.087500000000000000e+01
2.900000000000000000e+01
-7.250000000000000000e+00
3.012500000000000000e+01
-5.312500000000000000e+00
3.328125000000000000e+00
-8.000000000000000000e+00
4.300000000000000000e+01
4.800000000000000000e+01
1.331250000000000000e+01
-3.275000000000000000e+01
7.150000000000000000e+01
-7.851562500000000000e-01
1.812500000000000000e+00
5.781250000000000000e+00
-9.960937500000000000e-01
5.300000000000000000e+01
-9.000000000000000000e+00
-5.468750000000000000e-01
-4.375000000000000000e+00
3.600000000000000000e+01
-3.203125000000000000e+00
-6.531250000000000000e+00
6.800000000000000000e+01
6.550000000000000000e+01
-2.140625000000000000e+00
-1.367187500000000000e+00
-3.359375000000000000e+00
-1.450000000000000000e+01
8.187500000000000000e+00
-1.018750000000000000e+01
-2.500000000000000000e+00
1.200000000000000000e+01
-2.080078125000000000e-01
-3.600000000000000000e+01
-4.968750000000000000e+00
-1.835937500000000000e+00
-1.533203125000000000e-01
1.031250000000000000e+00
-3.484375000000000000e+00
-9.912109375000000000e-02
-4.281250000000000000e+00
6.850000000000000000e+01
-9.812500000000000000e+00
6.700000000000000000e+01
-3.921875000000000000e+00
1.331250000000000000e+01
-3.859375000000000000e+00
-1.218750000000000000e+01
-1.600000000000000000e+01
-1.075000000000000000e+01
-1.600000000000000000e+01
-2.012500000000000000e+01
-8.187500000000000000e+00
-3.828125000000000000e+00
-7.250000000000000000e+00
-8.625000000000000000e+00
-1.179687500000000000e+00
-1.393750000000000000e+01
-1.132812500000000000e-01
2.203125000000000000e+00
-2.546875000000000000e+00
-2.265625000000000000e+00
-1.054687500000000000e+00
-9.562500000000000000e+00
1.431250000000000000e+01
-1.992187500000000000e+00
3.925000000000000000e+01
2.950000000000000000e+01
6.850000000000000000e+01
1.293750000000000000e+01
3.162500000000000000e+01
2.012500000000000000e+01
-2.203125000000000000e+00
-8.250000000000000000e+00
-2.218750000000000000e+00
-6.218750000000000000e+00
-3.691406250000000000e-01
2.012500000000000000e+01
1.093750000000000000e+01
-7.460937500000000000e-01
-1.025000000000000000e+01
1.968750000000000000e+00
1.156250000000000000e+01
-6.531250000000000000e+00
-5.750000000000000000e+00
-6.093750000000000000e+00
1.300000000000000000e+01
2.462500000000000000e+01
-1.106250000000000000e+01
2.212500000000000000e+01
-3.808593750000000000e-01
6.093750000000000000e-01
-8.062500000000000000e+00
5.625000000000000000e+01
2.612500000000000000e+01
2.162500000000000000e+01
6.250000000000000000e+00
1.435546875000000000e-01
5.725000000000000000e+01
-5.664062500000000000e-01
-1.648437500000000000e+00
1.962500000000000000e+01
-6.343750000000000000e+00
-1.025000000000000000e+01
2.312500000000000000e+01
8.062500000000000000e+00
-1.368750000000000000e+01
-4.781250000000000000e+00
3.425000000000000000e+01
2.037500000000000000e+01
-3.203125000000000000e+00
-9.937500000000000000e+00
2.437500000000000000e+01
1.687500000000000000e+01
1.625000000000000000e+00
3.225000000000000000e+01
-1.200000000000000000e+01
8.007812500000000000e-01
-8.937500000000000000e+00
2.578125000000000000e+00
-1.493750000000000000e+01
4.531250000000000000e+00
5.781250000000000000e+00
1.050000000000000000e+01
1.085937500000000000e+00
-9.937500000000000000e+00
5.275000000000000000e+01
-2.312500000000000000e+00
7.000000000000000000e+01
1.687500000000000000e+01
-1.325000000000000000e+01
-1.882812500000000000e+00
1.887500000000000000e+01
1.468750000000000000e+01
2.250000000000000000e+01
-2.015625000000000000e+00
3.225000000000000000e+01
-1.250000000000000000e+01
-1.687500000000000000e+01
-4.093750000000000000e+00
1.268750000000000000e+01
-7.718750000000000000e+00
2.700000000000000000e+01
-1.181250000000000000e+01
4.125000000000000000e+01
-6.656250000000000000e+00
2.487500000000000000e+01
-1.662500000000000000e+01
3.300000000000000000e+01
-1.268750000000000000e+01
4.425000000000000000e+01
-2.640625000000000000e+00
-1.343750000000000000e+00
4.525000000000000000e+01
3.100000000000000000e+01
3.328125000000000000e+00
-3.546875000000000000e+00
2.162500000000000000e+01
-1.656250000000000000e+00
-1.725000000000000000e+01
2.100000000000000000e+01
2.937500000000000000e+01
-6.343750000000000000e+00
1.118750000000000000e+01
5.400000000000000000e+01
-9.000000000000000000e+00
1.531250000000000000e+01
-1.350000000000000000e+01
5.093750000000000000e+00
-3.953125000000000000e+00
5.218505859375000000e-03
-1.637500000000000000e+01
2.337500000000000000e+01
-1.156250000000000000e+01
5.475000000000000000e+01
