1.025000000000000000e+02
-7.156250000000000000e+00
-1.543750000000000000e+01
2.800000000000000000e+01
-7.750000000000000000e+00
-1.175000000000000000e+01
1.150000000000000000e+01
2.125000000000000000e+01
-8.000000000000000000e+00
-4.375000000000000000e+00
1.543750000000000000e+01
4.593750000000000000e+00
3.453125000000000000e+00
3.375000000000000000e+00
2.512500000000000000e+01
1.518750000000000000e+01
-1.937500000000000000e+01
1.900000000000000000e+01
9.000000000000000000e+01
-4.628906250000000000e-01
-1.043750000000000000e+01
-3.140625000000000000e+00
6.400000000000000000e+01
-4.031250000000000000e+00
2.200000000000000000e+01
2.037500000000000000e+01
5.625000000000000000e+01
-6.593750000000000000e+00
2.359375000000000000e+00
-1.506250000000000000e+01
4.925000000000000000e+01
-2.300000000000000000e+01
2.900000000000000000e+01
-1.712500000000000000e+01
-1.968750000000000000e+00
-6.343750000000000000e+00
-4.781250000000000000e+00
-6.054687500000000000e-01
2.337500000000000000e+01
-1.056250000000000000e+01
-1.056250000000000000e+01
4.400000000000000000e+01
2.953125000000000000e+00
-1.118750000000000000e+01
-7.375000000000000000e+00
4.250000000000000000e+00
5.000000000000000000e+00
-1.256250000000000000e+01
-6.781250000000000000e+00
5.000000000000000000e+01
-2.333984375000000000e-01
-2.734375000000000000e+00
-1.200000000000000000e+01
-1.100000000000000000e+01
3.137500000000000000e+01
6.800000000000000000e+01
-2.012500000000000000e+01
9.800000000000000000e+01
3.808593750000000000e-01
1.581250000000000000e+01
-4.593750000000000000e+00
1.476562500000000000e+00
1.781250000000000000e+00
2.762500000000000000e+01
6.968750000000000000e+00
-1.231250000000000000e+01
4.525000000000000000e+01
-1.250000000000000000e+01
-4.156250000000000000e+00
-2.462500000000000000e+01
-1.132812500000000000e+00
-8.437500000000000000e+00
-5.664062500000000000e-01
-2.337500000000000000e+01
-1.281250000000000000e+01
-2.362500000000000000e+01
2.662500000000000000e+01
4.000000000000000000e+00
2.262500000000000000e+01
3.046875000000000000e+00
5.000000000000000000e+00
2.087500000000000000e+01
-9.937500000000000000e+00
-3.000000000000000000e+00
-2.000000000000000000e+01
-8.625000000000000000e+00
7.250000000000000000e+01
4.025000000000000000e+01
1.750000000000000000e+01
-4.562500000000000000e+00
-3.703125000000000000e+00
-9.125000000000000000e+00
-2.100000000000000000e+01
1.375000000000000000e+00
-1.900000000000000000e+01
-1.193750000000000000e+01
1.060000000000000000e+02
2.412500000000000000e+01
-7.593750000000000000e+00
-2.031250000000000000e+00
6.325000000000000000e+01
-4.468750000000000000e+00
-1.018750000000000000e+01
2.703125000000000000e+00
5.600000000000000000e+01
2.812500000000000000e+01
-4.750000000000000000e+00
3.828125000000000000e-01
-3.187500000000000000e+00
-2.109375000000000000e+00
4.700000000000000000e+01
-1.381250000000000000e+01
-5.656250000000000000e+00
-5.062500000000000000e+00
-4.531250000000000000e+00
2.050000000000000000e+01
-4.700000000000000000e+01
-8.937500000000000000e+00
-4.281250000000000000e+00
-4.468750000000000000e+00
-1.331250000000000000e+01
-3.328125000000000000e+00
-1.525000000000000000e+01
1.550000000000000000e+01
-4.406250000000000000e+00
2.900000000000000000e+01
1.368750000000000000e+01
6.200000000000000000e+01
2.837500000000000000e+01
-5.031250000000000000e+00
-5.062500000000000000e+00
-2.612500000000000000e+01
1.118750000000000000e+01
-1.131250000000000000e+01
8.800000000000000000e+01
-5.406250000000000000e+00
-3.375000000000000000e+00
4.425000000000000000e+01
1.325000000000000000e+01
-1.400000000000000000e+01
1.882812500000000000e+00
-1.193750000000000000e+01
2.800000000000000000e+01
1.231250000000000000e+01
2.287500000000000000e+01
-9.062500000000000000e+00
7.050000000000000000e+01
-1.750000000000000000e+01
3.225000000000000000e+01
2.500000000000000000e+01
9.850000000000000000e+01
-1.143750000000000000e+01
-7.250000000000000000e+00
1.100000000000000000e+01
-6.593750000000000000e+00
6.750000000000000000e+01
-1.343750000000000000e+01
-2.234375000000000000e+00
-6.343750000000000000e+00
-1.175000000000000000e+01
1.611328125000000000e-01
2.900000000000000000e+01
1.612500000000000000e+01
5.925000000000000000e+01
-6.562500000000000000e-01
5.000000000000000000e+01
-3.171875000000000000e+00
2.093750000000000000e+00
1.500000000000000000e+00
-1.300000000000000000e+01
3.609375000000000000e+00
1.460937500000000000e+00
2.987500000000000000e+01
3.625000000000000000e+01
-7.781250000000000000e+00
2.950000000000000000e+01
2.062500000000000000e+00
1.081250000000000000e+01
-6.250000000000000000e+00
2.562500000000000000e+01
5.575000000000000000e+01
3.400000000000000000e+01
-1.762500000000000000e+01
-4.406250000000000000e+00
-2.187500000000000000e+01
5.925000000000000000e+01
8.437500000000000000e+00
2.562500000000000000e+00
-1.181250000000000000e+01
5.031250000000000000e+00
2.312500000000000000e+01
-6.156250000000000000e+00
4.000000000000000000e+01
2.762500000000000000e+01
1.256250000000000000e+01
7.950000000000000000e+01
2.314453125000000000e-01
9.350000000000000000e+01
-5.500000000000000000e+00
-2.828125000000000000e+00
2.515625000000000000e+00
7.050000000000000000e+01
-3.750000000000000000e+00
-1.650000000000000000e+01
7.968750000000000000e-01
5.325000000000000000e+01
-2.700000000000000000e+01
-9.687500000000000000e+00
2.600000000000000000e+01
3.675000000000000000e+01
-8.812500000000000000e+00
3.800000000000000000e+01
-6.593750000000000000e+00
3.984375000000000000e+00
-9.312500000000000000e+00
5.475000000000000000e+01
6.125000000000000000e+01
1.650000000000000000e+01
-4.275000000000000000e+01
9.350000000000000000e+01
-1.179687500000000000e+00
1.382812500000000000e+00
6.843750000000000000e+00
-1.835937500000000000e+00
7.000000000000000000e+01
-1.068750000000000000e+01
-1.070312500000000000e+00
-5.843750000000000000e+00
4.700000000000000000e+01
-4.281250000000000000e+00
-8.500000000000000000e+00
8.650000000000000000e+01
8.500000000000000000e+01
-1.617187500000000000e+00
-2.218750000000000000e+00
-4.281250000000000000e+00
-1.912500000000000000e+01
1.006250000000000000e+01
-1.200000000000000000e+01
-2.687500000000000000e+00
1.381250000000000000e+01
-5.234375000000000000e-01
-4.525000000000000000e+01
-7.031250000000000000e+00
-3.203125000000000000e+00
-6.718750000000000000e-01
8.007812500000000000e-01
-4.468750000000000000e+00
-1.147460937500000000e-01
-5.500000000000000000e+00
9.050000000000000000e+01
-1.150000000000000000e+01
8.650000000000000000e+01
-4.656250000000000000e+00
1.637500000000000000e+01
-4.625000000000000000e+00
-1.468750000000000000e+01
-1.975000000000000000e+01
-1.300000000000000000e+01
-2.012500000000000000e+01
-2.512500000000000000e+01
-1.156250000000000000e+01
-4.500000000000000000e+00
-9.750000000000000000e+00
-1.275000000000000000e+01
-9.023437500000000000e-01
-1.687500000000000000e+01
-7.148437500000000000e-01
1.664062500000000000e+00
-3.546875000000000000e+00
-3.765625000000000000e+00
-1.539062500000000000e+00
-1.168750000000000000e+01
1.750000000000000000e+01
-2.703125000000000000e+00
5.200000000000000000e+01
3.700000000000000000e+01
8.850000000000000000e+01
1.575000000000000000e+01
4.025000000000000000e+01
2.500000000000000000e+01
-3.203125000000000000e+00
-1.300000000000000000e+01
-2.578125000000000000e+00
-8.687500000000000000e+00
-4.687500000000000000e-01
2.587500000000000000e+01
1.368750000000000000e+01
-5.937500000000000000e-01
-1.231250000000000000e+01
2.078125000000000000e+00
1.418750000000000000e+01
-7.531250000000000000e+00
-9.437500000000000000e+00
-7.468750000000000000e+00
1.568750000000000000e+01
3.137500000000000000e+01
-1.468750000000000000e+01
2.762500000000000000e+01
-1.960937500000000000e+00
6.210937500000000000e-01
-1.018750000000000000e+01
7.250000000000000000e+01
3.300000000000000000e+01
2.737500000000000000e+01
7.156250000000000000e+00
1.328125000000000000e-01
7.550000000000000000e+01
-4.746093750000000000e-01
-4.031250000000000000e+00
2.500000000000000000e+01
-8.687500000000000000e+00
-1.418750000000000000e+01
2.912500000000000000e+01
9.562500000000000000e+00
-1.712500000000000000e+01
-5.875000000000000000e+00
4.400000000000000000e+01
2.562500000000000000e+01
-3.828125000000000000e+00
-1.181250000000000000e+01
3.100000000000000000e+01
2.100000000000000000e+01
1.820312500000000000e+00
4.275000000000000000e+01
-1.450000000000000000e+01
-8.349609375000000000e-02
-1.218750000000000000e+01
2.734375000000000000e+00
-1.787500000000000000e+01
5.250000000000000000e+00
6.500000000000000000e+00
1.281250000000000000e+01
9.492187500000000000e-01
-1.168750000000000000e+01
7.050000000000000000e+01
-3.296875000000000000e+00
9.150000000000000000e+01
2.100000000000000000e+01
-1.662500000000000000e+01
-2.140625000000000000e+00
2.387500000000000000e+01
1.750000000000000000e+01
2.837500000000000000e+01
-2.703125000000000000e+00
4.075000000000000000e+01
-1.650000000000000000e+01
-2.125000000000000000e+01
-5.125000000000000000e+00
1.600000000000000000e+01
-9.750000000000000000e+00
3.450000000000000000e+01
-1.506250000000000000e+01
5.300000000000000000e+01
-9.000000000000000000e+00
3.150000000000000000e+01
-2.062500000000000000e+01
4.300000000000000000e+01
-1.637500000000000000e+01
5.975000000000000000e+01
-3.312500000000000000e+00
-1.835937500000000000e+00
6.000000000000000000e+01
3.975000000000000000e+01
3.562500000000000000e+00
-5.312500000000000000e+00
2.837500000000000000e+01
-1.898437500000000000e+00
-2.112500000000000000e+01
2.612500000000000000e+01
3.750000000000000000e+01
-8.250000000000000000e+00
1.375000000000000000e+01
7.000000000000000000e+01
-1.131250000000000000e+01
1.900000000000000000e+01
-1.787500000000000000e+01
5.625000000000000000e+00
-5.250000000000000000e+00
-8.125000000000000000e-01
-1.987500000000000000e+01
2.937500000000000000e+01
-1.425000000000000000e+01
7.150000000000000000e+01
