8.450000000000000000e+01
-5.218750000000000000e+00
-1.350000000000000000e+01
2.337500000000000000e+01
-6.406250000000000000e+00
-1.100000000000000000e+01
9.562500000000000000e+00
1.737500000000000000e+01
-6.968750000000000000e+00
-4.062500000000000000e+00
1.300000000000000000e+01
4.781250000000000000e+00
3.484375000000000000e+00
2.953125000000000000e+00
2.087500000000000000e+01
1.250000000000000000e+01
-1.675000000000000000e+01
1.581250000000000000e+01
7.400000000000000000e+01
2.451171875000000000e-01
-8.562500000000000000e+00
-2.937500000000000000e+00
5.025000000000000000e+01
-3.421875000000000000e+00
1.862500000000000000e+01
1.662500000000000000e+01
4.425000000000000000e+01
-5.281250000000000000e+00
3.187500000000000000e+00
-1.318750000000000000e+01
4.125000000000000000e+01
-2.087500000000000000e+01
2.462500000000000000e+01
-1.500000000000000000e+01
-2.859375000000000000e+00
-5.031250000000000000e+00
-5.281250000000000000e+00
3.496093750000000000e-01
1.887500000000000000e+01
-8.937500000000000000e+00
-8.312500000000000000e+00
3.700000000000000000e+01
4.125000000000000000e+00
-9.937500000000000000e+00
-6.281250000000000000e+00
3.359375000000000000e+00
4.593750000000000000e+00
-9.687500000000000000e+00
-6.093750000000000000e+00
4.100000000000000000e+01
5.664062500000000000e-01
-2.625000000000000000e+00
-1.068750000000000000e+01
-9.562500000000000000e+00
2.662500000000000000e+01
5.600000000000000000e+01
-1.531250000000000000e+01
7.950000000000000000e+01
1.695312500000000000e+00
1.350000000000000000e+01
-3.609375000000000000e+00
1.476562500000000000e+00
2.765625000000000000e+00
2.362500000000000000e+01
6.250000000000000000e+00
-9.812500000000000000e+00
3.775000000000000000e+01
-9.000000000000000000e+00
-1.773437500000000000e+00
-1.987500000000000000e+01
-1.242187500000000000e+00
-6.250000000000000000e+00
8.281250000000000000e-01
-2.037500000000000000e+01
-1.093750000000000000e+01
-2.200000000000000000e+01
2.250000000000000000e+01
3.125000000000000000e+00
1.950000000000000000e+01
3.390625000000000000e+00
4.375000000000000000e+00
1.737500000000000000e+01
-7.968750000000000000e+00
-2.453125000000000000e+00
-1.750000000000000000e+01
-7.656250000000000000e+00
5.875000000000000000e+01
3.325000000000000000e+01
1.418750000000000000e+01
-3.921875000000000000e+00
-1.976562500000000000e+00
-5.625000000000000000e+00
-1.812500000000000000e+01
2.093750000000000000e+00
-1.662500000000000000e+01
-1.062500000000000000e+01
8.750000000000000000e+01
2.000000000000000000e+01
-7.000000000000000000e+00
-1.718750000000000000e+00
5.200000000000000000e+01
-3.937500000000000000e+00
-9.375000000000000000e+00
2.296875000000000000e+00
4.600000000000000000e+01
2.437500000000000000e+01
-4.218750000000000000e+00
1.328125000000000000e-01
-2.812500000000000000e+00
-1.015625000000000000e+00
3.900000000000000000e+01
-1.268750000000000000e+01
-5.218750000000000000e+00
-3.203125000000000000e+00
-3.750000000000000000e+00
1.800000000000000000e+01
-3.925000000000000000e+01
-7.843750000000000000e+00
-4.093750000000000000e+00
-3.937500000000000000e+00
-1.200000000000000000e+01
-2.890625000000000000e+00
-1.250000000000000000e+01
1.281250000000000000e+01
-3.546875000000000000e+00
2.312500000000000000e+01
1.175000000000000000e+01
5.125000000000000000e+01
2.362500000000000000e+01
-3.578125000000000000e+00
-4.781250000000000000e+00
-2.162500000000000000e+01
9.250000000000000000e+00
-1.006250000000000000e+01
7.150000000000000000e+01
-4.406250000000000000e+00
-2.171875000000000000e+00
3.675000000000000000e+01
1.181250000000000000e+01
-1.218750000000000000e+01
2.296875000000000000e+00
-1.037500000000000000e+01
2.337500000000000000e+01
1.000000000000000000e+01
1.925000000000000000e+01
-7.906250000000000000e+00
5.825000000000000000e+01
-1.431250000000000000e+01
2.687500000000000000e+01
2.062500000000000000e+01
8.200000000000000000e+01
-9.687500000000000000e+00
-6.843750000000000000e+00
8.000000000000000000e+00
-5.343750000000000000e+00
5.475000000000000000e+01
-1.106250000000000000e+01
-1.898437500000000000e+00
-5.343750000000000000e+00
-1.068750000000000000e+01
8.867187500000000000e-01
2.400000000000000000e+01
1.381250000000000000e+01
4.775000000000000000e+01
6.132812500000000000e-01
4.175000000000000000e+01
-3.375000000000000000e+00
2.328125000000000000e+00
1.023437500000000000e+00
-1.168750000000000000e+01
3.328125000000000000e+00
1.710937500000000000e+00
2.537500000000000000e+01
3.050000000000000000e+01
-5.718750000000000000e+00
2.500000000000000000e+01
3.062500000000000000e+00
9.312500000000000000e+00
-6.500000000000000000e+00
2.112500000000000000e+01
4.525000000000000000e+01
2.837500000000000000e+01
-1.400000000000000000e+01
-2.296875000000000000e+00
-1.650000000000000000e+01
4.925000000000000000e+01
7.156250000000000000e+00
2.109375000000000000e+00
-8.937500000000000000e+00
4.500000000000000000e+00
1.862500000000000000e+01
-5.250000000000000000e+00
3.300000000000000000e+01
2.362500000000000000e+01
1.068750000000000000e+01
6.400000000000000000e+01
-6.054687500000000000e-01
7.450000000000000000e+01
-4.343750000000000000e+00
-2.187500000000000000e+00
1.937500000000000000e+00
5.775000000000000000e+01
-3.625000000000000000e+00
-1.431250000000000000e+01
1.617187500000000000e+00
4.425000000000000000e+01
-2.212500000000000000e+01
-8.187500000000000000e+00
2.187500000000000000e+01
3.050000000000000000e+01
-8.062500000000000000e+00
3.187500000000000000e+01
-5.843750000000000000e+00
2.875000000000000000e+00
-8.562500000000000000e+00
4.525000000000000000e+01
5.075000000000000000e+01
1.400000000000000000e+01
-3.525000000000000000e+01
7.550000000000000000e+01
-9.492187500000000000e-01
2.031250000000000000e+00
5.750000000000000000e+00
-1.031250000000000000e+00
5.600000000000000000e+01
-9.500000000000000000e+00
5.468750000000000000e-02
-4.406250000000000000e+00
3.750000000000000000e+01
-4.000000000000000000e+00
-6.656250000000000000e+00
7.150000000000000000e+01
6.950000000000000000e+01
-2.453125000000000000e+00
-1.335937500000000000e+00
-3.640625000000000000e+00
-1.525000000000000000e+01
8.312500000000000000e+00
-1.131250000000000000e+01
-2.984375000000000000e+00
1.250000000000000000e+01
-3.457031250000000000e-01
-3.925000000000000000e+01
-5.750000000000000000e+00
-1.937500000000000000e+00
2.294921875000000000e-01
1.710937500000000000e+00
-3.546875000000000000e+00
4.746093750000000000e-01
-4.625000000000000000e+00
7.250000000000000000e+01
-1.056250000000000000e+01
7.150000000000000000e+01
-4.250000000000000000e+00
1.381250000000000000e+01
-4.593750000000000000e+00
-1.281250000000000000e+01
-1.712500000000000000e+01
-1.150000000000000000e+01
-1.737500000000000000e+01
-2.112500000000000000e+01
-9.250000000000000000e+00
-4.250000000000000000e+00
-8.187500000000000000e+00
-9.750000000000000000e+00
-1.437500000000000000e+00
-1.518750000000000000e+01
5.468750000000000000e-01
2.750000000000000000e+00
-3.015625000000000000e+00
-1.656250000000000000e+00
-8.867187500000000000e-01
-1.062500000000000000e+01
1.506250000000000000e+01
-1.781250000000000000e+00
4.225000000000000000e+01
3.100000000000000000e+01
7.200000000000000000e+01
1.343750000000000000e+01
3.325000000000000000e+01
2.112500000000000000e+01
-2.593750000000000000e+00
-8.812500000000000000e+00
-2.109375000000000000e+00
-5.343750000000000000e+00
2.714843750000000000e-01
2.100000000000000000e+01
1.100000000000000000e+01
-7.500000000000000000e-01
-1.118750000000000000e+01
1.914062500000000000e+00
1.175000000000000000e+01
-6.000000000000000000e+00
-5.906250000000000000e+00
-6.593750000000000000e+00
1.381250000000000000e+01
2.562500000000000000e+01
-1.118750000000000000e+01
2.337500000000000000e+01
-5.507812500000000000e-01
3.046875000000000000e-01
-8.812500000000000000e+00
6.000000000000000000e+01
2.762500000000000000e+01
2.262500000000000000e+01
6.343750000000000000e+00
1.298828125000000000e-01
6.075000000000000000e+01
-9.062500000000000000e-01
-1.523437500000000000e+00
2.062500000000000000e+01
-6.250000000000000000e+00
-1.025000000000000000e+01
2.437500000000000000e+01
8.187500000000000000e+00
-1.518750000000000000e+01
-5.343750000000000000e+00
3.650000000000000000e+01
2.112500000000000000e+01
-3.625000000000000000e+00
-1.075000000000000000e+01
2.537500000000000000e+01
1.762500000000000000e+01
1.375000000000000000e+00
3.425000000000000000e+01
-1.318750000000000000e+01
6.210937500000000000e-01
-8.937500000000000000e+00
2.109375000000000000e+00
-1.568750000000000000e+01
4.750000000000000000e+00
6.250000000000000000e+00
1.043750000000000000e+01
6.757812500000000000e-01
-1.062500000000000000e+01
5.600000000000000000e+01
-1.882812500000000000e+00
7.400000000000000000e+01
1.812500000000000000e+01
-1.281250000000000000e+01
-1.914062500000000000e+00
1.937500000000000000e+01
1.531250000000000000e+01
2.362500000000000000e+01
-2.593750000000000000e+00
3.400000000000000000e+01
-1.331250000000000000e+01
-1.887500000000000000e+01
-4.687500000000000000e+00
1.325000000000000000e+01
-8.250000000000000000e+00
2.837500000000000000e+01
-1.281250000000000000e+01
4.375000000000000000e+01
-7.750000000000000000e+00
2.637500000000000000e+01
-1.837500000000000000e+01
3.475000000000000000e+01
-1.306250000000000000e+01
4.700000000000000000e+01
-3.046875000000000000e+00
-5.468750000000000000e-01
4.800000000000000000e+01
3.275000000000000000e+01
3.203125000000000000e+00
-3.687500000000000000e+00
2.287500000000000000e+01
-1.742187500000000000e+00
-1.837500000000000000e+01
2.187500000000000000e+01
3.100000000000000000e+01
-7.000000000000000000e+00
1.150000000000000000e+01
5.725000000000000000e+01
-9.937500000000000000e+00
1.581250000000000000e+01
-1.381250000000000000e+01
5.093750000000000000e+00
-4.406250000000000000e+00
-4.316406250000000000e-01
-1.725000000000000000e+01
2.462500000000000000e+01
-1.206250000000000000e+01
5.800000000000000000e+01
