-2.832031250000000000e-01
-5.000000000000000000e-01
-1.812500000000000000e+00
1.500000000000000000e+00
-6.982421875000000000e-02
2.484375000000000000e+00
1.976562500000000000e+00
1.226562500000000000e+00
-1.187500000000000000e+00
-1.195312500000000000e+00
1.757812500000000000e+00
1.343750000000000000e+00
2.015625000000000000e+00
6.523437500000000000e-01
1.531250000000000000e+00
1.117187500000000000e+00
-4.902343750000000000e-01
1.187500000000000000e+00
8.632812500000000000e-01
-2.140625000000000000e+00
-7.080078125000000000e-02
3.625000000000000000e+00
-4.843750000000000000e+00
-9.882812500000000000e-01
1.273437500000000000e+00
6.210937500000000000e-01
-2.750000000000000000e+00
-4.746093750000000000e-01
-7.187500000000000000e-01
-1.054687500000000000e+00
1.867187500000000000e+00
2.812500000000000000e+00
1.539062500000000000e+00
-5.312500000000000000e-01
3.496093750000000000e-01
-1.625000000000000000e+00
2.171875000000000000e+00
-1.460937500000000000e+00
5.585937500000000000e-01
-2.562500000000000000e+00
7.177734375000000000e-02
2.328125000000000000e+00
5.351562500000000000e-01
-6.523437500000000000e-01
-8.554687500000000000e-01
2.156250000000000000e+00
1.562500000000000000e+00
-1.085937500000000000e+00
1.851562500000000000e+00
1.382812500000000000e+00
-1.414062500000000000e+00
-1.335937500000000000e+00
2.812500000000000000e+00
-1.109375000000000000e+00
1.304687500000000000e+00
9.335937500000000000e-01
-1.851562500000000000e+00
-2.640625000000000000e+00
-2.578125000000000000e-01
1.054687500000000000e+00
-1.976562500000000000e+00
1.476562500000000000e+00
-1.117187500000000000e+00
2.562500000000000000e+00
1.882812500000000000e+00
-4.746093750000000000e-01
1.437500000000000000e+00
-7.695312500000000000e-01
-1.179687500000000000e+00
1.585937500000000000e+00
-1.742187500000000000e+00
2.750000000000000000e+00
-8.085937500000000000e-01
-1.632812500000000000e+00
3.375000000000000000e+00
1.648437500000000000e+00
2.484375000000000000e+00
1.960937500000000000e+00
2.046875000000000000e+00
-5.859375000000000000e-03
3.203125000000000000e+00
1.429687500000000000e+00
-1.882812500000000000e+00
-1.289062500000000000e+00
-2.875000000000000000e+00
2.593750000000000000e+00
1.046875000000000000e+00
1.750000000000000000e+00
1.351562500000000000e+00
-1.460937500000000000e+00
-1.773437500000000000e+00
2.265625000000000000e-01
-2.515625000000000000e+00
-9.570312500000000000e-01
1.960937500000000000e+00
-5.507812500000000000e-01
1.687500000000000000e+00
1.304687500000000000e+00
9.375000000000000000e-01
1.570312500000000000e+00
1.468750000000000000e+00
-1.375000000000000000e+00
-1.039062500000000000e+00
2.140625000000000000e+00
2.125000000000000000e+00
2.015625000000000000e+00
-2.294921875000000000e-01
2.625000000000000000e+00
-1.023437500000000000e+00
-1.460937500000000000e+00
2.437500000000000000e+00
7.617187500000000000e-01
1.812500000000000000e+00
-2.406250000000000000e+00
-6.679687500000000000e-01
2.328125000000000000e+00
2.515625000000000000e+00
-1.773437500000000000e+00
-1.351562500000000000e+00
-3.613281250000000000e-01
-8.945312500000000000e-01
-7.929687500000000000e-01
-5.742187500000000000e-01
2.078125000000000000e+00
1.960937500000000000e+00
1.132812500000000000e+00
2.109375000000000000e+00
2.296875000000000000e+00
1.726562500000000000e+00
1.312500000000000000e+00
2.734375000000000000e+00
9.804687500000000000e-01
1.281250000000000000e+00
-1.023437500000000000e+00
-3.125000000000000000e+00
-8.164062500000000000e-01
-1.343750000000000000e+00
1.500000000000000000e+00
1.914062500000000000e+00
-1.445312500000000000e+00
-1.195312500000000000e+00
3.109375000000000000e+00
2.546875000000000000e+00
1.375000000000000000e+00
2.125000000000000000e+00
-1.230468750000000000e-01
8.007812500000000000e-01
-1.445312500000000000e+00
1.781250000000000000e+00
2.265625000000000000e+00
-3.906250000000000000e-01
-4.296875000000000000e-02
-1.085937500000000000e+00
9.570312500000000000e-01
-1.054687500000000000e+00
-2.609375000000000000e+00
-5.742187500000000000e-01
-1.460937500000000000e+00
8.320312500000000000e-01
-3.066406250000000000e-01
-1.601562500000000000e+00
-2.265625000000000000e+00
8.554687500000000000e-01
-3.328125000000000000e+00
-1.335937500000000000e+00
2.109375000000000000e+00
-1.156250000000000000e+00
-5.468750000000000000e-01
2.984375000000000000e+00
-1.179687500000000000e+00
1.414062500000000000e+00
-1.929687500000000000e+00
2.578125000000000000e+00
1.710937500000000000e+00
-4.824218750000000000e-01
1.789062500000000000e+00
-1.054687500000000000e+00
2.750000000000000000e+00
3.375000000000000000e+00
1.781250000000000000e+00
-1.215820312500000000e-01
1.960937500000000000e+00
-5.429687500000000000e-01
-1.867187500000000000e+00
3.613281250000000000e-01
2.468750000000000000e+00
1.656250000000000000e+00
1.015625000000000000e+00
-6.445312500000000000e-01
1.164062500000000000e+00
2.140625000000000000e+00
-1.312500000000000000e+00
1.335937500000000000e+00
2.296875000000000000e+00
1.351562500000000000e+00
-9.726562500000000000e-01
7.031250000000000000e-01
-1.125000000000000000e+00
-1.226562500000000000e+00
-1.000000000000000000e+00
1.031250000000000000e+00
-9.257812500000000000e-01
1.962890625000000000e-01
4.785156250000000000e-01
3.046875000000000000e-01
1.382812500000000000e+00
-1.203125000000000000e+00
-1.273437500000000000e+00
1.429687500000000000e+00
1.007812500000000000e+00
-8.281250000000000000e-01
1.320312500000000000e+00
-5.976562500000000000e-01
2.296875000000000000e+00
5.429687500000000000e-01
2.343750000000000000e+00
-1.923828125000000000e-01
2.062500000000000000e+00
1.742187500000000000e+00
-1.289062500000000000e+00
-1.273437500000000000e+00
2.558593750000000000e-01
8.710937500000000000e-01
-5.898437500000000000e-01
-3.296875000000000000e+00
-1.304687500000000000e+00
-1.914062500000000000e+00
-1.835937500000000000e+00
-1.351562500000000000e+00
3.000000000000000000e+00
-9.687500000000000000e-01
4.160156250000000000e-01
-1.748046875000000000e-01
5.585937500000000000e-01
-7.695312500000000000e-01
-9.492187500000000000e-01
6.884765625000000000e-02
2.187500000000000000e+00
-1.851562500000000000e+00
-5.195312500000000000e-01
2.109375000000000000e+00
1.351562500000000000e+00
2.140625000000000000e+00
1.156250000000000000e+00
-9.648437500000000000e-01
-1.851562500000000000e+00
-1.195312500000000000e+00
-2.014160156250000000e-02
-1.750000000000000000e+00
-1.210937500000000000e+00
-2.609375000000000000e+00
-9.687500000000000000e-01
1.132812500000000000e+00
-8.164062500000000000e-01
1.750000000000000000e+00
2.328125000000000000e+00
-1.414062500000000000e+00
-1.226562500000000000e+00
-1.328125000000000000e-01
2.373046875000000000e-01
-7.304687500000000000e-01
-2.375000000000000000e+00
-8.906250000000000000e-01
-2.373046875000000000e-01
1.125000000000000000e+00
1.242187500000000000e+00
-6.367187500000000000e-01
-2.015625000000000000e+00
-1.304687500000000000e+00
-1.101562500000000000e+00
-2.109375000000000000e+00
-1.093750000000000000e+00
-4.375000000000000000e-01
1.179687500000000000e+00
-1.398437500000000000e+00
-2.296875000000000000e+00
1.664062500000000000e+00
-1.023437500000000000e+00
1.882812500000000000e+00
1.843750000000000000e+00
8.085937500000000000e-01
-1.109375000000000000e+00
-1.648437500000000000e+00
-7.382812500000000000e-01
-9.179687500000000000e-01
-7.929687500000000000e-01
6.562500000000000000e-01
1.585937500000000000e+00
-1.437500000000000000e+00
-6.523437500000000000e-01
1.414062500000000000e+00
1.882812500000000000e+00
-3.562500000000000000e+00
5.781250000000000000e-01
-3.339843750000000000e-01
1.773437500000000000e+00
1.343750000000000000e+00
4.907226562500000000e-02
1.070312500000000000e+00
3.750000000000000000e-01
2.109375000000000000e+00
1.343750000000000000e+00
1.812500000000000000e+00
2.203125000000000000e+00
8.710937500000000000e-01
3.437500000000000000e+00
-1.476562500000000000e+00
2.949218750000000000e-01
1.625000000000000000e+00
-1.226562500000000000e+00
9.570312500000000000e-01
-1.070312500000000000e+00
9.257812500000000000e-01
1.625000000000000000e+00
1.632812500000000000e+00
-1.039062500000000000e+00
-6.015625000000000000e-01
1.414062500000000000e+00
1.468750000000000000e+00
-1.117187500000000000e+00
-6.914062500000000000e-01
1.289062500000000000e+00
2.296875000000000000e+00
2.062500000000000000e+00
-3.734375000000000000e+00
-6.445312500000000000e-01
-1.039062500000000000e+00
2.792968750000000000e-01
1.562500000000000000e+00
-1.179687500000000000e+00
8.085937500000000000e-01
1.187500000000000000e+00
2.640625000000000000e+00
2.828125000000000000e+00
-2.421875000000000000e+00
-3.187500000000000000e+00
-6.396484375000000000e-02
-2.000000000000000000e+00
-2.484375000000000000e+00
-8.750000000000000000e-01
-1.242187500000000000e+00
2.375000000000000000e+00
-4.472656250000000000e-01
8.242187500000000000e-01
-1.289062500000000000e+00
2.421875000000000000e+00
2.597656250000000000e-01
4.625000000000000000e+00
-1.101562500000000000e+00
-2.750000000000000000e+00
-2.226562500000000000e-01
9.960937500000000000e-01
5.200195312500000000e-02
1.328125000000000000e+00
-4.003906250000000000e-01
-2.234375000000000000e+00
2.921875000000000000e+00
-2.046875000000000000e+00
-2.753906250000000000e-01
-4.531250000000000000e+00
-2.656250000000000000e-01
-2.640625000000000000e+00
-3.484375000000000000e+00
1.648437500000000000e+00
1.679687500000000000e+00
-1.132812500000000000e+00
1.117187500000000000e+00
-9.531250000000000000e-01
-2.390625000000000000e+00
1.960937500000000000e+00
1.437500000000000000e+00
-4.746093750000000000e-01
1.937500000000000000e+00
2.328125000000000000e+00
9.960937500000000000e-02
1.695312500000000000e+00
-1.382812500000000000e+00
1.062500000000000000e+00
5.585937500000000000e-01
-1.500000000000000000e+00
-8.554687500000000000e-01
1.726562500000000000e+00
8.867187500000000000e-01
-6.250000000000000000e-01
