-1.039062500000000000e+00
3.808593750000000000e-01
-1.882812500000000000e+00
1.117187500000000000e+00
-9.062500000000000000e-01
6.914062500000000000e-01
8.750000000000000000e-01
7.539062500000000000e-01
-1.070312500000000000e+00
-1.773437500000000000e+00
1.078125000000000000e+00
1.234375000000000000e+00
1.914062500000000000e+00
3.535156250000000000e-01
9.062500000000000000e-01
3.105468750000000000e-01
-6.875000000000000000e-01
8.125000000000000000e-01
1.796875000000000000e-01
-6.210937500000000000e-01
-4.980468750000000000e-01
2.437500000000000000e+00
-6.125000000000000000e+00
-4.980468750000000000e-01
9.335937500000000000e-01
4.902343750000000000e-01
-4.343750000000000000e+00
-1.601562500000000000e+00
3.750000000000000000e-01
-1.500000000000000000e+00
1.328125000000000000e+00
1.195312500000000000e+00
1.281250000000000000e+00
-7.656250000000000000e-01
-5.195312500000000000e-01
-1.843750000000000000e+00
6.210937500000000000e-01
-2.597656250000000000e-01
-2.539062500000000000e-02
-3.906250000000000000e-01
-9.726562500000000000e-01
1.773437500000000000e+00
1.335937500000000000e+00
-3.574218750000000000e-01
-2.515625000000000000e+00
1.000000000000000000e+00
1.039062500000000000e+00
4.941406250000000000e-01
9.218750000000000000e-01
6.445312500000000000e-01
-2.209472656250000000e-02
-1.789062500000000000e+00
1.445312500000000000e+00
-8.867187500000000000e-01
1.164062500000000000e+00
1.147460937500000000e-01
3.671875000000000000e-01
-2.921875000000000000e+00
4.531250000000000000e-01
7.929687500000000000e-01
-4.277343750000000000e-01
8.750000000000000000e-01
1.289062500000000000e-01
1.898437500000000000e+00
1.945312500000000000e+00
8.056640625000000000e-02
1.078125000000000000e+00
1.787109375000000000e-01
6.562500000000000000e-01
7.695312500000000000e-01
-1.875000000000000000e+00
1.046875000000000000e+00
4.218750000000000000e-01
-1.351562500000000000e+00
2.265625000000000000e+00
1.835937500000000000e-01
2.062500000000000000e+00
1.171875000000000000e+00
1.757812500000000000e+00
8.447265625000000000e-02
2.453125000000000000e+00
5.976562500000000000e-01
-7.968750000000000000e-01
-8.007812500000000000e-01
-1.851562500000000000e+00
9.687500000000000000e-01
-7.148437500000000000e-01
1.093750000000000000e+00
4.941406250000000000e-01
-3.125000000000000000e+00
-2.216796875000000000e-01
1.539062500000000000e+00
-1.007812500000000000e+00
3.144531250000000000e-01
8.125000000000000000e-01
-1.375000000000000000e+00
3.261718750000000000e-01
9.492187500000000000e-01
-1.968750000000000000e+00
1.062500000000000000e+00
4.160156250000000000e-01
-2.515625000000000000e+00
-1.375000000000000000e+00
1.757812500000000000e+00
1.234375000000000000e+00
1.664062500000000000e+00
-2.041015625000000000e-01
1.632812500000000000e+00
-1.492187500000000000e+00
1.679687500000000000e-01
1.718750000000000000e+00
-1.140625000000000000e+00
1.281250000000000000e+00
1.494140625000000000e-01
-1.085937500000000000e+00
2.000000000000000000e+00
1.562500000000000000e+00
-5.742187500000000000e-01
-1.914062500000000000e+00
-5.507812500000000000e-01
-1.070312500000000000e+00
-2.078125000000000000e+00
-3.457031250000000000e-01
1.000000000000000000e+00
1.187500000000000000e+00
2.636718750000000000e-01
1.710937500000000000e+00
1.500000000000000000e+00
1.289062500000000000e+00
9.101562500000000000e-01
1.601562500000000000e+00
1.218750000000000000e+00
6.757812500000000000e-01
-1.164062500000000000e+00
-1.695312500000000000e+00
7.666015625000000000e-02
7.617187500000000000e-02
6.132812500000000000e-01
1.718750000000000000e+00
-1.242187500000000000e+00
-5.742187500000000000e-01
1.906250000000000000e+00
1.593750000000000000e+00
3.593750000000000000e-01
1.460937500000000000e+00
-1.281250000000000000e+00
1.300048828125000000e-02
-7.187500000000000000e-01
1.007812500000000000e+00
1.320312500000000000e+00
-2.431640625000000000e-01
-8.320312500000000000e-01
-1.257812500000000000e+00
-5.273437500000000000e-01
-1.750000000000000000e+00
-2.593750000000000000e+00
-4.941406250000000000e-01
-4.375000000000000000e-01
-7.958984375000000000e-02
-1.109375000000000000e+00
-1.611328125000000000e-01
-6.562500000000000000e-01
6.875000000000000000e-01
-2.812500000000000000e+00
1.875000000000000000e-01
1.460937500000000000e+00
-1.507812500000000000e+00
-1.069335937500000000e-01
1.914062500000000000e+00
-1.242187500000000000e+00
1.023437500000000000e+00
-7.929687500000000000e-01
2.015625000000000000e+00
1.210937500000000000e+00
-1.250000000000000000e-01
1.695312500000000000e+00
-7.226562500000000000e-02
1.960937500000000000e+00
7.382812500000000000e-01
1.093750000000000000e+00
-1.101562500000000000e+00
1.375000000000000000e+00
3.300781250000000000e-01
6.195068359375000000e-03
1.054687500000000000e+00
1.562500000000000000e+00
1.179687500000000000e+00
6.445312500000000000e-01
-6.328125000000000000e-01
6.523437500000000000e-01
1.367187500000000000e+00
-6.484375000000000000e-01
1.109375000000000000e+00
1.914062500000000000e+00
9.414062500000000000e-01
-1.710937500000000000e+00
-4.272460937500000000e-02
-2.656250000000000000e+00
-1.460937500000000000e+00
-1.046875000000000000e+00
5.625000000000000000e-01
-7.695312500000000000e-01
-2.929687500000000000e-01
-7.695312500000000000e-01
2.746582031250000000e-02
1.007812500000000000e+00
7.929687500000000000e-01
-1.585937500000000000e+00
1.023437500000000000e+00
7.695312500000000000e-01
-1.273437500000000000e+00
9.335937500000000000e-01
-1.843750000000000000e+00
1.132812500000000000e+00
-1.101562500000000000e+00
1.632812500000000000e+00
1.572265625000000000e-01
1.187500000000000000e+00
-1.074218750000000000e-01
-2.703125000000000000e+00
-1.101562500000000000e+00
-1.304626464843750000e-03
6.601562500000000000e-01
7.812500000000000000e-02
-3.859375000000000000e+00
-1.554687500000000000e+00
-1.572265625000000000e-01
-2.515625000000000000e+00
-1.906250000000000000e+00
1.148437500000000000e+00
-8.750000000000000000e-01
1.953125000000000000e-01
-9.218750000000000000e-01
-2.001953125000000000e-01
-1.611328125000000000e-01
-2.046875000000000000e+00
-1.796875000000000000e-01
1.039062500000000000e+00
-1.718750000000000000e+00
-1.835937500000000000e+00
1.867187500000000000e+00
1.156250000000000000e+00
9.804687500000000000e-01
-6.406250000000000000e-01
2.978515625000000000e-02
-7.304687500000000000e-01
-7.500000000000000000e-01
-1.015625000000000000e+00
-5.000000000000000000e-01
-2.109375000000000000e+00
-4.500000000000000000e+00
-1.375000000000000000e+00
-7.031250000000000000e-01
-1.625000000000000000e+00
1.460937500000000000e+00
8.398437500000000000e-01
-1.625000000000000000e+00
-1.406250000000000000e+00
-5.429687500000000000e-01
-7.851562500000000000e-01
-9.804687500000000000e-01
6.562500000000000000e-01
-1.375000000000000000e+00
-5.742187500000000000e-01
1.000000000000000000e+00
2.158203125000000000e-01
-8.476562500000000000e-01
-4.824218750000000000e-01
2.832031250000000000e-01
-1.882812500000000000e+00
-1.585937500000000000e+00
-6.562500000000000000e-01
-1.015625000000000000e+00
9.492187500000000000e-01
-2.138671875000000000e-01
-1.976562500000000000e+00
1.367187500000000000e+00
-1.632812500000000000e+00
1.164062500000000000e+00
6.210937500000000000e-01
6.093750000000000000e-01
-1.875000000000000000e+00
1.445312500000000000e+00
-9.804687500000000000e-01
1.070312500000000000e+00
-4.863281250000000000e-01
3.613281250000000000e-01
9.375000000000000000e-01
-5.937500000000000000e-01
-1.093750000000000000e+00
1.382812500000000000e+00
1.070312500000000000e+00
-9.492187500000000000e-01
9.687500000000000000e-01
-1.476562500000000000e+00
1.812500000000000000e+00
8.398437500000000000e-01
3.242187500000000000e-01
1.265625000000000000e+00
1.992187500000000000e-01
1.304687500000000000e+00
1.156250000000000000e+00
7.812500000000000000e-01
1.773437500000000000e+00
5.195312500000000000e-01
1.812500000000000000e+00
-1.312500000000000000e+00
-1.031250000000000000e+00
9.335937500000000000e-01
2.988281250000000000e-01
5.468750000000000000e-01
-1.289062500000000000e-01
1.156250000000000000e+00
1.148437500000000000e+00
8.242187500000000000e-01
-1.257812500000000000e+00
-2.140625000000000000e+00
6.875000000000000000e-01
6.015625000000000000e-01
-1.601562500000000000e+00
-1.960937500000000000e+00
7.695312500000000000e-01
1.492187500000000000e+00
1.445312500000000000e+00
-3.687500000000000000e+00
-1.101562500000000000e+00
-4.082031250000000000e-01
5.664062500000000000e-01
8.867187500000000000e-01
-1.445312500000000000e+00
6.210937500000000000e-01
1.468750000000000000e+00
1.437500000000000000e+00
1.773437500000000000e+00
-2.000000000000000000e+00
-4.843750000000000000e+00
-7.617187500000000000e-02
-2.421875000000000000e+00
-9.414062500000000000e-01
5.664062500000000000e-01
-1.937500000000000000e+00
1.351562500000000000e+00
1.351562500000000000e+00
7.382812500000000000e-01
-1.265625000000000000e+00
1.875000000000000000e+00
-2.070312500000000000e-01
2.625000000000000000e+00
-1.750000000000000000e+00
-7.070312500000000000e-01
-1.812500000000000000e+00
5.507812500000000000e-01
1.010742187500000000e-01
6.679687500000000000e-01
-9.423828125000000000e-02
-9.375000000000000000e-01
1.414062500000000000e+00
-2.390625000000000000e+00
-4.218750000000000000e-01
-5.468750000000000000e+00
-6.992187500000000000e-01
-5.078125000000000000e-01
-4.343750000000000000e+00
9.062500000000000000e-01
1.242187500000000000e+00
7.958984375000000000e-02
5.468750000000000000e-02
-1.539062500000000000e+00
-2.000000000000000000e+00
1.523437500000000000e+00
5.000000000000000000e-01
-1.460937500000000000e+00
1.335937500000000000e+00
1.195312500000000000e+00
-2.087402343750000000e-02
8.437500000000000000e-01
-8.154296875000000000e-02
7.500000000000000000e-01
-6.562500000000000000e-01
-6.171875000000000000e-01
-1.226562500000000000e+00
1.070312500000000000e+00
1.367187500000000000e+00
-9.062500000000000000e-01
