2.350000000000000000e+01
-9.179687500000000000e-01
-6.218750000000000000e+00
8.000000000000000000e+00
-2.078125000000000000e+00
-4.156250000000000000e+00
3.812500000000000000e+00
5.593750000000000000e+00
-2.984375000000000000e+00
-2.250000000000000000e+00
5.187500000000000000e+00
3.234375000000000000e+00
3.171875000000000000e+00
1.351562500000000000e+00
7.093750000000000000e+00
4.281250000000000000e+00
-6.500000000000000000e+00
5.843750000000000000e+00
2.137500000000000000e+01
3.105468750000000000e-01
-2.750000000000000000e+00
-7.031250000000000000e-02
8.687500000000000000e+00
-1.460937500000000000e+00
6.875000000000000000e+00
5.281250000000000000e+00
8.062500000000000000e+00
-1.101562500000000000e+00
2.703125000000000000e+00
-5.406250000000000000e+00
1.325000000000000000e+01
-7.875000000000000000e+00
9.062500000000000000e+00
-5.656250000000000000e+00
-2.750000000000000000e+00
-1.789062500000000000e+00
-2.546875000000000000e+00
4.785156250000000000e-01
5.500000000000000000e+00
-2.125000000000000000e+00
-1.625000000000000000e+00
1.268750000000000000e+01
4.093750000000000000e+00
-3.437500000000000000e+00
-2.859375000000000000e+00
1.718750000000000000e+00
2.453125000000000000e+00
-8.945312500000000000e-01
-1.687500000000000000e+00
1.218750000000000000e+01
1.335937500000000000e+00
-2.109375000000000000e+00
-3.453125000000000000e+00
-4.406250000000000000e+00
9.750000000000000000e+00
1.581250000000000000e+01
-3.250000000000000000e+00
2.000000000000000000e+01
2.546875000000000000e+00
4.906250000000000000e+00
-7.070312500000000000e-01
1.687500000000000000e+00
2.203125000000000000e+00
9.312500000000000000e+00
3.953125000000000000e+00
-1.789062500000000000e+00
1.181250000000000000e+01
-2.703125000000000000e+00
2.296875000000000000e+00
-4.375000000000000000e+00
-1.937500000000000000e+00
-6.689453125000000000e-02
1.750000000000000000e+00
-7.750000000000000000e+00
-1.945312500000000000e+00
-1.018750000000000000e+01
8.937500000000000000e+00
1.781250000000000000e+00
7.906250000000000000e+00
2.875000000000000000e+00
3.078125000000000000e+00
5.843750000000000000e+00
-2.750000000000000000e+00
-6.210937500000000000e-01
-7.281250000000000000e+00
-2.328125000000000000e+00
1.600000000000000000e+01
1.056250000000000000e+01
4.406250000000000000e+00
-2.562500000000000000e+00
-6.396484375000000000e-02
2.046875000000000000e+00
-7.656250000000000000e+00
2.046875000000000000e+00
-6.093750000000000000e+00
-5.125000000000000000e+00
2.562500000000000000e+01
6.750000000000000000e+00
-3.765625000000000000e+00
2.988281250000000000e-01
1.518750000000000000e+01
-1.625000000000000000e+00
-4.593750000000000000e+00
1.875000000000000000e+00
1.400000000000000000e+01
9.312500000000000000e+00
-2.390625000000000000e+00
7.460937500000000000e-01
-1.101562500000000000e+00
1.875000000000000000e-01
1.300000000000000000e+01
-5.375000000000000000e+00
-1.351562500000000000e+00
-6.445312500000000000e-01
-1.750000000000000000e+00
8.000000000000000000e+00
-1.200000000000000000e+01
-3.984375000000000000e+00
-1.257812500000000000e+00
-2.421875000000000000e+00
-6.406250000000000000e+00
-1.960937500000000000e+00
-4.000000000000000000e+00
4.875000000000000000e+00
6.250000000000000000e-02
6.500000000000000000e+00
5.343750000000000000e+00
1.581250000000000000e+01
8.312500000000000000e+00
3.964843750000000000e-01
-1.406250000000000000e+00
-5.875000000000000000e+00
4.031250000000000000e+00
-4.406250000000000000e+00
1.875000000000000000e+01
-9.375000000000000000e-01
2.343750000000000000e-01
1.081250000000000000e+01
5.750000000000000000e+00
-6.218750000000000000e+00
1.289062500000000000e+00
-3.328125000000000000e+00
8.312500000000000000e+00
3.421875000000000000e+00
7.406250000000000000e+00
-3.328125000000000000e+00
1.700000000000000000e+01
-4.718750000000000000e+00
9.000000000000000000e+00
7.406250000000000000e+00
2.387500000000000000e+01
-2.812500000000000000e+00
-3.453125000000000000e+00
1.164062500000000000e+00
-1.179687500000000000e+00
1.400000000000000000e+01
-3.953125000000000000e+00
-5.156250000000000000e-01
-1.601562500000000000e+00
-5.125000000000000000e+00
1.375000000000000000e+00
7.000000000000000000e+00
5.343750000000000000e+00
1.068750000000000000e+01
1.492187500000000000e+00
1.350000000000000000e+01
-2.250000000000000000e+00
2.015625000000000000e+00
1.226562500000000000e+00
-5.625000000000000000e+00
2.171875000000000000e+00
8.125000000000000000e-01
9.750000000000000000e+00
1.025000000000000000e+01
-1.298828125000000000e-01
9.250000000000000000e+00
2.562500000000000000e+00
4.375000000000000000e+00
-2.937500000000000000e+00
7.250000000000000000e+00
1.231250000000000000e+01
9.625000000000000000e+00
-2.265625000000000000e+00
2.382812500000000000e-01
-2.687500000000000000e+00
1.575000000000000000e+01
3.421875000000000000e+00
1.656250000000000000e+00
-3.296875000000000000e+00
2.390625000000000000e+00
6.343750000000000000e+00
-1.875000000000000000e+00
1.025000000000000000e+01
9.187500000000000000e+00
4.343750000000000000e+00
1.662500000000000000e+01
-9.101562500000000000e-01
1.862500000000000000e+01
-1.976562500000000000e+00
-6.875000000000000000e-01
1.234375000000000000e+00
1.612500000000000000e+01
-1.976562500000000000e+00
-6.093750000000000000e+00
2.093750000000000000e+00
1.343750000000000000e+01
-6.500000000000000000e+00
-2.546875000000000000e+00
7.843750000000000000e+00
9.687500000000000000e+00
-4.156250000000000000e+00
1.056250000000000000e+01
-2.687500000000000000e+00
1.351562500000000000e+00
-4.500000000000000000e+00
1.518750000000000000e+01
1.531250000000000000e+01
5.375000000000000000e+00
-9.937500000000000000e+00
1.900000000000000000e+01
-7.617187500000000000e-01
2.671875000000000000e+00
2.687500000000000000e+00
5.234375000000000000e-01
1.268750000000000000e+01
-4.625000000000000000e+00
1.164062500000000000e+00
-9.179687500000000000e-01
8.937500000000000000e+00
-8.632812500000000000e-01
-2.765625000000000000e+00
2.137500000000000000e+01
1.912500000000000000e+01
-2.078125000000000000e+00
-1.875000000000000000e-01
-1.585937500000000000e+00
-4.781250000000000000e+00
3.140625000000000000e+00
-5.968750000000000000e+00
-2.484375000000000000e+00
6.343750000000000000e+00
5.820312500000000000e-01
-1.368750000000000000e+01
-1.601562500000000000e+00
7.187500000000000000e-01
5.703125000000000000e-01
1.148437500000000000e+00
-1.242187500000000000e+00
8.710937500000000000e-01
-1.679687500000000000e+00
1.600000000000000000e+01
-5.375000000000000000e+00
2.025000000000000000e+01
-2.390625000000000000e+00
5.625000000000000000e+00
-1.937500000000000000e+00
-6.031250000000000000e+00
-7.031250000000000000e+00
-4.843750000000000000e+00
-6.656250000000000000e+00
-8.000000000000000000e+00
-8.710937500000000000e-01
-2.656250000000000000e+00
-2.125000000000000000e+00
-3.750000000000000000e-01
-1.054687500000000000e+00
-6.500000000000000000e+00
9.531250000000000000e-01
2.656250000000000000e+00
-8.554687500000000000e-01
1.210937500000000000e+00
1.923828125000000000e-01
-5.093750000000000000e+00
6.000000000000000000e+00
-4.062500000000000000e-01
1.056250000000000000e+01
1.081250000000000000e+01
1.925000000000000000e+01
5.468750000000000000e+00
1.012500000000000000e+01
7.093750000000000000e+00
-4.082031250000000000e-01
1.023437500000000000e+00
-1.304687500000000000e+00
5.781250000000000000e-01
2.519531250000000000e-01
6.406250000000000000e+00
4.125000000000000000e+00
-6.679687500000000000e-01
-5.656250000000000000e+00
1.750000000000000000e+00
4.531250000000000000e+00
-2.546875000000000000e+00
6.210937500000000000e-01
-3.000000000000000000e+00
6.218750000000000000e+00
7.906250000000000000e+00
-1.476562500000000000e+00
8.187500000000000000e+00
2.125000000000000000e+00
5.312500000000000000e-01
-2.343750000000000000e+00
1.812500000000000000e+01
1.000000000000000000e+01
7.156250000000000000e+00
3.375000000000000000e+00
-3.183593750000000000e-01
1.581250000000000000e+01
-3.144531250000000000e-01
1.164062500000000000e+00
6.781250000000000000e+00
-8.945312500000000000e-01
-1.156250000000000000e+00
8.312500000000000000e+00
3.500000000000000000e+00
-6.656250000000000000e+00
-2.578125000000000000e+00
1.150000000000000000e+01
6.656250000000000000e+00
-1.820312500000000000e+00
-5.781250000000000000e+00
7.750000000000000000e+00
6.656250000000000000e+00
1.273437500000000000e+00
6.843750000000000000e+00
-6.031250000000000000e+00
4.472656250000000000e-01
-2.597656250000000000e-01
1.554687500000000000e+00
-7.593750000000000000e+00
2.515625000000000000e+00
3.796875000000000000e+00
4.125000000000000000e+00
1.187500000000000000e+00
-5.593750000000000000e+00
1.068750000000000000e+01
8.125000000000000000e-01
1.937500000000000000e+01
5.843750000000000000e+00
-3.640625000000000000e+00
-1.914062500000000000e+00
6.843750000000000000e+00
6.468750000000000000e+00
7.843750000000000000e+00
-1.093750000000000000e+00
1.206250000000000000e+01
-3.890625000000000000e+00
-5.406250000000000000e+00
-1.812500000000000000e+00
4.156250000000000000e+00
-3.046875000000000000e+00
8.437500000000000000e+00
-4.093750000000000000e+00
1.281250000000000000e+01
-2.265625000000000000e+00
7.843750000000000000e+00
-6.593750000000000000e+00
8.125000000000000000e+00
-4.031250000000000000e+00
8.375000000000000000e+00
-7.148437500000000000e-01
5.742187500000000000e-01
1.043750000000000000e+01
1.031250000000000000e+01
2.125000000000000000e+00
-4.882812500000000000e-02
6.093750000000000000e+00
-1.187500000000000000e+00
-7.843750000000000000e+00
8.062500000000000000e+00
9.625000000000000000e+00
-2.078125000000000000e+00
4.656250000000000000e+00
1.737500000000000000e+01
-3.640625000000000000e+00
5.843750000000000000e+00
-3.515625000000000000e+00
2.828125000000000000e+00
-1.304687500000000000e+00
-2.734375000000000000e-01
-7.750000000000000000e+00
8.500000000000000000e+00
-3.875000000000000000e+00
1.581250000000000000e+01
