1.460000000000000000e+02
-1.018750000000000000e+01
-2.000000000000000000e+01
3.825000000000000000e+01
-1.056250000000000000e+01
-1.737500000000000000e+01
1.475000000000000000e+01
2.900000000000000000e+01
-1.193750000000000000e+01
-6.531250000000000000e+00
2.037500000000000000e+01
6.000000000000000000e+00
3.062500000000000000e+00
4.968750000000000000e+00
3.450000000000000000e+01
2.012500000000000000e+01
-2.512500000000000000e+01
2.537500000000000000e+01
1.280000000000000000e+02
8.906250000000000000e-01
-1.381250000000000000e+01
-5.406250000000000000e+00
9.350000000000000000e+01
-6.343750000000000000e+00
2.962500000000000000e+01
2.862500000000000000e+01
8.250000000000000000e+01
-1.025000000000000000e+01
2.921875000000000000e+00
-2.137500000000000000e+01
6.950000000000000000e+01
-3.137500000000000000e+01
4.000000000000000000e+01
-2.250000000000000000e+01
-2.171875000000000000e+00
-1.037500000000000000e+01
-7.250000000000000000e+00
-6.250000000000000000e-01
3.225000000000000000e+01
-1.481250000000000000e+01
-1.575000000000000000e+01
6.175000000000000000e+01
2.250000000000000000e+00
-1.662500000000000000e+01
-1.050000000000000000e+01
4.781250000000000000e+00
6.250000000000000000e+00
-1.975000000000000000e+01
-1.006250000000000000e+01
7.050000000000000000e+01
-1.375000000000000000e+00
-4.031250000000000000e+00
-1.712500000000000000e+01
-1.450000000000000000e+01
4.300000000000000000e+01
9.650000000000000000e+01
-2.762500000000000000e+01
1.410000000000000000e+02
-2.714843750000000000e-01
2.212500000000000000e+01
-7.750000000000000000e+00
9.570312500000000000e-01
3.000000000000000000e+00
3.675000000000000000e+01
8.250000000000000000e+00
-1.862500000000000000e+01
6.325000000000000000e+01
-1.525000000000000000e+01
-7.593750000000000000e+00
-3.600000000000000000e+01
-1.335937500000000000e+00
-1.368750000000000000e+01
-7.812500000000000000e-01
-3.200000000000000000e+01
-1.962500000000000000e+01
-3.012500000000000000e+01
3.575000000000000000e+01
4.062500000000000000e+00
3.037500000000000000e+01
2.796875000000000000e+00
4.875000000000000000e+00
2.850000000000000000e+01
-1.331250000000000000e+01
-5.343750000000000000e+00
-2.562500000000000000e+01
-1.275000000000000000e+01
1.025000000000000000e+02
5.600000000000000000e+01
2.362500000000000000e+01
-6.531250000000000000e+00
-4.031250000000000000e+00
-1.600000000000000000e+01
-2.700000000000000000e+01
2.093750000000000000e+00
-2.537500000000000000e+01
-1.593750000000000000e+01
1.500000000000000000e+02
3.325000000000000000e+01
-1.018750000000000000e+01
-4.218750000000000000e+00
8.950000000000000000e+01
-7.750000000000000000e+00
-1.368750000000000000e+01
2.171875000000000000e+00
7.900000000000000000e+01
3.900000000000000000e+01
-5.250000000000000000e+00
-6.875000000000000000e-01
-4.781250000000000000e+00
-1.679687500000000000e+00
6.550000000000000000e+01
-1.962500000000000000e+01
-8.937500000000000000e+00
-6.406250000000000000e+00
-6.625000000000000000e+00
2.700000000000000000e+01
-6.550000000000000000e+01
-1.100000000000000000e+01
-8.250000000000000000e+00
-4.968750000000000000e+00
-1.662500000000000000e+01
-4.218750000000000000e+00
-1.862500000000000000e+01
2.012500000000000000e+01
-7.750000000000000000e+00
4.075000000000000000e+01
1.750000000000000000e+01
8.800000000000000000e+01
3.900000000000000000e+01
-8.187500000000000000e+00
-7.843750000000000000e+00
-3.725000000000000000e+01
1.418750000000000000e+01
-1.531250000000000000e+01
1.260000000000000000e+02
-8.437500000000000000e+00
-3.953125000000000000e+00
6.275000000000000000e+01
1.700000000000000000e+01
-1.812500000000000000e+01
2.734375000000000000e+00
-1.612500000000000000e+01
3.825000000000000000e+01
1.612500000000000000e+01
3.037500000000000000e+01
-1.275000000000000000e+01
1.000000000000000000e+02
-2.200000000000000000e+01
4.425000000000000000e+01
3.400000000000000000e+01
1.400000000000000000e+02
-1.581250000000000000e+01
-1.018750000000000000e+01
1.531250000000000000e+01
-1.018750000000000000e+01
9.600000000000000000e+01
-1.787500000000000000e+01
-3.578125000000000000e+00
-8.562500000000000000e+00
-1.500000000000000000e+01
4.316406250000000000e-01
4.100000000000000000e+01
2.237500000000000000e+01
8.750000000000000000e+01
-3.574218750000000000e-01
7.050000000000000000e+01
-5.750000000000000000e+00
9.101562500000000000e-01
7.070312500000000000e-01
-1.662500000000000000e+01
4.156250000000000000e+00
1.539062500000000000e+00
4.075000000000000000e+01
5.075000000000000000e+01
-1.243750000000000000e+01
4.050000000000000000e+01
3.046875000000000000e+00
1.318750000000000000e+01
-8.937500000000000000e+00
3.500000000000000000e+01
7.800000000000000000e+01
4.675000000000000000e+01
-2.637500000000000000e+01
-4.562500000000000000e+00
-3.225000000000000000e+01
8.400000000000000000e+01
1.056250000000000000e+01
2.031250000000000000e+00
-1.543750000000000000e+01
5.906250000000000000e+00
3.162500000000000000e+01
-8.312500000000000000e+00
5.625000000000000000e+01
3.800000000000000000e+01
1.700000000000000000e+01
1.125000000000000000e+02
-2.470703125000000000e-01
1.330000000000000000e+02
-6.906250000000000000e+00
-4.625000000000000000e+00
2.406250000000000000e+00
1.000000000000000000e+02
-5.375000000000000000e+00
-2.100000000000000000e+01
1.196289062500000000e-01
7.550000000000000000e+01
-3.625000000000000000e+01
-1.518750000000000000e+01
3.525000000000000000e+01
5.125000000000000000e+01
-1.150000000000000000e+01
5.275000000000000000e+01
-9.937500000000000000e+00
4.062500000000000000e+00
-1.118750000000000000e+01
7.600000000000000000e+01
8.650000000000000000e+01
2.200000000000000000e+01
-6.075000000000000000e+01
1.350000000000000000e+02
-2.296875000000000000e+00
-4.277343750000000000e-01
8.437500000000000000e+00
-2.921875000000000000e+00
1.000000000000000000e+02
-1.406250000000000000e+01
-1.007812500000000000e+00
-9.437500000000000000e+00
6.650000000000000000e+01
-6.906250000000000000e+00
-1.068750000000000000e+01
1.215000000000000000e+02
1.215000000000000000e+02
-1.789062500000000000e+00
-3.250000000000000000e+00
-6.843750000000000000e+00
-2.587500000000000000e+01
1.325000000000000000e+01
-1.700000000000000000e+01
-4.093750000000000000e+00
1.750000000000000000e+01
-1.664062500000000000e+00
-6.075000000000000000e+01
-1.031250000000000000e+01
-4.781250000000000000e+00
-4.667968750000000000e-01
1.367187500000000000e+00
-6.593750000000000000e+00
3.906250000000000000e-01
-8.562500000000000000e+00
1.310000000000000000e+02
-1.531250000000000000e+01
1.215000000000000000e+02
-6.843750000000000000e+00
2.150000000000000000e+01
-6.656250000000000000e+00
-1.862500000000000000e+01
-2.737500000000000000e+01
-1.750000000000000000e+01
-2.612500000000000000e+01
-3.300000000000000000e+01
-1.812500000000000000e+01
-5.875000000000000000e+00
-1.450000000000000000e+01
-2.087500000000000000e+01
-1.460937500000000000e+00
-2.187500000000000000e+01
-6.787109375000000000e-02
2.203125000000000000e+00
-6.656250000000000000e+00
-6.093750000000000000e+00
-2.687500000000000000e+00
-1.568750000000000000e+01
2.387500000000000000e+01
-2.921875000000000000e+00
7.600000000000000000e+01
5.075000000000000000e+01
1.265000000000000000e+02
2.087500000000000000e+01
5.675000000000000000e+01
3.500000000000000000e+01
-6.156250000000000000e+00
-2.087500000000000000e+01
-3.140625000000000000e+00
-1.125000000000000000e+01
-4.062500000000000000e-01
3.575000000000000000e+01
1.800000000000000000e+01
-1.320312500000000000e+00
-1.531250000000000000e+01
2.000000000000000000e+00
1.862500000000000000e+01
-8.562500000000000000e+00
-1.518750000000000000e+01
-1.050000000000000000e+01
2.162500000000000000e+01
4.400000000000000000e+01
-2.062500000000000000e+01
3.875000000000000000e+01
-4.968750000000000000e+00
-1.108398437500000000e-01
-1.481250000000000000e+01
1.020000000000000000e+02
4.525000000000000000e+01
3.800000000000000000e+01
8.687500000000000000e+00
-6.992187500000000000e-01
1.075000000000000000e+02
-1.414062500000000000e+00
-6.593750000000000000e+00
3.475000000000000000e+01
-1.068750000000000000e+01
-2.062500000000000000e+01
4.050000000000000000e+01
1.218750000000000000e+01
-2.262500000000000000e+01
-8.750000000000000000e+00
6.125000000000000000e+01
3.525000000000000000e+01
-6.656250000000000000e+00
-1.575000000000000000e+01
4.325000000000000000e+01
2.862500000000000000e+01
1.304687500000000000e+00
6.275000000000000000e+01
-1.887500000000000000e+01
-1.982421875000000000e-01
-1.825000000000000000e+01
2.218750000000000000e+00
-2.162500000000000000e+01
6.781250000000000000e+00
8.250000000000000000e+00
1.612500000000000000e+01
-3.925781250000000000e-01
-1.481250000000000000e+01
1.045000000000000000e+02
-5.281250000000000000e+00
1.290000000000000000e+02
3.037500000000000000e+01
-2.137500000000000000e+01
-2.875000000000000000e+00
3.200000000000000000e+01
2.387500000000000000e+01
3.975000000000000000e+01
-5.031250000000000000e+00
5.525000000000000000e+01
-2.237500000000000000e+01
-3.100000000000000000e+01
-8.375000000000000000e+00
2.262500000000000000e+01
-1.400000000000000000e+01
4.875000000000000000e+01
-1.937500000000000000e+01
7.450000000000000000e+01
-1.368750000000000000e+01
4.475000000000000000e+01
-2.862500000000000000e+01
6.175000000000000000e+01
-2.237500000000000000e+01
8.800000000000000000e+01
-5.750000000000000000e+00
-1.437500000000000000e+00
8.550000000000000000e+01
5.525000000000000000e+01
3.671875000000000000e+00
-7.093750000000000000e+00
4.025000000000000000e+01
-2.812500000000000000e+00
-2.662500000000000000e+01
3.500000000000000000e+01
5.275000000000000000e+01
-1.231250000000000000e+01
1.812500000000000000e+01
9.850000000000000000e+01
-1.481250000000000000e+01
2.500000000000000000e+01
-2.550000000000000000e+01
6.781250000000000000e+00
-7.125000000000000000e+00
-2.000000000000000000e+00
-2.500000000000000000e+01
4.000000000000000000e+01
-1.737500000000000000e+01
1.000000000000000000e+02
