8.000000000000000000e+01
-4.843750000000000000e+00
-1.281250000000000000e+01
2.237500000000000000e+01
-6.125000000000000000e+00
-1.062500000000000000e+01
9.187500000000000000e+00
1.662500000000000000e+01
-6.843750000000000000e+00
-4.031250000000000000e+00
1.243750000000000000e+01
4.812500000000000000e+00
3.500000000000000000e+00
3.000000000000000000e+00
2.000000000000000000e+01
1.200000000000000000e+01
-1.612500000000000000e+01
1.525000000000000000e+01
7.050000000000000000e+01
2.949218750000000000e-01
-7.906250000000000000e+00
-3.046875000000000000e+00
4.700000000000000000e+01
-3.312500000000000000e+00
1.787500000000000000e+01
1.600000000000000000e+01
4.125000000000000000e+01
-5.312500000000000000e+00
3.125000000000000000e+00
-1.281250000000000000e+01
3.925000000000000000e+01
-2.012500000000000000e+01
2.362500000000000000e+01
-1.400000000000000000e+01
-2.953125000000000000e+00
-5.000000000000000000e+00
-5.281250000000000000e+00
7.070312500000000000e-01
1.800000000000000000e+01
-8.187500000000000000e+00
-8.250000000000000000e+00
3.525000000000000000e+01
4.093750000000000000e+00
-9.437500000000000000e+00
-6.343750000000000000e+00
3.250000000000000000e+00
4.562500000000000000e+00
-9.500000000000000000e+00
-5.906250000000000000e+00
3.900000000000000000e+01
7.226562500000000000e-01
-2.640625000000000000e+00
-1.018750000000000000e+01
-9.187500000000000000e+00
2.550000000000000000e+01
5.300000000000000000e+01
-1.431250000000000000e+01
7.500000000000000000e+01
1.531250000000000000e+00
1.306250000000000000e+01
-3.062500000000000000e+00
1.570312500000000000e+00
2.937500000000000000e+00
2.287500000000000000e+01
6.156250000000000000e+00
-9.312500000000000000e+00
3.575000000000000000e+01
-8.437500000000000000e+00
-1.601562500000000000e+00
-1.850000000000000000e+01
-1.406250000000000000e+00
-5.843750000000000000e+00
8.867187500000000000e-01
-1.900000000000000000e+01
-1.031250000000000000e+01
-2.112500000000000000e+01
2.162500000000000000e+01
3.000000000000000000e+00
1.862500000000000000e+01
3.125000000000000000e+00
4.281250000000000000e+00
1.662500000000000000e+01
-7.406250000000000000e+00
-2.484375000000000000e+00
-1.650000000000000000e+01
-7.281250000000000000e+00
5.600000000000000000e+01
3.187500000000000000e+01
1.350000000000000000e+01
-4.093750000000000000e+00
-1.625000000000000000e+00
-5.156250000000000000e+00
-1.737500000000000000e+01
2.125000000000000000e+00
-1.581250000000000000e+01
-1.056250000000000000e+01
8.350000000000000000e+01
1.912500000000000000e+01
-6.750000000000000000e+00
-1.648437500000000000e+00
4.925000000000000000e+01
-4.031250000000000000e+00
-9.062500000000000000e+00
2.140625000000000000e+00
4.400000000000000000e+01
2.337500000000000000e+01
-4.000000000000000000e+00
4.174804687500000000e-02
-2.640625000000000000e+00
-6.445312500000000000e-01
3.725000000000000000e+01
-1.225000000000000000e+01
-5.125000000000000000e+00
-3.078125000000000000e+00
-3.703125000000000000e+00
1.750000000000000000e+01
-3.725000000000000000e+01
-7.375000000000000000e+00
-4.093750000000000000e+00
-3.828125000000000000e+00
-1.150000000000000000e+01
-2.921875000000000000e+00
-1.150000000000000000e+01
1.218750000000000000e+01
-3.375000000000000000e+00
2.200000000000000000e+01
1.131250000000000000e+01
4.925000000000000000e+01
2.262500000000000000e+01
-3.234375000000000000e+00
-4.656250000000000000e+00
-2.012500000000000000e+01
8.812500000000000000e+00
-9.562500000000000000e+00
6.750000000000000000e+01
-4.250000000000000000e+00
-1.835937500000000000e+00
3.500000000000000000e+01
1.143750000000000000e+01
-1.150000000000000000e+01
2.203125000000000000e+00
-9.937500000000000000e+00
2.237500000000000000e+01
9.562500000000000000e+00
1.837500000000000000e+01
-7.875000000000000000e+00
5.575000000000000000e+01
-1.300000000000000000e+01
2.562500000000000000e+01
1.987500000000000000e+01
7.750000000000000000e+01
-9.312500000000000000e+00
-6.593750000000000000e+00
7.406250000000000000e+00
-5.281250000000000000e+00
5.175000000000000000e+01
-1.050000000000000000e+01
-1.523437500000000000e+00
-4.968750000000000000e+00
-1.018750000000000000e+01
8.867187500000000000e-01
2.300000000000000000e+01
1.331250000000000000e+01
4.475000000000000000e+01
8.554687500000000000e-01
4.000000000000000000e+01
-3.421875000000000000e+00
2.031250000000000000e+00
8.125000000000000000e-01
-1.106250000000000000e+01
3.312500000000000000e+00
1.632812500000000000e+00
2.437500000000000000e+01
2.912500000000000000e+01
-5.625000000000000000e+00
2.400000000000000000e+01
3.078125000000000000e+00
8.812500000000000000e+00
-6.593750000000000000e+00
2.025000000000000000e+01
4.275000000000000000e+01
2.712500000000000000e+01
-1.325000000000000000e+01
-2.078125000000000000e+00
-1.550000000000000000e+01
4.725000000000000000e+01
7.000000000000000000e+00
2.046875000000000000e+00
-8.687500000000000000e+00
4.375000000000000000e+00
1.787500000000000000e+01
-4.843750000000000000e+00
3.162500000000000000e+01
2.287500000000000000e+01
1.037500000000000000e+01
6.075000000000000000e+01
-7.656250000000000000e-01
7.050000000000000000e+01
-4.031250000000000000e+00
-2.078125000000000000e+00
1.906250000000000000e+00
5.475000000000000000e+01
-3.484375000000000000e+00
-1.368750000000000000e+01
1.343750000000000000e+00
4.200000000000000000e+01
-2.062500000000000000e+01
-7.843750000000000000e+00
2.112500000000000000e+01
2.900000000000000000e+01
-7.656250000000000000e+00
3.050000000000000000e+01
-5.843750000000000000e+00
2.640625000000000000e+00
-8.187500000000000000e+00
4.325000000000000000e+01
4.800000000000000000e+01
1.331250000000000000e+01
-3.325000000000000000e+01
7.150000000000000000e+01
-1.015625000000000000e+00
1.726562500000000000e+00
5.593750000000000000e+00
-9.687500000000000000e-01
5.275000000000000000e+01
-9.187500000000000000e+00
8.349609375000000000e-02
-4.468750000000000000e+00
3.575000000000000000e+01
-3.953125000000000000e+00
-6.343750000000000000e+00
6.850000000000000000e+01
6.600000000000000000e+01
-2.484375000000000000e+00
-1.320312500000000000e+00
-3.750000000000000000e+00
-1.450000000000000000e+01
8.000000000000000000e+00
-1.106250000000000000e+01
-2.921875000000000000e+00
1.218750000000000000e+01
-4.628906250000000000e-01
-3.750000000000000000e+01
-5.156250000000000000e+00
-1.726562500000000000e+00
3.984375000000000000e-01
1.664062500000000000e+00
-3.546875000000000000e+00
4.140625000000000000e-01
-4.593750000000000000e+00
6.800000000000000000e+01
-1.025000000000000000e+01
6.750000000000000000e+01
-4.250000000000000000e+00
1.331250000000000000e+01
-4.531250000000000000e+00
-1.225000000000000000e+01
-1.637500000000000000e+01
-1.075000000000000000e+01
-1.612500000000000000e+01
-2.000000000000000000e+01
-8.375000000000000000e+00
-4.156250000000000000e+00
-7.593750000000000000e+00
-9.062500000000000000e+00
-1.460937500000000000e+00
-1.431250000000000000e+01
7.343750000000000000e-01
2.875000000000000000e+00
-2.953125000000000000e+00
-1.539062500000000000e+00
-8.867187500000000000e-01
-1.012500000000000000e+01
1.456250000000000000e+01
-1.570312500000000000e+00
3.975000000000000000e+01
2.987500000000000000e+01
6.850000000000000000e+01
1.281250000000000000e+01
3.162500000000000000e+01
2.025000000000000000e+01
-2.546875000000000000e+00
-8.000000000000000000e+00
-2.109375000000000000e+00
-4.968750000000000000e+00
5.218505859375000000e-03
2.012500000000000000e+01
1.050000000000000000e+01
-8.632812500000000000e-01
-1.062500000000000000e+01
1.914062500000000000e+00
1.125000000000000000e+01
-5.843750000000000000e+00
-5.531250000000000000e+00
-6.593750000000000000e+00
1.343750000000000000e+01
2.450000000000000000e+01
-1.056250000000000000e+01
2.237500000000000000e+01
-4.472656250000000000e-01
2.333984375000000000e-01
-8.500000000000000000e+00
5.725000000000000000e+01
2.662500000000000000e+01
2.162500000000000000e+01
6.125000000000000000e+00
4.687500000000000000e-02
5.800000000000000000e+01
-9.492187500000000000e-01
-1.226562500000000000e+00
1.962500000000000000e+01
-5.468750000000000000e+00
-9.812500000000000000e+00
2.337500000000000000e+01
7.875000000000000000e+00
-1.418750000000000000e+01
-5.375000000000000000e+00
3.475000000000000000e+01
2.012500000000000000e+01
-3.671875000000000000e+00
-1.062500000000000000e+01
2.412500000000000000e+01
1.700000000000000000e+01
1.257812500000000000e+00
3.200000000000000000e+01
-1.243750000000000000e+01
9.882812500000000000e-01
-8.687500000000000000e+00
2.078125000000000000e+00
-1.481250000000000000e+01
4.687500000000000000e+00
6.093750000000000000e+00
1.000000000000000000e+01
6.015625000000000000e-01
-1.025000000000000000e+01
5.275000000000000000e+01
-1.882812500000000000e+00
7.000000000000000000e+01
1.737500000000000000e+01
-1.231250000000000000e+01
-1.992187500000000000e+00
1.862500000000000000e+01
1.468750000000000000e+01
2.262500000000000000e+01
-2.546875000000000000e+00
3.250000000000000000e+01
-1.250000000000000000e+01
-1.812500000000000000e+01
-4.593750000000000000e+00
1.275000000000000000e+01
-8.187500000000000000e+00
2.700000000000000000e+01
-1.181250000000000000e+01
4.175000000000000000e+01
-7.343750000000000000e+00
2.512500000000000000e+01
-1.762500000000000000e+01
3.275000000000000000e+01
-1.256250000000000000e+01
4.400000000000000000e+01
-3.046875000000000000e+00
-4.062500000000000000e-01
4.475000000000000000e+01
3.112500000000000000e+01
3.078125000000000000e+00
-3.125000000000000000e+00
2.162500000000000000e+01
-1.898437500000000000e+00
-1.700000000000000000e+01
2.087500000000000000e+01
2.950000000000000000e+01
-6.843750000000000000e+00
1.100000000000000000e+01
5.475000000000000000e+01
-9.062500000000000000e+00
1.518750000000000000e+01
-1.325000000000000000e+01
5.031250000000000000e+00
-4.125000000000000000e+00
-2.578125000000000000e-01
-1.637500000000000000e+01
2.350000000000000000e+01
-1.156250000000000000e+01
5.475000000000000000e+01
