-7.617187500000000000e-01
2.031250000000000000e-01
-1.898437500000000000e+00
1.226562500000000000e+00
-3.339843750000000000e-01
1.148437500000000000e+00
1.210937500000000000e+00
8.554687500000000000e-01
-1.039062500000000000e+00
-1.414062500000000000e+00
1.304687500000000000e+00
1.375000000000000000e+00
1.960937500000000000e+00
4.531250000000000000e-01
1.117187500000000000e+00
4.921875000000000000e-01
-6.127929687500000000e-02
8.593750000000000000e-01
2.001953125000000000e-01
-1.101562500000000000e+00
-2.138671875000000000e-01
2.687500000000000000e+00
-5.468750000000000000e+00
-6.289062500000000000e-01
9.960937500000000000e-01
4.531250000000000000e-01
-3.640625000000000000e+00
-8.085937500000000000e-01
1.748046875000000000e-01
-1.257812500000000000e+00
1.343750000000000000e+00
1.695312500000000000e+00
1.312500000000000000e+00
-5.585937500000000000e-01
-2.792968750000000000e-01
-1.500000000000000000e+00
1.140625000000000000e+00
-6.445312500000000000e-01
1.376953125000000000e-01
-8.164062500000000000e-01
-1.582031250000000000e-01
1.882812500000000000e+00
1.210937500000000000e+00
-4.746093750000000000e-01
-1.468750000000000000e+00
1.273437500000000000e+00
1.273437500000000000e+00
6.298828125000000000e-02
1.218750000000000000e+00
8.476562500000000000e-01
-3.750000000000000000e-01
-1.531250000000000000e+00
1.726562500000000000e+00
-9.726562500000000000e-01
1.093750000000000000e+00
1.718750000000000000e-01
1.147460937500000000e-01
-2.859375000000000000e+00
4.277343750000000000e-01
8.007812500000000000e-01
-7.500000000000000000e-01
1.125000000000000000e+00
-1.591796875000000000e-01
2.140625000000000000e+00
1.835937500000000000e+00
1.337890625000000000e-01
1.070312500000000000e+00
-1.845703125000000000e-01
3.066406250000000000e-01
9.960937500000000000e-01
-1.601562500000000000e+00
1.773437500000000000e+00
2.753906250000000000e-01
-1.500000000000000000e+00
2.546875000000000000e+00
4.980468750000000000e-01
2.125000000000000000e+00
1.367187500000000000e+00
1.789062500000000000e+00
1.767578125000000000e-01
2.515625000000000000e+00
7.929687500000000000e-01
-1.375000000000000000e+00
-8.632812500000000000e-01
-2.343750000000000000e+00
1.304687500000000000e+00
-2.519531250000000000e-01
1.273437500000000000e+00
6.835937500000000000e-01
-2.015625000000000000e+00
-5.820312500000000000e-01
1.257812500000000000e+00
-1.523437500000000000e+00
-2.209472656250000000e-02
1.164062500000000000e+00
-8.242187500000000000e-01
6.679687500000000000e-01
1.007812500000000000e+00
-9.570312500000000000e-01
1.156250000000000000e+00
6.132812500000000000e-01
-1.664062500000000000e+00
-1.148437500000000000e+00
1.812500000000000000e+00
1.289062500000000000e+00
1.773437500000000000e+00
-2.617187500000000000e-01
1.937500000000000000e+00
-1.085937500000000000e+00
-3.750000000000000000e-01
1.851562500000000000e+00
-5.156250000000000000e-01
1.476562500000000000e+00
-6.601562500000000000e-01
-5.781250000000000000e-01
2.000000000000000000e+00
2.000000000000000000e+00
-1.101562500000000000e+00
-1.414062500000000000e+00
-5.156250000000000000e-01
-1.187500000000000000e+00
-1.414062500000000000e+00
-2.255859375000000000e-01
1.414062500000000000e+00
1.351562500000000000e+00
5.039062500000000000e-01
1.843750000000000000e+00
1.625000000000000000e+00
1.398437500000000000e+00
1.007812500000000000e+00
1.851562500000000000e+00
9.375000000000000000e-01
8.710937500000000000e-01
-1.148437500000000000e+00
-2.468750000000000000e+00
-2.421875000000000000e-01
-2.968750000000000000e-01
7.929687500000000000e-01
1.835937500000000000e+00
-1.554687500000000000e+00
-9.335937500000000000e-01
2.046875000000000000e+00
1.835937500000000000e+00
6.679687500000000000e-01
1.617187500000000000e+00
-5.039062500000000000e-01
2.138671875000000000e-01
-8.164062500000000000e-01
1.242187500000000000e+00
1.539062500000000000e+00
-3.261718750000000000e-01
-1.708984375000000000e-01
-1.312500000000000000e+00
-9.460449218750000000e-03
-1.101562500000000000e+00
-2.609375000000000000e+00
-4.082031250000000000e-01
-5.273437500000000000e-01
4.550781250000000000e-01
-1.023437500000000000e+00
-5.390625000000000000e-01
-1.335937500000000000e+00
7.304687500000000000e-01
-3.062500000000000000e+00
-2.314453125000000000e-01
1.617187500000000000e+00
-1.289062500000000000e+00
-2.519531250000000000e-01
2.203125000000000000e+00
-1.015625000000000000e+00
1.179687500000000000e+00
-9.375000000000000000e-01
2.140625000000000000e+00
1.304687500000000000e+00
8.154296875000000000e-02
1.648437500000000000e+00
-1.982421875000000000e-01
2.046875000000000000e+00
1.523437500000000000e+00
1.257812500000000000e+00
-8.750000000000000000e-01
1.476562500000000000e+00
2.392578125000000000e-01
-3.359375000000000000e-01
9.804687500000000000e-01
1.726562500000000000e+00
1.304687500000000000e+00
8.085937500000000000e-01
-9.062500000000000000e-01
7.812500000000000000e-01
1.507812500000000000e+00
-6.757812500000000000e-01
1.085937500000000000e+00
2.046875000000000000e+00
1.062500000000000000e+00
-1.562500000000000000e+00
1.728515625000000000e-01
-2.171875000000000000e+00
-1.289062500000000000e+00
-8.554687500000000000e-01
6.445312500000000000e-01
-9.375000000000000000e-01
-2.460937500000000000e-01
-5.507812500000000000e-01
4.843750000000000000e-01
1.023437500000000000e+00
2.099609375000000000e-01
-1.265625000000000000e+00
1.125000000000000000e+00
7.812500000000000000e-01
-1.242187500000000000e+00
1.031250000000000000e+00
-1.101562500000000000e+00
1.500000000000000000e+00
-5.937500000000000000e-01
1.789062500000000000e+00
8.447265625000000000e-02
1.468750000000000000e+00
6.679687500000000000e-01
-2.171875000000000000e+00
-1.054687500000000000e+00
3.769531250000000000e-01
7.031250000000000000e-01
5.468750000000000000e-02
-3.578125000000000000e+00
-1.476562500000000000e+00
-5.937500000000000000e-01
-1.664062500000000000e+00
-1.812500000000000000e+00
1.601562500000000000e+00
-8.750000000000000000e-01
2.197265625000000000e-01
-7.617187500000000000e-01
2.343750000000000000e-02
-4.707031250000000000e-01
-1.375000000000000000e+00
8.105468750000000000e-02
1.382812500000000000e+00
-1.937500000000000000e+00
-1.429687500000000000e+00
1.937500000000000000e+00
1.164062500000000000e+00
1.531250000000000000e+00
-6.884765625000000000e-02
-2.871093750000000000e-01
-1.023437500000000000e+00
-1.117187500000000000e+00
-4.843750000000000000e-01
-7.382812500000000000e-01
-1.414062500000000000e+00
-3.625000000000000000e+00
-1.437500000000000000e+00
-5.468750000000000000e-02
-1.117187500000000000e+00
1.507812500000000000e+00
9.062500000000000000e-01
-1.687500000000000000e+00
-1.351562500000000000e+00
-5.156250000000000000e-01
-4.199218750000000000e-01
-8.125000000000000000e-01
-4.077148437500000000e-02
-1.179687500000000000e+00
-4.941406250000000000e-01
1.132812500000000000e+00
5.390625000000000000e-01
-8.867187500000000000e-01
-8.398437500000000000e-01
5.859375000000000000e-03
-1.375000000000000000e+00
-1.054687500000000000e+00
-8.632812500000000000e-01
-1.031250000000000000e+00
1.031250000000000000e+00
-4.160156250000000000e-01
-2.062500000000000000e+00
1.367187500000000000e+00
-1.500000000000000000e+00
1.304687500000000000e+00
1.007812500000000000e+00
6.289062500000000000e-01
-1.343750000000000000e+00
6.289062500000000000e-01
-6.875000000000000000e-01
6.367187500000000000e-01
-3.437500000000000000e-01
4.355468750000000000e-01
1.101562500000000000e+00
-8.242187500000000000e-01
-1.132812500000000000e+00
1.398437500000000000e+00
1.312500000000000000e+00
-1.648437500000000000e+00
1.070312500000000000e+00
-7.500000000000000000e-01
1.851562500000000000e+00
9.257812500000000000e-01
7.382812500000000000e-01
1.148437500000000000e+00
4.160156250000000000e-01
1.476562500000000000e+00
1.054687500000000000e+00
1.023437500000000000e+00
1.882812500000000000e+00
5.625000000000000000e-01
2.328125000000000000e+00
-1.164062500000000000e+00
-7.148437500000000000e-01
1.195312500000000000e+00
-9.033203125000000000e-02
6.679687500000000000e-01
-1.088867187500000000e-01
1.070312500000000000e+00
1.289062500000000000e+00
1.039062500000000000e+00
-1.289062500000000000e+00
-1.257812500000000000e+00
8.750000000000000000e-01
8.320312500000000000e-01
-1.250000000000000000e+00
-1.234375000000000000e+00
8.320312500000000000e-01
1.710937500000000000e+00
1.617187500000000000e+00
-3.671875000000000000e+00
-1.132812500000000000e+00
-4.980468750000000000e-01
8.554687500000000000e-01
1.085937500000000000e+00
-1.375000000000000000e+00
7.851562500000000000e-01
1.476562500000000000e+00
1.757812500000000000e+00
1.976562500000000000e+00
-2.171875000000000000e+00
-4.031250000000000000e+00
2.656250000000000000e-01
-2.281250000000000000e+00
-1.562500000000000000e+00
-7.720947265625000000e-03
-1.539062500000000000e+00
1.625000000000000000e+00
5.664062500000000000e-01
7.812500000000000000e-01
-1.132812500000000000e+00
2.000000000000000000e+00
2.871093750000000000e-01
3.265625000000000000e+00
-1.195312500000000000e+00
-1.445312500000000000e+00
-7.500000000000000000e-01
6.210937500000000000e-01
-7.666015625000000000e-02
7.382812500000000000e-01
-2.382812500000000000e-01
-1.523437500000000000e+00
1.820312500000000000e+00
-2.265625000000000000e+00
-8.837890625000000000e-02
-4.718750000000000000e+00
-2.968750000000000000e-01
-1.117187500000000000e+00
-3.875000000000000000e+00
1.117187500000000000e+00
1.304687500000000000e+00
-6.787109375000000000e-02
4.746093750000000000e-01
-1.000000000000000000e+00
-2.390625000000000000e+00
1.585937500000000000e+00
6.562500000000000000e-01
-8.007812500000000000e-01
1.460937500000000000e+00
1.335937500000000000e+00
-2.343750000000000000e-01
1.140625000000000000e+00
-5.820312500000000000e-01
8.554687500000000000e-01
-1.875000000000000000e-01
-9.335937500000000000e-01
-1.226562500000000000e+00
1.187500000000000000e+00
1.351562500000000000e+00
-8.593750000000000000e-01
