-8.242187500000000000e-01
4.375000000000000000e-01
-1.851562500000000000e+00
1.257812500000000000e+00
-5.625000000000000000e-01
8.750000000000000000e-01
1.210937500000000000e+00
9.687500000000000000e-01
-1.148437500000000000e+00
-1.601562500000000000e+00
1.304687500000000000e+00
1.429687500000000000e+00
2.125000000000000000e+00
5.195312500000000000e-01
1.101562500000000000e+00
4.687500000000000000e-01
-4.956054687500000000e-02
9.179687500000000000e-01
1.171875000000000000e-01
-1.015625000000000000e+00
-1.611328125000000000e-01
2.609375000000000000e+00
-5.593750000000000000e+00
-4.589843750000000000e-01
1.062500000000000000e+00
5.546875000000000000e-01
-4.000000000000000000e+00
-1.171875000000000000e+00
3.046875000000000000e-01
-1.429687500000000000e+00
1.367187500000000000e+00
1.468750000000000000e+00
1.382812500000000000e+00
-3.652343750000000000e-01
-5.585937500000000000e-01
-1.789062500000000000e+00
8.164062500000000000e-01
-3.750000000000000000e-01
1.474609375000000000e-01
-4.140625000000000000e-01
-4.843750000000000000e-01
1.906250000000000000e+00
1.320312500000000000e+00
-3.906250000000000000e-01
-1.914062500000000000e+00
1.218750000000000000e+00
1.320312500000000000e+00
2.099609375000000000e-01
1.085937500000000000e+00
7.695312500000000000e-01
-1.796875000000000000e-01
-1.781250000000000000e+00
1.531250000000000000e+00
-9.375000000000000000e-01
1.187500000000000000e+00
1.396484375000000000e-01
4.316406250000000000e-01
-2.765625000000000000e+00
3.535156250000000000e-01
9.062500000000000000e-01
-3.515625000000000000e-01
1.070312500000000000e+00
1.074218750000000000e-01
2.109375000000000000e+00
2.000000000000000000e+00
1.279296875000000000e-01
1.125000000000000000e+00
-1.275634765625000000e-02
6.523437500000000000e-01
9.843750000000000000e-01
-1.789062500000000000e+00
1.617187500000000000e+00
3.574218750000000000e-01
-1.226562500000000000e+00
2.640625000000000000e+00
2.792968750000000000e-01
2.250000000000000000e+00
1.335937500000000000e+00
1.835937500000000000e+00
1.484375000000000000e-01
2.656250000000000000e+00
7.929687500000000000e-01
-1.148437500000000000e+00
-8.945312500000000000e-01
-2.078125000000000000e+00
1.179687500000000000e+00
-4.140625000000000000e-01
1.242187500000000000e+00
6.757812500000000000e-01
-2.578125000000000000e+00
-4.628906250000000000e-01
1.375000000000000000e+00
-1.281250000000000000e+00
2.656250000000000000e-01
1.062500000000000000e+00
-1.132812500000000000e+00
5.976562500000000000e-01
1.070312500000000000e+00
-1.523437500000000000e+00
1.070312500000000000e+00
5.000000000000000000e-01
-2.093750000000000000e+00
-1.085937500000000000e+00
1.945312500000000000e+00
1.273437500000000000e+00
1.750000000000000000e+00
-3.847656250000000000e-01
1.835937500000000000e+00
-1.226562500000000000e+00
-3.829956054687500000e-03
1.875000000000000000e+00
-7.656250000000000000e-01
1.281250000000000000e+00
-3.144531250000000000e-01
-7.500000000000000000e-01
2.078125000000000000e+00
1.960937500000000000e+00
-9.179687500000000000e-01
-1.664062500000000000e+00
-7.382812500000000000e-01
-1.117187500000000000e+00
-1.773437500000000000e+00
-1.113281250000000000e-01
1.320312500000000000e+00
1.257812500000000000e+00
4.785156250000000000e-01
1.914062500000000000e+00
1.570312500000000000e+00
1.445312500000000000e+00
9.843750000000000000e-01
1.695312500000000000e+00
1.125000000000000000e+00
8.593750000000000000e-01
-1.000000000000000000e+00
-2.187500000000000000e+00
-3.320312500000000000e-02
-1.464843750000000000e-02
7.460937500000000000e-01
1.835937500000000000e+00
-1.367187500000000000e+00
-7.382812500000000000e-01
1.789062500000000000e+00
1.820312500000000000e+00
5.664062500000000000e-01
1.664062500000000000e+00
-8.320312500000000000e-01
2.265625000000000000e-01
-3.847656250000000000e-01
1.156250000000000000e+00
1.507812500000000000e+00
-2.148437500000000000e-01
-3.886718750000000000e-01
-1.375000000000000000e+00
-2.216796875000000000e-01
-1.406250000000000000e+00
-2.609375000000000000e+00
-3.535156250000000000e-01
-3.417968750000000000e-01
3.183593750000000000e-01
-9.687500000000000000e-01
-2.851562500000000000e-01
-9.531250000000000000e-01
7.695312500000000000e-01
-3.000000000000000000e+00
8.984375000000000000e-02
1.585937500000000000e+00
-1.476562500000000000e+00
-2.675781250000000000e-01
2.187500000000000000e+00
-1.210937500000000000e+00
1.203125000000000000e+00
-1.023437500000000000e+00
2.171875000000000000e+00
1.335937500000000000e+00
-1.474609375000000000e-01
1.742187500000000000e+00
-4.614257812500000000e-02
2.000000000000000000e+00
1.164062500000000000e+00
1.312500000000000000e+00
-8.710937500000000000e-01
1.554687500000000000e+00
4.199218750000000000e-01
-5.200195312500000000e-02
1.078125000000000000e+00
1.687500000000000000e+00
1.406250000000000000e+00
8.710937500000000000e-01
-1.031250000000000000e+00
7.695312500000000000e-01
1.554687500000000000e+00
-4.941406250000000000e-01
1.132812500000000000e+00
2.109375000000000000e+00
1.093750000000000000e+00
-1.523437500000000000e+00
-6.835937500000000000e-02
-2.265625000000000000e+00
-1.500000000000000000e+00
-9.648437500000000000e-01
7.031250000000000000e-01
-8.398437500000000000e-01
-5.039062500000000000e-01
-5.664062500000000000e-01
2.119140625000000000e-01
1.031250000000000000e+00
8.085937500000000000e-01
-1.445312500000000000e+00
1.101562500000000000e+00
8.320312500000000000e-01
-1.210937500000000000e+00
1.039062500000000000e+00
-1.460937500000000000e+00
1.343750000000000000e+00
-6.406250000000000000e-01
1.773437500000000000e+00
1.806640625000000000e-01
1.429687500000000000e+00
3.750000000000000000e-01
-2.359375000000000000e+00
-1.226562500000000000e+00
1.445312500000000000e-01
7.656250000000000000e-01
2.236328125000000000e-01
-3.578125000000000000e+00
-1.562500000000000000e+00
-3.105468750000000000e-01
-2.062500000000000000e+00
-1.648437500000000000e+00
1.429687500000000000e+00
-9.882812500000000000e-01
2.753906250000000000e-01
-8.750000000000000000e-01
-1.923828125000000000e-01
-3.886718750000000000e-01
-1.750000000000000000e+00
1.523437500000000000e-01
1.273437500000000000e+00
-2.046875000000000000e+00
-1.726562500000000000e+00
1.992187500000000000e+00
1.203125000000000000e+00
1.445312500000000000e+00
-8.056640625000000000e-02
-3.344726562500000000e-02
-8.750000000000000000e-01
-1.101562500000000000e+00
-7.851562500000000000e-01
-5.898437500000000000e-01
-1.750000000000000000e+00
-3.812500000000000000e+00
-1.492187500000000000e+00
-3.027343750000000000e-01
-1.398437500000000000e+00
1.601562500000000000e+00
7.070312500000000000e-01
-1.617187500000000000e+00
-1.406250000000000000e+00
-6.484375000000000000e-01
-2.714843750000000000e-01
-7.070312500000000000e-01
5.117187500000000000e-01
-1.335937500000000000e+00
-4.218750000000000000e-01
1.132812500000000000e+00
2.558593750000000000e-01
-6.601562500000000000e-01
-5.898437500000000000e-01
2.675781250000000000e-01
-1.656250000000000000e+00
-1.187500000000000000e+00
-8.945312500000000000e-01
-9.648437500000000000e-01
1.062500000000000000e+00
-2.734375000000000000e-01
-2.015625000000000000e+00
1.414062500000000000e+00
-1.429687500000000000e+00
1.296875000000000000e+00
8.710937500000000000e-01
7.226562500000000000e-01
-1.601562500000000000e+00
1.250000000000000000e+00
-9.062500000000000000e-01
9.531250000000000000e-01
-4.902343750000000000e-01
4.902343750000000000e-01
1.125000000000000000e+00
-9.062500000000000000e-01
-9.726562500000000000e-01
1.406250000000000000e+00
1.281250000000000000e+00
-1.539062500000000000e+00
1.070312500000000000e+00
-1.078125000000000000e+00
1.937500000000000000e+00
1.000000000000000000e+00
5.585937500000000000e-01
1.312500000000000000e+00
3.964843750000000000e-01
1.476562500000000000e+00
9.687500000000000000e-01
9.335937500000000000e-01
1.960937500000000000e+00
6.015625000000000000e-01
2.250000000000000000e+00
-1.320312500000000000e+00
-8.789062500000000000e-01
1.101562500000000000e+00
1.279296875000000000e-01
6.601562500000000000e-01
2.001953125000000000e-01
9.257812500000000000e-01
1.351562500000000000e+00
1.062500000000000000e+00
-1.054687500000000000e+00
-1.695312500000000000e+00
8.476562500000000000e-01
8.125000000000000000e-01
-1.500000000000000000e+00
-1.523437500000000000e+00
8.945312500000000000e-01
1.695312500000000000e+00
1.601562500000000000e+00
-3.625000000000000000e+00
-9.882812500000000000e-01
-1.904296875000000000e-01
6.367187500000000000e-01
1.164062500000000000e+00
-1.242187500000000000e+00
7.968750000000000000e-01
1.460937500000000000e+00
1.757812500000000000e+00
1.914062500000000000e+00
-2.062500000000000000e+00
-4.312500000000000000e+00
8.154296875000000000e-02
-2.265625000000000000e+00
-1.296875000000000000e+00
1.416015625000000000e-01
-1.789062500000000000e+00
1.562500000000000000e+00
9.375000000000000000e-01
8.125000000000000000e-01
-1.242187500000000000e+00
2.078125000000000000e+00
2.216796875000000000e-01
3.000000000000000000e+00
-1.437500000000000000e+00
-1.085937500000000000e+00
-1.179687500000000000e+00
6.523437500000000000e-01
1.225585937500000000e-01
6.757812500000000000e-01
-7.275390625000000000e-02
-1.218750000000000000e+00
1.476562500000000000e+00
-2.187500000000000000e+00
-2.558593750000000000e-01
-4.937500000000000000e+00
-4.863281250000000000e-01
-9.375000000000000000e-01
-3.984375000000000000e+00
1.085937500000000000e+00
1.398437500000000000e+00
2.197265625000000000e-01
3.203125000000000000e-01
-1.273437500000000000e+00
-2.109375000000000000e+00
1.664062500000000000e+00
5.507812500000000000e-01
-1.023437500000000000e+00
1.500000000000000000e+00
1.281250000000000000e+00
4.956054687500000000e-02
1.054687500000000000e+00
-4.160156250000000000e-01
9.062500000000000000e-01
-3.496093750000000000e-01
-8.281250000000000000e-01
-1.039062500000000000e+00
1.226562500000000000e+00
1.445312500000000000e+00
-8.125000000000000000e-01
