1.160000000000000000e+02
-8.500000000000000000e+00
-1.650000000000000000e+01
3.037500000000000000e+01
-9.375000000000000000e+00
-1.418750000000000000e+01
1.168750000000000000e+01
2.287500000000000000e+01
-9.000000000000000000e+00
-5.000000000000000000e+00
1.612500000000000000e+01
4.500000000000000000e+00
2.484375000000000000e+00
3.515625000000000000e+00
2.737500000000000000e+01
1.612500000000000000e+01
-2.062500000000000000e+01
2.000000000000000000e+01
1.015000000000000000e+02
1.007812500000000000e+00
-1.281250000000000000e+01
-3.765625000000000000e+00
7.250000000000000000e+01
-5.156250000000000000e+00
2.362500000000000000e+01
2.200000000000000000e+01
6.450000000000000000e+01
-8.937500000000000000e+00
2.125000000000000000e+00
-1.662500000000000000e+01
5.525000000000000000e+01
-2.562500000000000000e+01
3.162500000000000000e+01
-1.925000000000000000e+01
-1.906250000000000000e+00
-7.718750000000000000e+00
-5.843750000000000000e+00
-1.296875000000000000e+00
2.537500000000000000e+01
-1.243750000000000000e+01
-1.381250000000000000e+01
4.925000000000000000e+01
1.882812500000000000e+00
-1.281250000000000000e+01
-9.312500000000000000e+00
3.796875000000000000e+00
5.343750000000000000e+00
-1.500000000000000000e+01
-8.187500000000000000e+00
5.625000000000000000e+01
-1.179687500000000000e+00
-3.000000000000000000e+00
-1.325000000000000000e+01
-1.118750000000000000e+01
3.425000000000000000e+01
7.700000000000000000e+01
-2.250000000000000000e+01
1.100000000000000000e+02
-4.174804687500000000e-02
1.725000000000000000e+01
-7.250000000000000000e+00
9.023437500000000000e-01
2.390625000000000000e+00
2.937500000000000000e+01
6.343750000000000000e+00
-1.468750000000000000e+01
5.025000000000000000e+01
-1.231250000000000000e+01
-6.593750000000000000e+00
-2.962500000000000000e+01
-1.226562500000000000e+00
-1.143750000000000000e+01
-6.289062500000000000e-01
-2.637500000000000000e+01
-1.637500000000000000e+01
-2.562500000000000000e+01
2.837500000000000000e+01
3.375000000000000000e+00
2.412500000000000000e+01
2.750000000000000000e+00
3.890625000000000000e+00
2.250000000000000000e+01
-1.118750000000000000e+01
-3.953125000000000000e+00
-2.087500000000000000e+01
-1.125000000000000000e+01
8.100000000000000000e+01
4.475000000000000000e+01
1.862500000000000000e+01
-5.625000000000000000e+00
-3.046875000000000000e+00
-1.206250000000000000e+01
-2.137500000000000000e+01
1.343750000000000000e+00
-2.087500000000000000e+01
-1.281250000000000000e+01
1.185000000000000000e+02
2.612500000000000000e+01
-8.187500000000000000e+00
-3.062500000000000000e+00
7.100000000000000000e+01
-6.500000000000000000e+00
-1.131250000000000000e+01
2.140625000000000000e+00
6.300000000000000000e+01
3.100000000000000000e+01
-4.218750000000000000e+00
-1.435546875000000000e-01
-4.281250000000000000e+00
-1.820312500000000000e+00
5.225000000000000000e+01
-1.581250000000000000e+01
-5.843750000000000000e+00
-4.812500000000000000e+00
-5.750000000000000000e+00
2.187500000000000000e+01
-5.225000000000000000e+01
-9.000000000000000000e+00
-7.031250000000000000e+00
-4.031250000000000000e+00
-1.368750000000000000e+01
-3.296875000000000000e+00
-1.650000000000000000e+01
1.600000000000000000e+01
-5.750000000000000000e+00
3.162500000000000000e+01
1.375000000000000000e+01
7.000000000000000000e+01
3.112500000000000000e+01
-6.531250000000000000e+00
-5.750000000000000000e+00
-2.962500000000000000e+01
1.131250000000000000e+01
-1.331250000000000000e+01
1.000000000000000000e+02
-7.000000000000000000e+00
-3.500000000000000000e+00
4.975000000000000000e+01
1.350000000000000000e+01
-1.500000000000000000e+01
2.687500000000000000e+00
-1.318750000000000000e+01
3.037500000000000000e+01
1.293750000000000000e+01
2.412500000000000000e+01
-1.062500000000000000e+01
7.850000000000000000e+01
-1.987500000000000000e+01
3.525000000000000000e+01
2.712500000000000000e+01
1.105000000000000000e+02
-1.393750000000000000e+01
-8.312500000000000000e+00
1.200000000000000000e+01
-8.937500000000000000e+00
7.450000000000000000e+01
-1.531250000000000000e+01
-3.703125000000000000e+00
-7.843750000000000000e+00
-1.318750000000000000e+01
2.431640625000000000e-01
3.162500000000000000e+01
1.737500000000000000e+01
6.800000000000000000e+01
-7.304687500000000000e-01
5.625000000000000000e+01
-4.343750000000000000e+00
1.593750000000000000e+00
8.437500000000000000e-01
-1.381250000000000000e+01
2.921875000000000000e+00
2.109375000000000000e+00
3.225000000000000000e+01
4.025000000000000000e+01
-9.625000000000000000e+00
3.225000000000000000e+01
2.578125000000000000e+00
1.075000000000000000e+01
-7.500000000000000000e+00
2.762500000000000000e+01
6.125000000000000000e+01
3.700000000000000000e+01
-2.112500000000000000e+01
-3.859375000000000000e+00
-2.637500000000000000e+01
6.700000000000000000e+01
8.062500000000000000e+00
1.585937500000000000e+00
-1.168750000000000000e+01
4.625000000000000000e+00
2.487500000000000000e+01
-7.656250000000000000e+00
4.475000000000000000e+01
3.037500000000000000e+01
1.318750000000000000e+01
8.800000000000000000e+01
3.164062500000000000e-01
1.040000000000000000e+02
-5.500000000000000000e+00
-3.687500000000000000e+00
1.937500000000000000e+00
7.850000000000000000e+01
-3.984375000000000000e+00
-1.812500000000000000e+01
5.273437500000000000e-01
6.000000000000000000e+01
-2.962500000000000000e+01
-1.243750000000000000e+01
2.837500000000000000e+01
4.050000000000000000e+01
-9.937500000000000000e+00
4.200000000000000000e+01
-8.312500000000000000e+00
3.328125000000000000e+00
-9.687500000000000000e+00
6.075000000000000000e+01
6.800000000000000000e+01
1.725000000000000000e+01
-5.000000000000000000e+01
1.055000000000000000e+02
-1.617187500000000000e+00
-4.062500000000000000e-01
6.656250000000000000e+00
-2.640625000000000000e+00
7.800000000000000000e+01
-1.143750000000000000e+01
-5.781250000000000000e-01
-7.781250000000000000e+00
5.125000000000000000e+01
-5.656250000000000000e+00
-8.500000000000000000e+00
9.600000000000000000e+01
9.600000000000000000e+01
-1.476562500000000000e+00
-2.421875000000000000e+00
-5.750000000000000000e+00
-2.150000000000000000e+01
1.025000000000000000e+01
-1.281250000000000000e+01
-3.078125000000000000e+00
1.400000000000000000e+01
-6.992187500000000000e-01
-5.000000000000000000e+01
-9.562500000000000000e+00
-4.343750000000000000e+00
-4.511718750000000000e-01
1.218750000000000000e+00
-5.218750000000000000e+00
5.000000000000000000e-01
-7.500000000000000000e+00
1.015000000000000000e+02
-1.225000000000000000e+01
9.650000000000000000e+01
-5.656250000000000000e+00
1.712500000000000000e+01
-5.531250000000000000e+00
-1.575000000000000000e+01
-2.137500000000000000e+01
-1.431250000000000000e+01
-2.262500000000000000e+01
-2.750000000000000000e+01
-1.443750000000000000e+01
-4.625000000000000000e+00
-1.181250000000000000e+01
-1.625000000000000000e+01
-8.945312500000000000e-01
-1.862500000000000000e+01
3.393554687500000000e-02
1.507812500000000000e+00
-5.375000000000000000e+00
-5.343750000000000000e+00
-1.781250000000000000e+00
-1.306250000000000000e+01
1.875000000000000000e+01
-2.937500000000000000e+00
5.900000000000000000e+01
4.025000000000000000e+01
9.950000000000000000e+01
1.662500000000000000e+01
4.500000000000000000e+01
2.712500000000000000e+01
-4.781250000000000000e+00
-1.675000000000000000e+01
-2.250000000000000000e+00
-8.937500000000000000e+00
-1.562500000000000000e-01
2.812500000000000000e+01
1.425000000000000000e+01
-2.451171875000000000e-01
-1.318750000000000000e+01
1.687500000000000000e+00
1.468750000000000000e+01
-6.281250000000000000e+00
-1.193750000000000000e+01
-8.687500000000000000e+00
1.687500000000000000e+01
3.475000000000000000e+01
-1.700000000000000000e+01
3.050000000000000000e+01
-3.921875000000000000e+00
3.769531250000000000e-01
-1.125000000000000000e+01
8.100000000000000000e+01
3.625000000000000000e+01
3.000000000000000000e+01
6.781250000000000000e+00
-3.457031250000000000e-01
8.550000000000000000e+01
-4.785156250000000000e-01
-5.031250000000000000e+00
2.750000000000000000e+01
-1.018750000000000000e+01
-1.550000000000000000e+01
3.200000000000000000e+01
9.562500000000000000e+00
-1.962500000000000000e+01
-7.625000000000000000e+00
4.900000000000000000e+01
2.800000000000000000e+01
-4.718750000000000000e+00
-1.350000000000000000e+01
3.425000000000000000e+01
2.262500000000000000e+01
1.382812500000000000e+00
4.825000000000000000e+01
-1.612500000000000000e+01
-1.250000000000000000e+00
-1.468750000000000000e+01
1.570312500000000000e+00
-1.862500000000000000e+01
5.000000000000000000e+00
6.468750000000000000e+00
1.268750000000000000e+01
2.392578125000000000e-01
-1.218750000000000000e+01
8.150000000000000000e+01
-4.031250000000000000e+00
1.020000000000000000e+02
2.350000000000000000e+01
-1.600000000000000000e+01
-2.171875000000000000e+00
2.550000000000000000e+01
1.850000000000000000e+01
3.137500000000000000e+01
-3.828125000000000000e+00
4.400000000000000000e+01
-1.900000000000000000e+01
-2.412500000000000000e+01
-7.093750000000000000e+00
1.737500000000000000e+01
-1.218750000000000000e+01
3.825000000000000000e+01
-1.687500000000000000e+01
5.925000000000000000e+01
-1.131250000000000000e+01
3.525000000000000000e+01
-2.287500000000000000e+01
4.725000000000000000e+01
-1.812500000000000000e+01
6.750000000000000000e+01
-4.656250000000000000e+00
-5.468750000000000000e-01
6.650000000000000000e+01
4.400000000000000000e+01
3.000000000000000000e+00
-6.906250000000000000e+00
3.150000000000000000e+01
-2.187500000000000000e+00
-2.162500000000000000e+01
2.787500000000000000e+01
4.175000000000000000e+01
-1.118750000000000000e+01
1.450000000000000000e+01
7.850000000000000000e+01
-1.250000000000000000e+01
2.000000000000000000e+01
-1.962500000000000000e+01
5.406250000000000000e+00
-6.906250000000000000e+00
-1.601562500000000000e+00
-2.125000000000000000e+01
3.200000000000000000e+01
-1.406250000000000000e+01
7.900000000000000000e+01
