8.750000000000000000e-01
-7.812500000000000000e-03
-2.125000000000000000e+00
1.898437500000000000e+00
-5.859375000000000000e-01
1.164062500000000000e+00
1.773437500000000000e+00
1.335937500000000000e+00
-1.460937500000000000e+00
-1.593750000000000000e+00
1.882812500000000000e+00
1.726562500000000000e+00
2.296875000000000000e+00
7.500000000000000000e-01
1.750000000000000000e+00
1.093750000000000000e+00
-8.632812500000000000e-01
1.375000000000000000e+00
1.710937500000000000e+00
-1.156250000000000000e+00
-2.890625000000000000e-01
2.750000000000000000e+00
-4.812500000000000000e+00
-8.945312500000000000e-01
1.593750000000000000e+00
1.023437500000000000e+00
-3.046875000000000000e+00
-8.437500000000000000e-01
2.001953125000000000e-01
-1.632812500000000000e+00
2.390625000000000000e+00
1.351562500000000000e+00
2.062500000000000000e+00
-7.382812500000000000e-01
-3.027343750000000000e-01
-1.851562500000000000e+00
9.687500000000000000e-01
-4.902343750000000000e-01
5.664062500000000000e-01
-1.343750000000000000e+00
-2.753906250000000000e-01
2.921875000000000000e+00
1.406250000000000000e+00
-8.593750000000000000e-01
-1.625000000000000000e+00
1.726562500000000000e+00
1.500000000000000000e+00
-1.318359375000000000e-01
1.273437500000000000e+00
1.726562500000000000e+00
-5.351562500000000000e-01
-1.710937500000000000e+00
1.773437500000000000e+00
-1.523437500000000000e+00
1.906250000000000000e+00
1.343750000000000000e+00
-6.406250000000000000e-01
-1.539062500000000000e+00
4.609375000000000000e-01
1.335937500000000000e+00
-1.179687500000000000e+00
1.523437500000000000e+00
-5.078125000000000000e-02
2.828125000000000000e+00
2.296875000000000000e+00
-2.314453125000000000e-01
2.015625000000000000e+00
-4.316406250000000000e-01
6.982421875000000000e-02
1.179687500000000000e+00
-1.976562500000000000e+00
2.203125000000000000e+00
1.533203125000000000e-01
-1.867187500000000000e+00
2.562500000000000000e+00
3.906250000000000000e-03
3.000000000000000000e+00
1.710937500000000000e+00
2.562500000000000000e+00
4.160156250000000000e-01
2.921875000000000000e+00
1.476562500000000000e+00
-1.601562500000000000e+00
-1.242187500000000000e+00
-2.687500000000000000e+00
1.562500000000000000e+00
1.054687500000000000e+00
2.109375000000000000e+00
1.164062500000000000e+00
-2.265625000000000000e+00
-8.867187500000000000e-01
1.195312500000000000e+00
-2.453125000000000000e+00
-3.906250000000000000e-03
8.789062500000000000e-01
-1.296875000000000000e+00
2.796875000000000000e+00
1.601562500000000000e+00
-4.628906250000000000e-01
1.257812500000000000e+00
1.773437500000000000e+00
-1.773437500000000000e+00
-1.585937500000000000e+00
1.960937500000000000e+00
2.484375000000000000e+00
2.640625000000000000e+00
-3.261718750000000000e-01
2.078125000000000000e+00
-1.210937500000000000e+00
-4.687500000000000000e-01
2.984375000000000000e+00
-4.433593750000000000e-01
1.429687500000000000e+00
-1.273437500000000000e+00
-1.000000000000000000e+00
2.859375000000000000e+00
1.312500000000000000e+00
-1.585937500000000000e+00
-1.500000000000000000e+00
-6.875000000000000000e-01
-1.539062500000000000e+00
-1.414062500000000000e+00
-3.300781250000000000e-01
2.140625000000000000e+00
1.617187500000000000e+00
1.117187500000000000e+00
2.328125000000000000e+00
2.875000000000000000e+00
2.125000000000000000e+00
1.265625000000000000e+00
1.898437500000000000e+00
8.281250000000000000e-01
1.382812500000000000e+00
-1.289062500000000000e+00
-1.679687500000000000e+00
-6.093750000000000000e-01
-2.890625000000000000e-01
1.843750000000000000e+00
2.296875000000000000e+00
-1.992187500000000000e+00
-6.523437500000000000e-01
2.046875000000000000e+00
2.703125000000000000e+00
1.187500000000000000e+00
2.359375000000000000e+00
-8.085937500000000000e-01
1.617187500000000000e+00
-1.023437500000000000e+00
2.109375000000000000e+00
2.437500000000000000e+00
1.187500000000000000e+00
-3.964843750000000000e-01
-1.445312500000000000e+00
3.125000000000000000e-01
-1.226562500000000000e+00
-1.625000000000000000e+00
-8.007812500000000000e-01
-8.906250000000000000e-01
4.140625000000000000e-01
-9.687500000000000000e-01
-5.117187500000000000e-01
-9.843750000000000000e-01
1.210937500000000000e+00
-2.484375000000000000e+00
-8.105468750000000000e-02
2.687500000000000000e+00
-1.617187500000000000e+00
-2.519531250000000000e-01
2.390625000000000000e+00
-1.585937500000000000e+00
1.554687500000000000e+00
-1.437500000000000000e+00
3.000000000000000000e+00
2.187500000000000000e+00
-1.542968750000000000e-01
2.453125000000000000e+00
-9.130859375000000000e-02
2.531250000000000000e+00
1.648437500000000000e+00
2.000000000000000000e+00
2.558593750000000000e-01
2.296875000000000000e+00
-6.640625000000000000e-02
-5.898437500000000000e-01
7.500000000000000000e-01
3.000000000000000000e+00
1.773437500000000000e+00
9.375000000000000000e-01
-7.617187500000000000e-01
1.164062500000000000e+00
2.171875000000000000e+00
-9.062500000000000000e-01
1.835937500000000000e+00
2.859375000000000000e+00
1.625000000000000000e+00
-2.910156250000000000e-01
1.835937500000000000e-01
-8.007812500000000000e-01
-1.414062500000000000e+00
-9.960937500000000000e-01
8.867187500000000000e-01
3.359375000000000000e-01
-2.333984375000000000e-01
-3.437500000000000000e-01
4.667968750000000000e-01
1.992187500000000000e+00
-4.589843750000000000e-01
-1.523437500000000000e+00
1.875000000000000000e+00
1.585937500000000000e+00
-1.218750000000000000e+00
1.812500000000000000e+00
-1.328125000000000000e+00
1.835937500000000000e+00
-3.222656250000000000e-01
3.078125000000000000e+00
1.101562500000000000e+00
2.062500000000000000e+00
5.820312500000000000e-01
-6.679687500000000000e-01
-1.335937500000000000e+00
3.691406250000000000e-01
1.101562500000000000e+00
-5.004882812500000000e-02
-2.796875000000000000e+00
-1.750000000000000000e+00
-7.695312500000000000e-01
-1.656250000000000000e+00
-9.882812500000000000e-01
2.171875000000000000e+00
-1.054687500000000000e+00
1.718750000000000000e+00
5.156250000000000000e-01
1.826171875000000000e-01
-5.351562500000000000e-01
-1.382812500000000000e+00
-1.748046875000000000e-01
1.898437500000000000e+00
-2.406250000000000000e+00
-1.250000000000000000e+00
2.609375000000000000e+00
9.687500000000000000e-01
8.554687500000000000e-01
4.824218750000000000e-01
-1.196289062500000000e-01
-1.046875000000000000e+00
-6.601562500000000000e-01
-5.195312500000000000e-01
-8.867187500000000000e-01
-1.468750000000000000e+00
-2.406250000000000000e+00
-1.539062500000000000e+00
1.664062500000000000e+00
-1.328125000000000000e+00
2.093750000000000000e+00
1.468750000000000000e+00
-1.750000000000000000e+00
-1.750000000000000000e+00
-5.898437500000000000e-01
-4.316406250000000000e-01
-1.101562500000000000e+00
-8.007812500000000000e-01
-1.375000000000000000e+00
-1.884765625000000000e-01
1.351562500000000000e+00
5.664062500000000000e-01
-1.023437500000000000e+00
-9.257812500000000000e-01
-9.570312500000000000e-02
-1.351562500000000000e+00
-1.375000000000000000e+00
-7.929687500000000000e-01
-9.882812500000000000e-01
1.617187500000000000e+00
-7.695312500000000000e-01
-1.468750000000000000e+00
2.187500000000000000e+00
-7.812500000000000000e-02
1.937500000000000000e+00
1.945312500000000000e+00
1.414062500000000000e+00
-1.242187500000000000e+00
-5.786132812500000000e-02
-9.687500000000000000e-01
4.082031250000000000e-01
-6.367187500000000000e-01
8.750000000000000000e-01
1.625000000000000000e+00
-1.117187500000000000e+00
-1.218750000000000000e+00
1.601562500000000000e+00
1.898437500000000000e+00
-2.328125000000000000e+00
1.093750000000000000e+00
-1.031250000000000000e+00
2.328125000000000000e+00
1.523437500000000000e+00
2.949218750000000000e-01
1.726562500000000000e+00
6.718750000000000000e-01
1.601562500000000000e+00
9.257812500000000000e-01
2.531250000000000000e+00
2.750000000000000000e+00
1.226562500000000000e+00
2.859375000000000000e+00
-1.429687500000000000e+00
4.433593750000000000e-01
1.171875000000000000e+00
-3.261718750000000000e-01
1.273437500000000000e+00
-1.884765625000000000e-01
1.343750000000000000e+00
2.046875000000000000e+00
1.570312500000000000e+00
-1.554687500000000000e+00
-1.406250000000000000e+00
1.742187500000000000e+00
1.437500000000000000e+00
-1.476562500000000000e+00
-1.687500000000000000e+00
1.523437500000000000e+00
2.578125000000000000e+00
1.781250000000000000e+00
-3.125000000000000000e+00
-1.187500000000000000e+00
-3.378906250000000000e-01
6.601562500000000000e-01
1.398437500000000000e+00
-1.718750000000000000e+00
1.070312500000000000e+00
1.812500000000000000e+00
2.328125000000000000e+00
2.234375000000000000e+00
-2.562500000000000000e+00
-3.375000000000000000e+00
1.591796875000000000e-01
-8.867187500000000000e-01
-1.257812500000000000e+00
-4.711914062500000000e-02
-1.757812500000000000e+00
2.421875000000000000e+00
1.093750000000000000e+00
1.398437500000000000e+00
-1.406250000000000000e+00
2.921875000000000000e+00
2.675781250000000000e-01
2.875000000000000000e+00
-1.320312500000000000e+00
-1.445312500000000000e+00
-1.117187500000000000e+00
1.320312500000000000e+00
6.884765625000000000e-02
1.812500000000000000e+00
-4.316406250000000000e-01
-1.039062500000000000e+00
1.437500000000000000e+00
-1.554687500000000000e+00
-6.289062500000000000e-01
-4.281250000000000000e+00
-5.000000000000000000e-01
-1.320312500000000000e+00
-3.078125000000000000e+00
1.976562500000000000e+00
1.648437500000000000e+00
-2.392578125000000000e-01
1.054687500000000000e+00
-1.351562500000000000e+00
-2.359375000000000000e+00
2.203125000000000000e+00
1.562500000000000000e+00
-8.476562500000000000e-01
1.976562500000000000e+00
2.750000000000000000e+00
-1.000976562500000000e-01
1.789062500000000000e+00
-8.632812500000000000e-01
1.195312500000000000e+00
6.396484375000000000e-02
-1.164062500000000000e+00
-1.562500000000000000e+00
1.960937500000000000e+00
8.476562500000000000e-01
3.125000000000000000e-01
