-7.382812500000000000e-01
-4.418945312500000000e-02
-1.562500000000000000e+00
1.101562500000000000e+00
-4.453125000000000000e-01
1.125000000000000000e+00
1.070312500000000000e+00
7.812500000000000000e-01
-9.687500000000000000e-01
-1.367187500000000000e+00
1.179687500000000000e+00
1.226562500000000000e+00
1.773437500000000000e+00
4.003906250000000000e-01
9.726562500000000000e-01
4.628906250000000000e-01
1.108398437500000000e-01
7.617187500000000000e-01
3.613281250000000000e-01
-1.250000000000000000e+00
-3.261718750000000000e-01
2.875000000000000000e+00
-4.906250000000000000e+00
-3.339843750000000000e-01
8.867187500000000000e-01
3.339843750000000000e-01
-3.171875000000000000e+00
-8.867187500000000000e-01
1.513671875000000000e-01
-1.164062500000000000e+00
1.250000000000000000e+00
1.695312500000000000e+00
1.226562500000000000e+00
-6.054687500000000000e-01
-4.785156250000000000e-01
-1.585937500000000000e+00
1.343750000000000000e+00
-7.656250000000000000e-01
1.054687500000000000e-01
-1.039062500000000000e+00
-2.294921875000000000e-01
1.687500000000000000e+00
8.867187500000000000e-01
-2.929687500000000000e-01
-1.492187500000000000e+00
1.210937500000000000e+00
1.132812500000000000e+00
1.118164062500000000e-01
1.289062500000000000e+00
8.750000000000000000e-01
-4.082031250000000000e-01
-1.445312500000000000e+00
1.906250000000000000e+00
-7.070312500000000000e-01
1.062500000000000000e+00
2.968750000000000000e-01
-2.792968750000000000e-01
-2.562500000000000000e+00
4.160156250000000000e-01
7.148437500000000000e-01
-1.031250000000000000e+00
9.726562500000000000e-01
-1.474609375000000000e-01
1.914062500000000000e+00
1.601562500000000000e+00
2.062988281250000000e-02
9.531250000000000000e-01
-1.787109375000000000e-01
1.630859375000000000e-01
7.695312500000000000e-01
-1.562500000000000000e+00
1.585937500000000000e+00
1.591796875000000000e-01
-1.468750000000000000e+00
2.500000000000000000e+00
3.750000000000000000e-01
1.820312500000000000e+00
1.226562500000000000e+00
1.492187500000000000e+00
3.750000000000000000e-01
2.484375000000000000e+00
7.500000000000000000e-01
-1.265625000000000000e+00
-7.773437500000000000e-01
-2.125000000000000000e+00
1.218750000000000000e+00
-8.056640625000000000e-02
1.117187500000000000e+00
6.875000000000000000e-01
-1.937500000000000000e+00
-7.617187500000000000e-01
9.375000000000000000e-01
-1.242187500000000000e+00
-1.434326171875000000e-02
1.343750000000000000e+00
-8.437500000000000000e-01
5.742187500000000000e-01
8.242187500000000000e-01
-8.164062500000000000e-01
1.101562500000000000e+00
6.718750000000000000e-01
-1.695312500000000000e+00
-8.125000000000000000e-01
1.851562500000000000e+00
1.281250000000000000e+00
1.562500000000000000e+00
-4.531250000000000000e-01
1.914062500000000000e+00
-1.148437500000000000e+00
-5.117187500000000000e-01
1.687500000000000000e+00
-6.210937500000000000e-01
1.429687500000000000e+00
-7.539062500000000000e-01
-6.875000000000000000e-01
1.710937500000000000e+00
2.015625000000000000e+00
-1.156250000000000000e+00
-1.507812500000000000e+00
-5.117187500000000000e-01
-1.062500000000000000e+00
-1.257812500000000000e+00
-3.847656250000000000e-01
1.156250000000000000e+00
1.343750000000000000e+00
4.785156250000000000e-01
1.750000000000000000e+00
1.523437500000000000e+00
1.257812500000000000e+00
9.843750000000000000e-01
1.820312500000000000e+00
8.125000000000000000e-01
7.617187500000000000e-01
-1.031250000000000000e+00
-1.914062500000000000e+00
-2.343750000000000000e-02
-3.535156250000000000e-01
6.757812500000000000e-01
1.562500000000000000e+00
-1.523437500000000000e+00
-8.906250000000000000e-01
1.843750000000000000e+00
1.601562500000000000e+00
5.742187500000000000e-01
1.476562500000000000e+00
-6.445312500000000000e-01
1.435546875000000000e-01
-1.023437500000000000e+00
1.125000000000000000e+00
1.343750000000000000e+00
-3.339843750000000000e-01
-3.105468750000000000e-01
-1.218750000000000000e+00
-7.812500000000000000e-02
-1.125000000000000000e+00
-2.359375000000000000e+00
-5.742187500000000000e-01
-8.085937500000000000e-01
3.339843750000000000e-01
-9.531250000000000000e-01
-6.015625000000000000e-01
-1.164062500000000000e+00
7.343750000000000000e-01
-2.578125000000000000e+00
-5.078125000000000000e-01
1.445312500000000000e+00
-1.289062500000000000e+00
-1.074218750000000000e-01
2.312500000000000000e+00
-1.054687500000000000e+00
9.726562500000000000e-01
-9.257812500000000000e-01
1.914062500000000000e+00
1.132812500000000000e+00
-3.088378906250000000e-02
1.398437500000000000e+00
-2.265625000000000000e-01
2.078125000000000000e+00
1.812500000000000000e+00
1.109375000000000000e+00
-7.812500000000000000e-01
1.335937500000000000e+00
2.158203125000000000e-01
-4.843750000000000000e-01
5.898437500000000000e-01
1.632812500000000000e+00
1.171875000000000000e+00
7.031250000000000000e-01
-8.437500000000000000e-01
8.242187500000000000e-01
1.367187500000000000e+00
-9.179687500000000000e-01
1.007812500000000000e+00
1.750000000000000000e+00
8.945312500000000000e-01
-1.468750000000000000e+00
1.279296875000000000e-01
-1.851562500000000000e+00
-1.320312500000000000e+00
-7.695312500000000000e-01
6.757812500000000000e-01
-9.804687500000000000e-01
-3.593750000000000000e-01
-4.785156250000000000e-01
4.042968750000000000e-01
9.687500000000000000e-01
-1.914062500000000000e-01
-1.320312500000000000e+00
9.804687500000000000e-01
7.304687500000000000e-01
-1.031250000000000000e+00
9.726562500000000000e-01
-1.117187500000000000e+00
1.335937500000000000e+00
-4.843750000000000000e-01
1.601562500000000000e+00
-2.343750000000000000e-02
1.164062500000000000e+00
2.636718750000000000e-01
-2.046875000000000000e+00
-9.570312500000000000e-01
2.119140625000000000e-01
5.781250000000000000e-01
1.259765625000000000e-01
-3.187500000000000000e+00
-1.320312500000000000e+00
-5.781250000000000000e-01
-1.687500000000000000e+00
-1.679687500000000000e+00
1.539062500000000000e+00
-6.367187500000000000e-01
1.015625000000000000e-01
-5.429687500000000000e-01
-1.435546875000000000e-01
-3.613281250000000000e-01
-1.375000000000000000e+00
-4.418945312500000000e-02
1.101562500000000000e+00
-1.742187500000000000e+00
-1.328125000000000000e+00
1.656250000000000000e+00
1.343750000000000000e+00
1.492187500000000000e+00
-1.953125000000000000e-01
-4.121093750000000000e-01
-1.085937500000000000e+00
-1.132812500000000000e+00
-4.453125000000000000e-01
-7.656250000000000000e-01
-1.445312500000000000e+00
-3.328125000000000000e+00
-1.187500000000000000e+00
-4.418945312500000000e-02
-1.062500000000000000e+00
1.320312500000000000e+00
9.687500000000000000e-01
-1.468750000000000000e+00
-1.171875000000000000e+00
-7.539062500000000000e-01
-4.218750000000000000e-01
-8.281250000000000000e-01
-3.144531250000000000e-01
-1.078125000000000000e+00
-4.589843750000000000e-01
1.046875000000000000e+00
4.843750000000000000e-01
-7.617187500000000000e-01
-8.320312500000000000e-01
-8.837890625000000000e-02
-1.351562500000000000e+00
-1.187500000000000000e+00
-8.437500000000000000e-01
-7.812500000000000000e-01
9.531250000000000000e-01
-4.941406250000000000e-01
-1.632812500000000000e+00
1.257812500000000000e+00
-1.437500000000000000e+00
1.218750000000000000e+00
8.945312500000000000e-01
4.824218750000000000e-01
-1.226562500000000000e+00
3.417968750000000000e-01
-6.914062500000000000e-01
4.062500000000000000e-01
-3.496093750000000000e-01
4.003906250000000000e-01
1.000000000000000000e+00
-8.554687500000000000e-01
-9.492187500000000000e-01
1.218750000000000000e+00
1.164062500000000000e+00
-1.679687500000000000e+00
8.125000000000000000e-01
-7.617187500000000000e-01
1.625000000000000000e+00
8.437500000000000000e-01
5.351562500000000000e-01
1.117187500000000000e+00
5.468750000000000000e-01
1.539062500000000000e+00
9.960937500000000000e-01
8.867187500000000000e-01
1.710937500000000000e+00
4.980468750000000000e-01
2.171875000000000000e+00
-1.218750000000000000e+00
-4.531250000000000000e-01
1.101562500000000000e+00
-4.956054687500000000e-02
5.468750000000000000e-01
-4.687500000000000000e-01
9.687500000000000000e-01
1.156250000000000000e+00
1.031250000000000000e+00
-1.296875000000000000e+00
-1.265625000000000000e+00
8.320312500000000000e-01
8.085937500000000000e-01
-1.257812500000000000e+00
-1.195312500000000000e+00
7.382812500000000000e-01
1.437500000000000000e+00
1.632812500000000000e+00
-3.375000000000000000e+00
-1.039062500000000000e+00
-6.679687500000000000e-01
7.812500000000000000e-01
1.023437500000000000e+00
-1.367187500000000000e+00
6.054687500000000000e-01
1.187500000000000000e+00
1.726562500000000000e+00
2.031250000000000000e+00
-1.937500000000000000e+00
-3.296875000000000000e+00
1.040039062500000000e-01
-2.046875000000000000e+00
-1.351562500000000000e+00
8.447265625000000000e-02
-1.398437500000000000e+00
1.406250000000000000e+00
4.082031250000000000e-01
6.914062500000000000e-01
-1.132812500000000000e+00
1.781250000000000000e+00
-1.914062500000000000e-01
3.359375000000000000e+00
-1.320312500000000000e+00
-1.265625000000000000e+00
-7.539062500000000000e-01
5.742187500000000000e-01
2.609252929687500000e-03
7.031250000000000000e-01
2.795410156250000000e-02
-1.250000000000000000e+00
1.804687500000000000e+00
-2.109375000000000000e+00
-2.353515625000000000e-01
-4.218750000000000000e+00
-3.242187500000000000e-01
-1.234375000000000000e+00
-3.562500000000000000e+00
1.054687500000000000e+00
1.281250000000000000e+00
-2.949218750000000000e-01
3.105468750000000000e-01
-8.593750000000000000e-01
-2.312500000000000000e+00
1.445312500000000000e+00
6.445312500000000000e-01
-8.867187500000000000e-01
1.328125000000000000e+00
1.312500000000000000e+00
-1.787109375000000000e-01
9.375000000000000000e-01
-5.039062500000000000e-01
7.851562500000000000e-01
-1.152343750000000000e-01
-8.437500000000000000e-01
-1.171875000000000000e+00
1.164062500000000000e+00
1.523437500000000000e+00
-8.945312500000000000e-01
