-1.460937500000000000e+00
-1.533203125000000000e-01
-1.437500000000000000e+00
7.500000000000000000e-01
-4.277343750000000000e-01
9.257812500000000000e-01
6.445312500000000000e-01
4.003906250000000000e-01
-9.101562500000000000e-01
-1.210937500000000000e+00
7.851562500000000000e-01
1.062500000000000000e+00
1.320312500000000000e+00
2.675781250000000000e-01
6.210937500000000000e-01
1.015625000000000000e-01
5.351562500000000000e-01
4.121093750000000000e-01
-2.109375000000000000e-01
-8.437500000000000000e-01
-2.832031250000000000e-01
2.734375000000000000e+00
-4.718750000000000000e+00
-4.218750000000000000e-01
5.507812500000000000e-01
5.859375000000000000e-02
-2.984375000000000000e+00
-8.398437500000000000e-01
1.884765625000000000e-01
-9.375000000000000000e-01
8.710937500000000000e-01
1.937500000000000000e+00
9.101562500000000000e-01
-7.968750000000000000e-01
-2.714843750000000000e-01
-1.289062500000000000e+00
1.351562500000000000e+00
-7.070312500000000000e-01
-1.484375000000000000e-01
-6.875000000000000000e-01
-2.031250000000000000e-01
1.273437500000000000e+00
7.343750000000000000e-01
-2.597656250000000000e-01
-1.414062500000000000e+00
8.242187500000000000e-01
9.843750000000000000e-01
4.028320312500000000e-02
1.195312500000000000e+00
5.468750000000000000e-01
-2.695312500000000000e-01
-1.250000000000000000e+00
1.812500000000000000e+00
-3.613281250000000000e-01
7.304687500000000000e-01
-1.982421875000000000e-01
-6.738281250000000000e-02
-3.015625000000000000e+00
3.691406250000000000e-01
4.785156250000000000e-01
-1.007812500000000000e+00
6.875000000000000000e-01
-1.196289062500000000e-01
1.343750000000000000e+00
1.140625000000000000e+00
7.226562500000000000e-02
5.156250000000000000e-01
-3.535156250000000000e-01
3.417968750000000000e-01
4.941406250000000000e-01
-1.257812500000000000e+00
1.031250000000000000e+00
3.183593750000000000e-01
-1.531250000000000000e+00
2.250000000000000000e+00
9.882812500000000000e-01
1.296875000000000000e+00
9.218750000000000000e-01
1.039062500000000000e+00
2.949218750000000000e-01
1.914062500000000000e+00
4.531250000000000000e-01
-1.335937500000000000e+00
-8.242187500000000000e-01
-1.726562500000000000e+00
1.054687500000000000e+00
-5.898437500000000000e-01
6.992187500000000000e-01
2.949218750000000000e-01
-1.789062500000000000e+00
-5.820312500000000000e-01
7.382812500000000000e-01
-5.820312500000000000e-01
-6.591796875000000000e-02
1.539062500000000000e+00
-5.820312500000000000e-01
-4.277343750000000000e-01
5.039062500000000000e-01
-9.804687500000000000e-01
8.750000000000000000e-01
2.080078125000000000e-01
-1.562500000000000000e+00
-4.902343750000000000e-01
1.539062500000000000e+00
8.789062500000000000e-01
1.156250000000000000e+00
-2.597656250000000000e-01
1.625000000000000000e+00
-1.093750000000000000e+00
-4.218750000000000000e-01
1.140625000000000000e+00
-5.742187500000000000e-01
1.468750000000000000e+00
-4.746093750000000000e-01
-5.234375000000000000e-01
1.195312500000000000e+00
2.328125000000000000e+00
-8.750000000000000000e-01
-1.437500000000000000e+00
-2.392578125000000000e-01
-9.882812500000000000e-01
-1.132812500000000000e+00
-9.814453125000000000e-02
8.007812500000000000e-01
1.070312500000000000e+00
1.875000000000000000e-01
1.210937500000000000e+00
1.039062500000000000e+00
8.320312500000000000e-01
7.187500000000000000e-01
1.687500000000000000e+00
7.812500000000000000e-01
4.472656250000000000e-01
-9.375000000000000000e-01
-1.843750000000000000e+00
-1.279296875000000000e-01
-3.574218750000000000e-01
2.421875000000000000e-01
1.203125000000000000e+00
-1.554687500000000000e+00
-8.398437500000000000e-01
1.875000000000000000e+00
1.101562500000000000e+00
2.382812500000000000e-01
9.687500000000000000e-01
-3.730468750000000000e-01
-6.523437500000000000e-01
-9.492187500000000000e-01
7.304687500000000000e-01
8.593750000000000000e-01
-1.023437500000000000e+00
-3.125000000000000000e-01
-1.187500000000000000e+00
-3.535156250000000000e-01
-1.148437500000000000e+00
-2.812500000000000000e+00
-5.273437500000000000e-01
-7.187500000000000000e-01
2.392578125000000000e-01
-1.023437500000000000e+00
-3.847656250000000000e-01
-1.351562500000000000e+00
6.210937500000000000e-01
-2.125000000000000000e+00
-4.472656250000000000e-01
1.023437500000000000e+00
-1.179687500000000000e+00
-4.785156250000000000e-02
1.937500000000000000e+00
-4.433593750000000000e-01
6.757812500000000000e-01
-4.785156250000000000e-01
1.414062500000000000e+00
7.812500000000000000e-01
7.763671875000000000e-02
1.000000000000000000e+00
-1.875000000000000000e-01
1.500000000000000000e+00
1.750000000000000000e+00
7.070312500000000000e-01
-1.429687500000000000e+00
8.750000000000000000e-01
2.392578125000000000e-01
-2.910156250000000000e-01
5.742187500000000000e-01
1.179687500000000000e+00
7.539062500000000000e-01
4.746093750000000000e-01
-1.031250000000000000e+00
5.117187500000000000e-01
8.632812500000000000e-01
-8.007812500000000000e-01
7.304687500000000000e-01
1.335937500000000000e+00
6.054687500000000000e-01
-2.078125000000000000e+00
1.186523437500000000e-01
-2.328125000000000000e+00
-1.226562500000000000e+00
-5.820312500000000000e-01
3.437500000000000000e-01
-1.562500000000000000e+00
-3.359375000000000000e-01
-5.156250000000000000e-01
5.468750000000000000e-01
6.835937500000000000e-01
1.669921875000000000e-01
-1.117187500000000000e+00
5.898437500000000000e-01
3.691406250000000000e-01
-1.054687500000000000e+00
6.484375000000000000e-01
-1.046875000000000000e+00
9.882812500000000000e-01
-6.445312500000000000e-01
1.070312500000000000e+00
-6.562500000000000000e-01
7.187500000000000000e-01
1.533203125000000000e-01
-2.515625000000000000e+00
-8.242187500000000000e-01
1.914062500000000000e-01
3.007812500000000000e-01
1.650390625000000000e-01
-3.437500000000000000e+00
-1.062500000000000000e+00
-3.750000000000000000e-01
-1.492187500000000000e+00
-2.187500000000000000e+00
1.117187500000000000e+00
-4.433593750000000000e-01
-6.718750000000000000e-01
-8.632812500000000000e-01
-1.611328125000000000e-01
-4.707031250000000000e-01
-1.289062500000000000e+00
-5.195312500000000000e-01
6.875000000000000000e-01
-1.500000000000000000e+00
-1.312500000000000000e+00
1.210937500000000000e+00
1.437500000000000000e+00
2.187500000000000000e+00
-7.070312500000000000e-01
-4.902343750000000000e-01
-8.945312500000000000e-01
-1.062500000000000000e+00
-5.273437500000000000e-01
-4.785156250000000000e-01
-1.351562500000000000e+00
-3.671875000000000000e+00
-1.164062500000000000e+00
-8.085937500000000000e-01
-9.960937500000000000e-01
9.179687500000000000e-01
6.679687500000000000e-01
-1.460937500000000000e+00
-8.710937500000000000e-01
-6.289062500000000000e-01
-6.406250000000000000e-01
-8.945312500000000000e-01
-1.591796875000000000e-01
-1.039062500000000000e+00
-9.570312500000000000e-01
7.304687500000000000e-01
5.429687500000000000e-01
-9.218750000000000000e-01
-7.812500000000000000e-01
-2.734375000000000000e-02
-1.226562500000000000e+00
-9.062500000000000000e-01
-9.062500000000000000e-01
-8.281250000000000000e-01
7.656250000000000000e-01
-3.359375000000000000e-01
-1.414062500000000000e+00
8.750000000000000000e-01
-2.015625000000000000e+00
8.320312500000000000e-01
4.375000000000000000e-01
1.043701171875000000e-02
-1.179687500000000000e+00
4.277343750000000000e-01
-5.664062500000000000e-01
5.000000000000000000e-01
-3.105468750000000000e-01
2.021484375000000000e-01
5.976562500000000000e-01
-6.914062500000000000e-01
-8.906250000000000000e-01
9.570312500000000000e-01
7.304687500000000000e-01
-8.867187500000000000e-01
6.992187500000000000e-01
-6.679687500000000000e-01
1.351562500000000000e+00
5.117187500000000000e-01
6.132812500000000000e-01
9.062500000000000000e-01
2.949218750000000000e-01
1.289062500000000000e+00
1.132812500000000000e+00
2.656250000000000000e-01
1.312500000000000000e+00
1.679687500000000000e-01
1.773437500000000000e+00
-1.054687500000000000e+00
-7.968750000000000000e-01
1.031250000000000000e+00
-2.294921875000000000e-01
2.792968750000000000e-01
-2.001953125000000000e-01
5.468750000000000000e-01
8.476562500000000000e-01
6.054687500000000000e-01
-1.312500000000000000e+00
-1.210937500000000000e+00
4.628906250000000000e-01
4.140625000000000000e-01
-9.570312500000000000e-01
-1.031250000000000000e+00
3.769531250000000000e-01
9.882812500000000000e-01
1.312500000000000000e+00
-3.265625000000000000e+00
-1.054687500000000000e+00
-7.070312500000000000e-01
8.437500000000000000e-01
6.406250000000000000e-01
-1.296875000000000000e+00
3.906250000000000000e-01
9.804687500000000000e-01
1.125000000000000000e+00
1.710937500000000000e+00
-1.789062500000000000e+00
-3.015625000000000000e+00
2.812500000000000000e-01
-2.562500000000000000e+00
-1.406250000000000000e+00
3.491210937500000000e-02
-1.195312500000000000e+00
9.218750000000000000e-01
-5.468750000000000000e-02
4.824218750000000000e-01
-1.078125000000000000e+00
1.242187500000000000e+00
-9.326171875000000000e-02
3.484375000000000000e+00
-1.210937500000000000e+00
-1.070312500000000000e+00
-7.539062500000000000e-01
2.656250000000000000e-01
-3.833007812500000000e-02
2.519531250000000000e-01
-1.835937500000000000e-01
-1.492187500000000000e+00
2.171875000000000000e+00
-2.500000000000000000e+00
-1.884765625000000000e-01
-3.796875000000000000e+00
-2.070312500000000000e-01
-8.750000000000000000e-01
-3.734375000000000000e+00
6.250000000000000000e-01
8.281250000000000000e-01
-1.093750000000000000e-01
9.912109375000000000e-02
-5.429687500000000000e-01
-1.960937500000000000e+00
9.570312500000000000e-01
2.890625000000000000e-01
-8.281250000000000000e-01
8.476562500000000000e-01
8.242187500000000000e-01
-2.138671875000000000e-01
5.937500000000000000e-01
-6.757812500000000000e-01
5.390625000000000000e-01
-2.460937500000000000e-01
-7.187500000000000000e-01
-1.148437500000000000e+00
7.812500000000000000e-01
1.812500000000000000e+00
-1.414062500000000000e+00
