1.343750000000000000e+01
-6.562500000000000000e-01
-3.640625000000000000e+00
5.343750000000000000e+00
-1.304687500000000000e+00
-6.328125000000000000e-01
3.421875000000000000e+00
3.828125000000000000e+00
-2.125000000000000000e+00
-1.773437500000000000e+00
4.031250000000000000e+00
2.484375000000000000e+00
3.000000000000000000e+00
1.304687500000000000e+00
4.937500000000000000e+00
3.421875000000000000e+00
-4.500000000000000000e+00
3.921875000000000000e+00
1.268750000000000000e+01
-1.242187500000000000e+00
-1.789062500000000000e+00
1.476562500000000000e+00
3.062500000000000000e+00
-1.335937500000000000e+00
4.531250000000000000e+00
3.609375000000000000e+00
3.484375000000000000e+00
-9.804687500000000000e-01
1.125000000000000000e+00
-3.546875000000000000e+00
8.437500000000000000e+00
-3.750000000000000000e+00
5.968750000000000000e+00
-2.875000000000000000e+00
-1.398437500000000000e+00
-2.046875000000000000e+00
9.521484375000000000e-02
3.637695312500000000e-02
3.375000000000000000e+00
-2.828125000000000000e+00
-1.179687500000000000e+00
8.250000000000000000e+00
2.484375000000000000e+00
-1.976562500000000000e+00
-1.710937500000000000e+00
2.375000000000000000e+00
1.625000000000000000e+00
-1.023437500000000000e+00
1.357421875000000000e-01
7.500000000000000000e+00
5.218505859375000000e-03
-1.812500000000000000e+00
-4.687500000000000000e-02
-3.000000000000000000e+00
6.125000000000000000e+00
9.562500000000000000e+00
-3.546875000000000000e+00
1.043750000000000000e+01
1.171875000000000000e+00
3.437500000000000000e+00
-1.492187500000000000e+00
2.078125000000000000e+00
8.007812500000000000e-01
6.531250000000000000e+00
3.375000000000000000e+00
-1.585937500000000000e+00
7.375000000000000000e+00
-1.539062500000000000e+00
5.039062500000000000e-01
-1.273437500000000000e+00
-1.820312500000000000e+00
1.750000000000000000e+00
4.218750000000000000e-01
-4.500000000000000000e+00
4.453125000000000000e-01
-5.843750000000000000e+00
6.406250000000000000e+00
2.203125000000000000e+00
5.843750000000000000e+00
1.742187500000000000e+00
3.453125000000000000e+00
4.281250000000000000e+00
-1.750000000000000000e+00
-1.429687500000000000e+00
-5.156250000000000000e+00
1.435546875000000000e-01
9.937500000000000000e+00
6.781250000000000000e+00
3.328125000000000000e+00
-1.976562500000000000e+00
-1.539062500000000000e+00
1.179687500000000000e+00
-6.093750000000000000e+00
4.941406250000000000e-01
-2.515625000000000000e+00
-3.453125000000000000e+00
1.568750000000000000e+01
4.437500000000000000e+00
-6.289062500000000000e-01
1.046875000000000000e+00
9.437500000000000000e+00
-1.632812500000000000e+00
-3.203125000000000000e+00
2.140625000000000000e+00
9.062500000000000000e+00
6.468750000000000000e+00
-1.328125000000000000e+00
1.750000000000000000e+00
-1.273437500000000000e+00
-7.812500000000000000e-01
8.687500000000000000e+00
-2.500000000000000000e+00
-2.080078125000000000e-01
-1.851562500000000000e+00
-1.648437500000000000e+00
6.093750000000000000e+00
-5.500000000000000000e+00
-2.953125000000000000e+00
-1.289062500000000000e+00
-1.367187500000000000e+00
-3.515625000000000000e+00
-1.117187500000000000e+00
-2.625000000000000000e+00
4.281250000000000000e+00
1.289062500000000000e+00
4.531250000000000000e+00
4.375000000000000000e+00
1.012500000000000000e+01
5.843750000000000000e+00
9.062500000000000000e-01
4.687500000000000000e-01
-2.875000000000000000e+00
3.328125000000000000e+00
-2.484375000000000000e+00
8.500000000000000000e+00
-1.351562500000000000e+00
-4.160156250000000000e-01
7.156250000000000000e+00
4.093750000000000000e+00
-3.578125000000000000e+00
9.277343750000000000e-03
-1.218750000000000000e+00
6.218750000000000000e+00
2.890625000000000000e+00
5.531250000000000000e+00
-2.421875000000000000e+00
1.050000000000000000e+01
-3.125000000000000000e+00
6.406250000000000000e+00
5.656250000000000000e+00
1.318750000000000000e+01
-1.812500000000000000e+00
-2.109375000000000000e+00
1.179687500000000000e+00
-1.187500000000000000e+00
7.093750000000000000e+00
-2.625000000000000000e+00
-1.210937500000000000e+00
-5.156250000000000000e-01
-2.109375000000000000e+00
-2.451171875000000000e-01
3.562500000000000000e+00
3.500000000000000000e+00
4.406250000000000000e+00
2.851562500000000000e-01
8.625000000000000000e+00
-1.898437500000000000e+00
8.945312500000000000e-01
2.156250000000000000e+00
-3.546875000000000000e+00
2.187500000000000000e+00
-1.187500000000000000e+00
6.843750000000000000e+00
6.750000000000000000e+00
-7.070312500000000000e-01
6.156250000000000000e+00
8.945312500000000000e-01
3.859375000000000000e+00
-3.574218750000000000e-01
5.093750000000000000e+00
7.406250000000000000e+00
6.531250000000000000e+00
-1.750000000000000000e+00
-1.062500000000000000e+00
-1.210937500000000000e+00
1.012500000000000000e+01
3.171875000000000000e+00
1.039062500000000000e+00
-1.062500000000000000e+00
2.312500000000000000e+00
4.906250000000000000e+00
-1.656250000000000000e+00
6.343750000000000000e+00
6.343750000000000000e+00
3.421875000000000000e+00
9.562500000000000000e+00
-1.328125000000000000e-01
1.018750000000000000e+01
-1.625000000000000000e+00
-7.343750000000000000e-01
1.351562500000000000e+00
9.062500000000000000e+00
-1.367187500000000000e+00
-2.296875000000000000e+00
8.125000000000000000e-01
7.906250000000000000e+00
-4.375000000000000000e+00
-1.968750000000000000e+00
5.406250000000000000e+00
6.031250000000000000e+00
-1.851562500000000000e+00
6.531250000000000000e+00
-1.812500000000000000e+00
2.031250000000000000e+00
-1.625000000000000000e+00
9.937500000000000000e+00
8.687500000000000000e+00
4.218750000000000000e+00
-4.468750000000000000e+00
1.043750000000000000e+01
-1.054687500000000000e+00
9.492187500000000000e-01
2.265625000000000000e+00
-2.734375000000000000e-02
6.000000000000000000e+00
-3.078125000000000000e+00
-6.445312500000000000e-01
-1.679687500000000000e+00
5.156250000000000000e+00
1.750000000000000000e+00
-2.000000000000000000e+00
1.243750000000000000e+01
1.068750000000000000e+01
-5.742187500000000000e-01
1.562500000000000000e-02
-1.210937500000000000e+00
-2.171875000000000000e+00
3.203125000000000000e+00
-4.156250000000000000e+00
-1.164062500000000000e+00
5.000000000000000000e+00
-8.837890625000000000e-02
-7.906250000000000000e+00
8.320312500000000000e-01
-5.249023437500000000e-02
-6.328125000000000000e-01
2.578125000000000000e-01
-6.718750000000000000e-01
-6.523437500000000000e-01
-1.437500000000000000e+00
8.187500000000000000e+00
-3.046875000000000000e+00
1.250000000000000000e+01
-1.648437500000000000e+00
4.250000000000000000e+00
9.179687500000000000e-01
-3.203125000000000000e+00
-4.281250000000000000e+00
-2.453125000000000000e+00
-2.734375000000000000e+00
-4.156250000000000000e+00
-2.578125000000000000e+00
-1.718750000000000000e+00
-4.375000000000000000e-01
9.062500000000000000e-01
-1.259765625000000000e-01
-3.328125000000000000e+00
-6.171875000000000000e-01
6.562500000000000000e-01
-9.726562500000000000e-01
-1.445312500000000000e+00
-1.562500000000000000e-01
-2.140625000000000000e+00
4.250000000000000000e+00
-1.281250000000000000e+00
4.812500000000000000e+00
6.843750000000000000e+00
1.056250000000000000e+01
4.406250000000000000e+00
6.906250000000000000e+00
5.000000000000000000e+00
-6.210937500000000000e-01
-8.906250000000000000e-01
-1.304687500000000000e+00
-3.144531250000000000e-01
-6.523437500000000000e-01
3.875000000000000000e+00
3.500000000000000000e+00
-1.460937500000000000e+00
-2.750000000000000000e+00
1.914062500000000000e+00
3.875000000000000000e+00
-3.875000000000000000e+00
8.750000000000000000e-01
-1.960937500000000000e+00
4.187500000000000000e+00
5.031250000000000000e+00
-1.648437500000000000e+00
5.062500000000000000e+00
1.679687500000000000e+00
1.351562500000000000e+00
-1.257812500000000000e+00
1.131250000000000000e+01
6.750000000000000000e+00
4.718750000000000000e+00
3.421875000000000000e+00
-1.117187500000000000e+00
9.437500000000000000e+00
2.392578125000000000e-01
3.198242187500000000e-02
4.468750000000000000e+00
-1.625000000000000000e+00
2.988281250000000000e-01
5.656250000000000000e+00
3.265625000000000000e+00
-3.515625000000000000e+00
-1.601562500000000000e+00
7.093750000000000000e+00
4.781250000000000000e+00
-1.875000000000000000e+00
-3.578125000000000000e+00
5.156250000000000000e+00
5.343750000000000000e+00
1.789062500000000000e+00
2.656250000000000000e+00
-2.828125000000000000e+00
0.000000000000000000e+00
-5.273437500000000000e-01
1.875000000000000000e+00
-4.281250000000000000e+00
1.976562500000000000e+00
2.796875000000000000e+00
4.031250000000000000e+00
2.078125000000000000e+00
-4.031250000000000000e+00
4.812500000000000000e+00
-2.812500000000000000e-01
1.043750000000000000e+01
2.359375000000000000e+00
-1.773437500000000000e+00
-1.539062500000000000e+00
5.281250000000000000e+00
4.093750000000000000e+00
4.906250000000000000e+00
-1.250000000000000000e+00
7.843750000000000000e+00
-2.000000000000000000e+00
-1.328125000000000000e+00
-1.625000000000000000e+00
1.226562500000000000e+00
-1.812500000000000000e+00
5.468750000000000000e+00
-1.406250000000000000e+00
8.125000000000000000e+00
-1.320312500000000000e+00
3.984375000000000000e+00
-3.171875000000000000e+00
4.468750000000000000e+00
-2.703125000000000000e+00
2.875000000000000000e+00
-8.906250000000000000e-01
-1.328125000000000000e+00
4.843750000000000000e+00
6.718750000000000000e+00
2.500000000000000000e+00
-9.570312500000000000e-01
3.984375000000000000e+00
-1.281250000000000000e+00
-4.968750000000000000e+00
5.468750000000000000e+00
6.406250000000000000e+00
-1.445312500000000000e+00
3.796875000000000000e+00
1.093750000000000000e+01
-1.648437500000000000e+00
4.375000000000000000e+00
-2.359375000000000000e+00
2.453125000000000000e+00
4.375000000000000000e-01
-7.617187500000000000e-01
-4.031250000000000000e+00
5.843750000000000000e+00
-2.734375000000000000e+00
8.937500000000000000e+00
