1.580000000000000000e+02
-1.231250000000000000e+01
-2.062500000000000000e+01
4.100000000000000000e+01
-1.125000000000000000e+01
-1.712500000000000000e+01
1.568750000000000000e+01
3.162500000000000000e+01
-1.168750000000000000e+01
-6.000000000000000000e+00
2.137500000000000000e+01
4.593750000000000000e+00
2.625000000000000000e+00
4.968750000000000000e+00
3.675000000000000000e+01
2.200000000000000000e+01
-2.500000000000000000e+01
2.662500000000000000e+01
1.370000000000000000e+02
6.640625000000000000e-02
-1.518750000000000000e+01
-4.625000000000000000e+00
1.040000000000000000e+02
-6.343750000000000000e+00
3.150000000000000000e+01
3.100000000000000000e+01
9.200000000000000000e+01
-1.143750000000000000e+01
1.195312500000000000e+00
-2.162500000000000000e+01
7.400000000000000000e+01
-3.037500000000000000e+01
4.175000000000000000e+01
-2.337500000000000000e+01
-5.820312500000000000e-01
-1.125000000000000000e+01
-5.656250000000000000e+00
-1.898437500000000000e+00
3.575000000000000000e+01
-1.581250000000000000e+01
-1.750000000000000000e+01
6.550000000000000000e+01
-1.040039062500000000e-01
-1.675000000000000000e+01
-1.131250000000000000e+01
5.593750000000000000e+00
6.500000000000000000e+00
-2.187500000000000000e+01
-9.750000000000000000e+00
7.650000000000000000e+01
-2.296875000000000000e+00
-3.625000000000000000e+00
-1.737500000000000000e+01
-1.493750000000000000e+01
4.525000000000000000e+01
1.055000000000000000e+02
-3.162500000000000000e+01
1.550000000000000000e+02
-2.765625000000000000e+00
2.300000000000000000e+01
-8.125000000000000000e+00
8.085937500000000000e-01
1.156250000000000000e+00
3.800000000000000000e+01
8.250000000000000000e+00
-2.062500000000000000e+01
6.750000000000000000e+01
-1.837500000000000000e+01
-9.937500000000000000e+00
-4.025000000000000000e+01
-2.001953125000000000e-01
-1.581250000000000000e+01
-2.953125000000000000e+00
-3.275000000000000000e+01
-2.062500000000000000e+01
-2.862500000000000000e+01
3.825000000000000000e+01
5.031250000000000000e+00
3.200000000000000000e+01
1.726562500000000000e+00
5.343750000000000000e+00
3.037500000000000000e+01
-1.518750000000000000e+01
-6.218750000000000000e+00
-2.612500000000000000e+01
-1.268750000000000000e+01
1.120000000000000000e+02
6.025000000000000000e+01
2.600000000000000000e+01
-7.156250000000000000e+00
-6.500000000000000000e+00
-2.062500000000000000e+01
-2.700000000000000000e+01
6.289062500000000000e-01
-2.587500000000000000e+01
-1.500000000000000000e+01
1.610000000000000000e+02
3.575000000000000000e+01
-1.025000000000000000e+01
-4.156250000000000000e+00
9.650000000000000000e+01
-8.437500000000000000e+00
-1.275000000000000000e+01
2.703125000000000000e+00
8.550000000000000000e+01
4.025000000000000000e+01
-5.312500000000000000e+00
-9.619140625000000000e-02
-5.406250000000000000e+00
-3.125000000000000000e+00
6.950000000000000000e+01
-1.900000000000000000e+01
-8.750000000000000000e+00
-6.593750000000000000e+00
-7.156250000000000000e+00
2.737500000000000000e+01
-6.850000000000000000e+01
-1.081250000000000000e+01
-8.187500000000000000e+00
-5.093750000000000000e+00
-1.612500000000000000e+01
-4.656250000000000000e+00
-2.075000000000000000e+01
2.200000000000000000e+01
-8.437500000000000000e+00
4.475000000000000000e+01
1.800000000000000000e+01
9.350000000000000000e+01
4.200000000000000000e+01
-9.500000000000000000e+00
-7.531250000000000000e+00
-4.025000000000000000e+01
1.556250000000000000e+01
-1.581250000000000000e+01
1.380000000000000000e+02
-9.375000000000000000e+00
-5.000000000000000000e+00
6.700000000000000000e+01
1.700000000000000000e+01
-1.850000000000000000e+01
1.507812500000000000e+00
-1.687500000000000000e+01
4.050000000000000000e+01
1.762500000000000000e+01
3.225000000000000000e+01
-1.231250000000000000e+01
1.075000000000000000e+02
-2.537500000000000000e+01
4.725000000000000000e+01
3.600000000000000000e+01
1.510000000000000000e+02
-1.650000000000000000e+01
-9.750000000000000000e+00
1.825000000000000000e+01
-1.106250000000000000e+01
1.040000000000000000e+02
-1.937500000000000000e+01
-3.796875000000000000e+00
-8.937500000000000000e+00
-1.531250000000000000e+01
-7.929687500000000000e-01
4.425000000000000000e+01
2.300000000000000000e+01
9.750000000000000000e+01
-2.375000000000000000e+00
7.550000000000000000e+01
-4.468750000000000000e+00
3.847656250000000000e-01
1.601562500000000000e+00
-1.712500000000000000e+01
3.703125000000000000e+00
1.601562500000000000e+00
4.225000000000000000e+01
5.375000000000000000e+01
-1.481250000000000000e+01
4.225000000000000000e+01
1.070312500000000000e+00
1.400000000000000000e+01
-7.156250000000000000e+00
3.825000000000000000e+01
8.550000000000000000e+01
5.000000000000000000e+01
-2.937500000000000000e+01
-7.156250000000000000e+00
-3.700000000000000000e+01
8.950000000000000000e+01
1.118750000000000000e+01
2.812500000000000000e+00
-1.787500000000000000e+01
5.718750000000000000e+00
3.475000000000000000e+01
-8.562500000000000000e+00
6.075000000000000000e+01
3.925000000000000000e+01
1.750000000000000000e+01
1.235000000000000000e+02
1.164062500000000000e+00
1.460000000000000000e+02
-7.906250000000000000e+00
-5.031250000000000000e+00
3.015625000000000000e+00
1.085000000000000000e+02
-5.156250000000000000e+00
-2.187500000000000000e+01
-1.554687500000000000e+00
8.150000000000000000e+01
-3.850000000000000000e+01
-1.612500000000000000e+01
3.725000000000000000e+01
5.525000000000000000e+01
-1.118750000000000000e+01
5.600000000000000000e+01
-1.006250000000000000e+01
5.406250000000000000e+00
-1.075000000000000000e+01
8.150000000000000000e+01
9.250000000000000000e+01
2.287500000000000000e+01
-6.650000000000000000e+01
1.470000000000000000e+02
-2.171875000000000000e+00
-1.875000000000000000e+00
9.187500000000000000e+00
-3.296875000000000000e+00
1.105000000000000000e+02
-1.381250000000000000e+01
-2.625000000000000000e+00
-1.118750000000000000e+01
7.350000000000000000e+01
-6.625000000000000000e+00
-1.168750000000000000e+01
1.310000000000000000e+02
1.320000000000000000e+02
-6.367187500000000000e-01
-3.921875000000000000e+00
-7.281250000000000000e+00
-2.837500000000000000e+01
1.406250000000000000e+01
-1.600000000000000000e+01
-3.375000000000000000e+00
1.750000000000000000e+01
-1.187500000000000000e+00
-6.200000000000000000e+01
-1.200000000000000000e+01
-6.375000000000000000e+00
-1.843750000000000000e+00
-5.312500000000000000e-01
-7.500000000000000000e+00
-6.875000000000000000e-01
-9.437500000000000000e+00
1.450000000000000000e+02
-1.500000000000000000e+01
1.310000000000000000e+02
-6.531250000000000000e+00
2.337500000000000000e+01
-6.250000000000000000e+00
-1.937500000000000000e+01
-2.812500000000000000e+01
-1.875000000000000000e+01
-2.762500000000000000e+01
-3.475000000000000000e+01
-1.950000000000000000e+01
-5.250000000000000000e+00
-1.531250000000000000e+01
-2.262500000000000000e+01
-5.898437500000000000e-01
-2.187500000000000000e+01
-2.140625000000000000e+00
2.216796875000000000e-01
-7.250000000000000000e+00
-9.312500000000000000e+00
-4.062500000000000000e+00
-1.550000000000000000e+01
2.462500000000000000e+01
-3.703125000000000000e+00
8.350000000000000000e+01
5.375000000000000000e+01
1.390000000000000000e+02
2.187500000000000000e+01
6.075000000000000000e+01
3.700000000000000000e+01
-6.968750000000000000e+00
-2.500000000000000000e+01
-3.046875000000000000e+00
-1.500000000000000000e+01
-1.375000000000000000e+00
3.950000000000000000e+01
2.012500000000000000e+01
-5.234375000000000000e-01
-1.475000000000000000e+01
2.015625000000000000e+00
2.025000000000000000e+01
-8.937500000000000000e+00
-1.875000000000000000e+01
-1.006250000000000000e+01
2.162500000000000000e+01
4.775000000000000000e+01
-2.387500000000000000e+01
4.100000000000000000e+01
-6.656250000000000000e+00
7.304687500000000000e-01
-1.468750000000000000e+01
1.095000000000000000e+02
4.775000000000000000e+01
4.100000000000000000e+01
8.937500000000000000e+00
-6.015625000000000000e-01
1.175000000000000000e+02
-4.956054687500000000e-02
-9.125000000000000000e+00
3.725000000000000000e+01
-1.350000000000000000e+01
-2.462500000000000000e+01
4.300000000000000000e+01
1.268750000000000000e+01
-2.337500000000000000e+01
-8.500000000000000000e+00
6.550000000000000000e+01
3.825000000000000000e+01
-6.250000000000000000e+00
-1.450000000000000000e+01
4.725000000000000000e+01
3.037500000000000000e+01
1.898437500000000000e+00
6.850000000000000000e+01
-1.900000000000000000e+01
-1.742187500000000000e+00
-2.162500000000000000e+01
2.828125000000000000e+00
-2.237500000000000000e+01
6.281250000000000000e+00
7.156250000000000000e+00
1.737500000000000000e+01
-9.375000000000000000e-02
-1.425000000000000000e+01
1.175000000000000000e+02
-7.500000000000000000e+00
1.420000000000000000e+02
3.100000000000000000e+01
-2.387500000000000000e+01
-2.765625000000000000e+00
3.475000000000000000e+01
2.487500000000000000e+01
4.275000000000000000e+01
-4.500000000000000000e+00
5.875000000000000000e+01
-2.437500000000000000e+01
-3.062500000000000000e+01
-8.812500000000000000e+00
2.487500000000000000e+01
-1.450000000000000000e+01
5.275000000000000000e+01
-2.062500000000000000e+01
8.050000000000000000e+01
-1.381250000000000000e+01
4.800000000000000000e+01
-2.837500000000000000e+01
6.800000000000000000e+01
-2.400000000000000000e+01
9.850000000000000000e+01
-6.000000000000000000e+00
-3.015625000000000000e+00
9.550000000000000000e+01
5.925000000000000000e+01
3.671875000000000000e+00
-9.062500000000000000e+00
4.400000000000000000e+01
-2.203125000000000000e+00
-2.800000000000000000e+01
3.775000000000000000e+01
5.675000000000000000e+01
-1.325000000000000000e+01
1.937500000000000000e+01
1.055000000000000000e+02
-1.550000000000000000e+01
2.637500000000000000e+01
-2.837500000000000000e+01
6.843750000000000000e+00
-7.656250000000000000e+00
-1.960937500000000000e+00
-2.562500000000000000e+01
4.225000000000000000e+01
-1.737500000000000000e+01
1.095000000000000000e+02
