-9.804687500000000000e-01
9.912109375000000000e-02
-1.632812500000000000e+00
1.132812500000000000e+00
-5.156250000000000000e-01
1.304687500000000000e+00
1.109375000000000000e+00
7.500000000000000000e-01
-9.882812500000000000e-01
-1.273437500000000000e+00
1.226562500000000000e+00
1.164062500000000000e+00
1.812500000000000000e+00
4.062500000000000000e-01
9.882812500000000000e-01
5.156250000000000000e-01
-1.679687500000000000e-01
7.382812500000000000e-01
2.001953125000000000e-01
-1.179687500000000000e+00
-4.589843750000000000e-01
2.828125000000000000e+00
-5.468750000000000000e+00
-7.304687500000000000e-01
8.632812500000000000e-01
3.671875000000000000e-01
-3.484375000000000000e+00
-9.335937500000000000e-01
-1.206054687500000000e-01
-1.054687500000000000e+00
1.320312500000000000e+00
1.898437500000000000e+00
1.218750000000000000e+00
-6.601562500000000000e-01
-1.235351562500000000e-01
-1.562500000000000000e+00
1.289062500000000000e+00
-6.093750000000000000e-01
4.809570312500000000e-02
-1.179687500000000000e+00
-4.550781250000000000e-01
1.773437500000000000e+00
8.867187500000000000e-01
-3.984375000000000000e-01
-1.523437500000000000e+00
1.289062500000000000e+00
1.125000000000000000e+00
-4.028320312500000000e-02
1.320312500000000000e+00
8.125000000000000000e-01
-5.898437500000000000e-01
-1.437500000000000000e+00
2.046875000000000000e+00
-8.085937500000000000e-01
1.054687500000000000e+00
1.718750000000000000e-01
-5.000000000000000000e-01
-3.000000000000000000e+00
2.431640625000000000e-01
7.187500000000000000e-01
-1.164062500000000000e+00
1.085937500000000000e+00
-3.515625000000000000e-01
1.906250000000000000e+00
1.687500000000000000e+00
-5.737304687500000000e-02
9.687500000000000000e-01
-6.591796875000000000e-02
-1.582031250000000000e-01
8.867187500000000000e-01
-1.562500000000000000e+00
1.562500000000000000e+00
1.080322265625000000e-02
-1.492187500000000000e+00
2.421875000000000000e+00
6.835937500000000000e-01
1.968750000000000000e+00
1.335937500000000000e+00
1.648437500000000000e+00
1.396484375000000000e-01
2.437500000000000000e+00
7.929687500000000000e-01
-1.218750000000000000e+00
-9.375000000000000000e-01
-2.078125000000000000e+00
1.375000000000000000e+00
-2.910156250000000000e-01
1.148437500000000000e+00
6.367187500000000000e-01
-2.031250000000000000e+00
-7.226562500000000000e-01
9.492187500000000000e-01
-1.281250000000000000e+00
-2.871093750000000000e-01
1.351562500000000000e+00
-7.851562500000000000e-01
4.746093750000000000e-01
8.632812500000000000e-01
-7.695312500000000000e-01
1.210937500000000000e+00
5.820312500000000000e-01
-1.718750000000000000e+00
-1.117187500000000000e+00
1.781250000000000000e+00
1.351562500000000000e+00
1.648437500000000000e+00
-9.423828125000000000e-02
1.937500000000000000e+00
-1.195312500000000000e+00
-6.289062500000000000e-01
1.757812500000000000e+00
-3.847656250000000000e-01
1.726562500000000000e+00
-6.992187500000000000e-01
-8.125000000000000000e-01
1.867187500000000000e+00
2.125000000000000000e+00
-9.257812500000000000e-01
-1.476562500000000000e+00
-3.828125000000000000e-01
-9.882812500000000000e-01
-1.304687500000000000e+00
-1.845703125000000000e-01
1.289062500000000000e+00
1.492187500000000000e+00
4.843750000000000000e-01
1.679687500000000000e+00
1.585937500000000000e+00
1.281250000000000000e+00
1.046875000000000000e+00
2.000000000000000000e+00
1.117187500000000000e+00
8.007812500000000000e-01
-1.101562500000000000e+00
-2.328125000000000000e+00
-4.511718750000000000e-01
-4.042968750000000000e-01
7.617187500000000000e-01
1.585937500000000000e+00
-1.445312500000000000e+00
-9.804687500000000000e-01
2.265625000000000000e+00
1.687500000000000000e+00
6.445312500000000000e-01
1.500000000000000000e+00
-6.289062500000000000e-01
5.468750000000000000e-02
-1.085937500000000000e+00
1.218750000000000000e+00
1.523437500000000000e+00
-6.132812500000000000e-01
-4.121093750000000000e-01
-1.078125000000000000e+00
-3.979492187500000000e-02
-1.242187500000000000e+00
-2.734375000000000000e+00
-7.031250000000000000e-01
-8.281250000000000000e-01
2.373046875000000000e-01
-8.867187500000000000e-01
-7.460937500000000000e-01
-1.351562500000000000e+00
6.679687500000000000e-01
-2.875000000000000000e+00
-5.429687500000000000e-01
1.523437500000000000e+00
-1.250000000000000000e+00
-2.187500000000000000e-01
2.218750000000000000e+00
-8.242187500000000000e-01
1.007812500000000000e+00
-9.882812500000000000e-01
2.000000000000000000e+00
1.210937500000000000e+00
-1.157226562500000000e-01
1.507812500000000000e+00
-4.218750000000000000e-01
2.000000000000000000e+00
1.710937500000000000e+00
1.132812500000000000e+00
-9.531250000000000000e-01
1.335937500000000000e+00
1.055908203125000000e-02
-7.226562500000000000e-01
6.289062500000000000e-01
1.695312500000000000e+00
1.164062500000000000e+00
6.523437500000000000e-01
-5.273437500000000000e-01
7.695312500000000000e-01
1.375000000000000000e+00
-8.750000000000000000e-01
1.031250000000000000e+00
1.867187500000000000e+00
9.257812500000000000e-01
-1.750000000000000000e+00
2.890625000000000000e-01
-2.265625000000000000e+00
-1.226562500000000000e+00
-8.085937500000000000e-01
6.132812500000000000e-01
-1.101562500000000000e+00
-5.053710937500000000e-02
-2.910156250000000000e-01
2.187500000000000000e-01
9.804687500000000000e-01
4.492187500000000000e-02
-1.367187500000000000e+00
1.039062500000000000e+00
7.148437500000000000e-01
-1.101562500000000000e+00
9.179687500000000000e-01
-1.148437500000000000e+00
1.437500000000000000e+00
-4.453125000000000000e-01
1.687500000000000000e+00
-1.669921875000000000e-01
1.210937500000000000e+00
5.351562500000000000e-01
-2.343750000000000000e+00
-9.843750000000000000e-01
6.835937500000000000e-03
6.523437500000000000e-01
-1.157226562500000000e-01
-3.750000000000000000e+00
-1.210937500000000000e+00
-8.007812500000000000e-01
-1.664062500000000000e+00
-1.968750000000000000e+00
1.710937500000000000e+00
-5.664062500000000000e-01
-3.393554687500000000e-02
-7.812500000000000000e-01
1.796875000000000000e-01
-3.652343750000000000e-01
-1.312500000000000000e+00
-1.875000000000000000e-01
1.273437500000000000e+00
-1.585937500000000000e+00
-1.148437500000000000e+00
1.773437500000000000e+00
1.179687500000000000e+00
1.710937500000000000e+00
-1.708984375000000000e-01
-5.429687500000000000e-01
-1.179687500000000000e+00
-1.023437500000000000e+00
-5.585937500000000000e-01
-9.375000000000000000e-01
-1.460937500000000000e+00
-3.828125000000000000e+00
-1.039062500000000000e+00
-1.630859375000000000e-01
-1.085937500000000000e+00
1.398437500000000000e+00
1.281250000000000000e+00
-1.414062500000000000e+00
-1.039062500000000000e+00
-3.261718750000000000e-01
-4.980468750000000000e-01
-8.750000000000000000e-01
-4.218750000000000000e-01
-1.085937500000000000e+00
-4.472656250000000000e-01
1.070312500000000000e+00
6.679687500000000000e-01
-7.304687500000000000e-01
-1.023437500000000000e+00
-3.515625000000000000e-01
-1.289062500000000000e+00
-1.414062500000000000e+00
-8.164062500000000000e-01
-7.812500000000000000e-01
9.648437500000000000e-01
-6.289062500000000000e-01
-1.992187500000000000e+00
1.265625000000000000e+00
-1.656250000000000000e+00
1.257812500000000000e+00
9.257812500000000000e-01
4.707031250000000000e-01
-1.273437500000000000e+00
-2.502441406250000000e-02
-6.523437500000000000e-01
3.574218750000000000e-01
-5.312500000000000000e-01
3.242187500000000000e-01
1.039062500000000000e+00
-7.382812500000000000e-01
-9.335937500000000000e-01
1.351562500000000000e+00
1.226562500000000000e+00
-1.601562500000000000e+00
8.750000000000000000e-01
-8.125000000000000000e-01
1.632812500000000000e+00
8.320312500000000000e-01
2.373046875000000000e-01
1.031250000000000000e+00
2.519531250000000000e-01
1.554687500000000000e+00
1.210937500000000000e+00
9.062500000000000000e-01
1.726562500000000000e+00
5.273437500000000000e-01
2.156250000000000000e+00
-1.148437500000000000e+00
-6.445312500000000000e-01
1.210937500000000000e+00
-3.066406250000000000e-01
5.585937500000000000e-01
-6.210937500000000000e-01
1.257812500000000000e+00
1.179687500000000000e+00
9.726562500000000000e-01
-1.328125000000000000e+00
-1.312500000000000000e+00
7.500000000000000000e-01
7.617187500000000000e-01
-1.187500000000000000e+00
-1.218750000000000000e+00
7.617187500000000000e-01
1.585937500000000000e+00
1.648437500000000000e+00
-3.640625000000000000e+00
-9.335937500000000000e-01
-6.757812500000000000e-01
5.937500000000000000e-01
9.687500000000000000e-01
-1.375000000000000000e+00
5.976562500000000000e-01
1.273437500000000000e+00
1.664062500000000000e+00
2.078125000000000000e+00
-2.000000000000000000e+00
-3.875000000000000000e+00
3.344726562500000000e-02
-2.484375000000000000e+00
-1.539062500000000000e+00
5.039062500000000000e-01
-1.406250000000000000e+00
1.531250000000000000e+00
4.160156250000000000e-01
6.992187500000000000e-01
-1.148437500000000000e+00
1.773437500000000000e+00
9.619140625000000000e-02
3.375000000000000000e+00
-1.257812500000000000e+00
-1.523437500000000000e+00
-9.882812500000000000e-01
5.859375000000000000e-01
1.137695312500000000e-01
7.382812500000000000e-01
-2.910156250000000000e-01
-1.492187500000000000e+00
2.046875000000000000e+00
-2.421875000000000000e+00
-2.890625000000000000e-01
-4.812500000000000000e+00
-4.628906250000000000e-01
-1.257812500000000000e+00
-4.031250000000000000e+00
1.054687500000000000e+00
1.289062500000000000e+00
-5.156250000000000000e-01
4.062500000000000000e-01
-1.007812500000000000e+00
-2.109375000000000000e+00
1.429687500000000000e+00
6.875000000000000000e-01
-9.179687500000000000e-01
1.343750000000000000e+00
1.375000000000000000e+00
-5.883789062500000000e-02
1.039062500000000000e+00
-5.156250000000000000e-01
7.539062500000000000e-01
-2.119140625000000000e-01
-8.750000000000000000e-01
-1.195312500000000000e+00
1.132812500000000000e+00
1.406250000000000000e+00
-1.007812500000000000e+00
