1.480000000000000000e+02
-1.050000000000000000e+01
-1.837500000000000000e+01
3.875000000000000000e+01
-8.437500000000000000e+00
-1.525000000000000000e+01
1.543750000000000000e+01
2.912500000000000000e+01
-1.056250000000000000e+01
-5.406250000000000000e+00
2.062500000000000000e+01
5.375000000000000000e+00
3.187500000000000000e+00
5.281250000000000000e+00
3.500000000000000000e+01
2.087500000000000000e+01
-2.350000000000000000e+01
2.537500000000000000e+01
1.290000000000000000e+02
-7.812500000000000000e-03
-1.175000000000000000e+01
-4.218750000000000000e+00
9.950000000000000000e+01
-6.218750000000000000e+00
2.962500000000000000e+01
2.987500000000000000e+01
8.650000000000000000e+01
-8.437500000000000000e+00
2.421875000000000000e+00
-2.037500000000000000e+01
6.950000000000000000e+01
-2.862500000000000000e+01
3.975000000000000000e+01
-2.012500000000000000e+01
-1.203125000000000000e+00
-1.050000000000000000e+01
-4.625000000000000000e+00
3.437500000000000000e-01
3.300000000000000000e+01
-1.600000000000000000e+01
-1.331250000000000000e+01
6.200000000000000000e+01
1.492187500000000000e+00
-1.612500000000000000e+01
-7.906250000000000000e+00
6.125000000000000000e+00
5.875000000000000000e+00
-2.000000000000000000e+01
-8.125000000000000000e+00
7.150000000000000000e+01
-1.226562500000000000e+00
-3.078125000000000000e+00
-1.581250000000000000e+01
-1.493750000000000000e+01
4.325000000000000000e+01
9.850000000000000000e+01
-2.962500000000000000e+01
1.450000000000000000e+02
-1.304687500000000000e+00
2.237500000000000000e+01
-7.500000000000000000e+00
1.695312500000000000e+00
2.359375000000000000e+00
3.700000000000000000e+01
8.250000000000000000e+00
-1.900000000000000000e+01
6.375000000000000000e+01
-1.518750000000000000e+01
-7.156250000000000000e+00
-3.575000000000000000e+01
2.451171875000000000e-01
-1.150000000000000000e+01
-1.585937500000000000e+00
-3.050000000000000000e+01
-1.812500000000000000e+01
-2.800000000000000000e+01
3.675000000000000000e+01
5.250000000000000000e+00
3.137500000000000000e+01
3.078125000000000000e+00
5.406250000000000000e+00
2.900000000000000000e+01
-1.318750000000000000e+01
-7.843750000000000000e+00
-2.487500000000000000e+01
-9.750000000000000000e+00
1.055000000000000000e+02
5.675000000000000000e+01
2.437500000000000000e+01
-4.468750000000000000e+00
-7.000000000000000000e+00
-1.900000000000000000e+01
-2.712500000000000000e+01
9.882812500000000000e-01
-2.350000000000000000e+01
-1.306250000000000000e+01
1.510000000000000000e+02
3.350000000000000000e+01
-6.750000000000000000e+00
-3.765625000000000000e+00
9.050000000000000000e+01
-6.625000000000000000e+00
-1.175000000000000000e+01
2.625000000000000000e+00
7.950000000000000000e+01
3.975000000000000000e+01
-5.000000000000000000e+00
-2.343750000000000000e-01
-4.937500000000000000e+00
-3.203125000000000000e+00
6.550000000000000000e+01
-1.750000000000000000e+01
-9.437500000000000000e+00
-6.000000000000000000e+00
-6.125000000000000000e+00
2.700000000000000000e+01
-6.300000000000000000e+01
-1.118750000000000000e+01
-7.125000000000000000e+00
-4.781250000000000000e+00
-1.431250000000000000e+01
-3.109375000000000000e+00
-1.787500000000000000e+01
2.187500000000000000e+01
-7.406250000000000000e+00
4.225000000000000000e+01
1.762500000000000000e+01
8.750000000000000000e+01
4.000000000000000000e+01
-7.968750000000000000e+00
-7.875000000000000000e+00
-3.875000000000000000e+01
1.575000000000000000e+01
-1.400000000000000000e+01
1.280000000000000000e+02
-1.000000000000000000e+01
-3.750000000000000000e+00
6.325000000000000000e+01
1.650000000000000000e+01
-1.650000000000000000e+01
1.445312500000000000e+00
-1.737500000000000000e+01
3.875000000000000000e+01
1.712500000000000000e+01
3.112500000000000000e+01
-1.006250000000000000e+01
1.020000000000000000e+02
-2.262500000000000000e+01
4.500000000000000000e+01
3.425000000000000000e+01
1.410000000000000000e+02
-1.300000000000000000e+01
-8.812500000000000000e+00
1.650000000000000000e+01
-9.000000000000000000e+00
9.850000000000000000e+01
-1.737500000000000000e+01
-3.734375000000000000e+00
-5.968750000000000000e+00
-1.300000000000000000e+01
-5.200195312500000000e-02
4.225000000000000000e+01
2.262500000000000000e+01
9.150000000000000000e+01
-1.289062500000000000e+00
7.050000000000000000e+01
-4.343750000000000000e+00
9.882812500000000000e-01
1.648437500000000000e+00
-1.625000000000000000e+01
4.218750000000000000e+00
4.531250000000000000e-01
4.025000000000000000e+01
5.100000000000000000e+01
-1.343750000000000000e+01
4.025000000000000000e+01
2.187500000000000000e+00
1.331250000000000000e+01
-5.718750000000000000e+00
3.600000000000000000e+01
8.050000000000000000e+01
4.725000000000000000e+01
-2.750000000000000000e+01
-6.593750000000000000e+00
-3.300000000000000000e+01
8.300000000000000000e+01
1.118750000000000000e+01
2.375000000000000000e+00
-1.343750000000000000e+01
6.281250000000000000e+00
3.275000000000000000e+01
-7.750000000000000000e+00
5.725000000000000000e+01
3.775000000000000000e+01
1.725000000000000000e+01
1.165000000000000000e+02
2.187500000000000000e-01
1.360000000000000000e+02
-7.031250000000000000e+00
-3.828125000000000000e+00
2.812500000000000000e+00
1.025000000000000000e+02
-6.375000000000000000e+00
-1.775000000000000000e+01
-4.785156250000000000e-01
7.600000000000000000e+01
-3.675000000000000000e+01
-1.431250000000000000e+01
3.525000000000000000e+01
5.225000000000000000e+01
-9.062500000000000000e+00
5.300000000000000000e+01
-7.906250000000000000e+00
5.093750000000000000e+00
-8.250000000000000000e+00
7.750000000000000000e+01
8.800000000000000000e+01
2.200000000000000000e+01
-5.975000000000000000e+01
1.380000000000000000e+02
-2.015625000000000000e+00
-5.429687500000000000e-01
8.937500000000000000e+00
-2.421875000000000000e+00
1.055000000000000000e+02
-1.325000000000000000e+01
-2.203125000000000000e+00
-8.812500000000000000e+00
7.050000000000000000e+01
-3.984375000000000000e+00
-9.687500000000000000e+00
1.225000000000000000e+02
1.240000000000000000e+02
-1.273437500000000000e+00
-2.984375000000000000e+00
-5.156250000000000000e+00
-2.287500000000000000e+01
1.418750000000000000e+01
-1.662500000000000000e+01
-2.937500000000000000e+00
1.787500000000000000e+01
-2.125000000000000000e+00
-5.800000000000000000e+01
-7.093750000000000000e+00
-5.218750000000000000e+00
-1.523437500000000000e+00
4.062500000000000000e-01
-5.843750000000000000e+00
-5.117187500000000000e-01
-7.531250000000000000e+00
1.370000000000000000e+02
-1.406250000000000000e+01
1.240000000000000000e+02
-5.500000000000000000e+00
2.212500000000000000e+01
-3.953125000000000000e+00
-1.650000000000000000e+01
-2.662500000000000000e+01
-1.862500000000000000e+01
-2.312500000000000000e+01
-2.962500000000000000e+01
-2.100000000000000000e+01
-3.890625000000000000e+00
-1.200000000000000000e+01
-1.912500000000000000e+01
-1.304687500000000000e+00
-2.012500000000000000e+01
-2.203125000000000000e+00
1.328125000000000000e+00
-5.968750000000000000e+00
-8.500000000000000000e+00
-3.421875000000000000e+00
-1.300000000000000000e+01
2.437500000000000000e+01
-3.671875000000000000e+00
8.000000000000000000e+01
5.075000000000000000e+01
1.290000000000000000e+02
2.150000000000000000e+01
5.700000000000000000e+01
3.675000000000000000e+01
-5.468750000000000000e+00
-2.387500000000000000e+01
-2.375000000000000000e+00
-1.306250000000000000e+01
-1.312500000000000000e+00
3.675000000000000000e+01
1.925000000000000000e+01
-1.750000000000000000e+00
-1.250000000000000000e+01
1.937500000000000000e+00
1.987500000000000000e+01
-9.562500000000000000e+00
-1.481250000000000000e+01
-7.750000000000000000e+00
2.112500000000000000e+01
4.425000000000000000e+01
-2.112500000000000000e+01
3.900000000000000000e+01
-3.921875000000000000e+00
5.156250000000000000e-01
-1.450000000000000000e+01
1.025000000000000000e+02
4.525000000000000000e+01
3.900000000000000000e+01
9.437500000000000000e+00
-1.070312500000000000e+00
1.095000000000000000e+02
-9.687500000000000000e-01
-7.156250000000000000e+00
3.500000000000000000e+01
-1.225000000000000000e+01
-2.150000000000000000e+01
4.075000000000000000e+01
1.293750000000000000e+01
-2.112500000000000000e+01
-5.625000000000000000e+00
6.125000000000000000e+01
3.600000000000000000e+01
-6.156250000000000000e+00
-1.181250000000000000e+01
4.500000000000000000e+01
2.950000000000000000e+01
1.523437500000000000e+00
6.600000000000000000e+01
-1.675000000000000000e+01
1.043701171875000000e-02
-1.875000000000000000e+01
3.234375000000000000e+00
-1.987500000000000000e+01
6.843750000000000000e+00
7.593750000000000000e+00
1.687500000000000000e+01
-1.611328125000000000e-01
-1.381250000000000000e+01
1.115000000000000000e+02
-6.906250000000000000e+00
1.350000000000000000e+02
3.037500000000000000e+01
-2.012500000000000000e+01
-1.937500000000000000e+00
3.300000000000000000e+01
2.437500000000000000e+01
4.075000000000000000e+01
-4.187500000000000000e+00
5.525000000000000000e+01
-2.062500000000000000e+01
-2.912500000000000000e+01
-7.656250000000000000e+00
2.350000000000000000e+01
-1.100000000000000000e+01
4.975000000000000000e+01
-1.750000000000000000e+01
7.600000000000000000e+01
-1.243750000000000000e+01
4.600000000000000000e+01
-2.762500000000000000e+01
6.550000000000000000e+01
-2.075000000000000000e+01
9.450000000000000000e+01
-5.968750000000000000e+00
-3.296875000000000000e+00
9.150000000000000000e+01
5.525000000000000000e+01
4.093750000000000000e+00
-8.062500000000000000e+00
4.125000000000000000e+01
-1.312500000000000000e+00
-2.512500000000000000e+01
3.550000000000000000e+01
5.325000000000000000e+01
-9.812500000000000000e+00
1.812500000000000000e+01
9.800000000000000000e+01
-1.468750000000000000e+01
2.512500000000000000e+01
-2.587500000000000000e+01
7.531250000000000000e+00
-3.484375000000000000e+00
-1.570312500000000000e+00
-2.237500000000000000e+01
3.975000000000000000e+01
-1.650000000000000000e+01
1.025000000000000000e+02
