1.670000000000000000e+02
-1.381250000000000000e+01
-2.087500000000000000e+01
4.325000000000000000e+01
-1.168750000000000000e+01
-1.712500000000000000e+01
1.662500000000000000e+01
3.375000000000000000e+01
-1.218750000000000000e+01
-5.906250000000000000e+00
2.250000000000000000e+01
4.187500000000000000e+00
2.671875000000000000e+00
5.375000000000000000e+00
3.875000000000000000e+01
2.337500000000000000e+01
-2.537500000000000000e+01
2.812500000000000000e+01
1.450000000000000000e+02
-6.093750000000000000e-01
-1.568750000000000000e+01
-4.593750000000000000e+00
1.125000000000000000e+02
-6.593750000000000000e+00
3.300000000000000000e+01
3.325000000000000000e+01
9.850000000000000000e+01
-1.206250000000000000e+01
1.796875000000000000e-01
-2.262500000000000000e+01
7.750000000000000000e+01
-3.037500000000000000e+01
4.325000000000000000e+01
-2.387500000000000000e+01
1.611328125000000000e-01
-1.200000000000000000e+01
-4.875000000000000000e+00
-2.140625000000000000e+00
3.800000000000000000e+01
-1.662500000000000000e+01
-1.837500000000000000e+01
6.850000000000000000e+01
-1.312500000000000000e+00
-1.712500000000000000e+01
-1.175000000000000000e+01
6.218750000000000000e+00
6.593750000000000000e+00
-2.362500000000000000e+01
-9.750000000000000000e+00
8.050000000000000000e+01
-2.734375000000000000e+00
-3.562500000000000000e+00
-1.775000000000000000e+01
-1.543750000000000000e+01
4.725000000000000000e+01
1.115000000000000000e+02
-3.425000000000000000e+01
1.640000000000000000e+02
-4.531250000000000000e+00
2.400000000000000000e+01
-8.125000000000000000e+00
8.437500000000000000e-01
2.734375000000000000e-01
3.925000000000000000e+01
8.687500000000000000e+00
-2.237500000000000000e+01
7.150000000000000000e+01
-2.025000000000000000e+01
-1.125000000000000000e+01
-4.275000000000000000e+01
6.171875000000000000e-01
-1.687500000000000000e+01
-4.250000000000000000e+00
-3.325000000000000000e+01
-2.112500000000000000e+01
-2.762500000000000000e+01
4.025000000000000000e+01
5.593750000000000000e+00
3.375000000000000000e+01
1.093750000000000000e+00
5.750000000000000000e+00
3.225000000000000000e+01
-1.637500000000000000e+01
-6.906250000000000000e+00
-2.662500000000000000e+01
-1.250000000000000000e+01
1.195000000000000000e+02
6.375000000000000000e+01
2.787500000000000000e+01
-7.500000000000000000e+00
-8.000000000000000000e+00
-2.362500000000000000e+01
-2.787500000000000000e+01
-8.349609375000000000e-02
-2.637500000000000000e+01
-1.525000000000000000e+01
1.700000000000000000e+02
3.800000000000000000e+01
-1.018750000000000000e+01
-4.281250000000000000e+00
1.020000000000000000e+02
-8.937500000000000000e+00
-1.206250000000000000e+01
2.921875000000000000e+00
9.000000000000000000e+01
4.175000000000000000e+01
-5.500000000000000000e+00
1.279296875000000000e-01
-5.843750000000000000e+00
-3.875000000000000000e+00
7.350000000000000000e+01
-1.887500000000000000e+01
-9.437500000000000000e+00
-7.250000000000000000e+00
-7.593750000000000000e+00
2.837500000000000000e+01
-7.100000000000000000e+01
-1.081250000000000000e+01
-8.125000000000000000e+00
-5.093750000000000000e+00
-1.600000000000000000e+01
-4.875000000000000000e+00
-2.162500000000000000e+01
2.337500000000000000e+01
-9.062500000000000000e+00
4.800000000000000000e+01
1.887500000000000000e+01
9.800000000000000000e+01
4.425000000000000000e+01
-1.006250000000000000e+01
-7.718750000000000000e+00
-4.225000000000000000e+01
1.687500000000000000e+01
-1.600000000000000000e+01
1.470000000000000000e+02
-1.006250000000000000e+01
-5.468750000000000000e+00
7.050000000000000000e+01
1.737500000000000000e+01
-1.900000000000000000e+01
6.406250000000000000e-01
-1.750000000000000000e+01
4.225000000000000000e+01
1.900000000000000000e+01
3.425000000000000000e+01
-1.256250000000000000e+01
1.140000000000000000e+02
-2.662500000000000000e+01
4.975000000000000000e+01
3.800000000000000000e+01
1.590000000000000000e+02
-1.687500000000000000e+01
-9.500000000000000000e+00
1.987500000000000000e+01
-1.150000000000000000e+01
1.105000000000000000e+02
-2.037500000000000000e+01
-3.828125000000000000e+00
-9.062500000000000000e+00
-1.518750000000000000e+01
-1.710937500000000000e+00
4.775000000000000000e+01
2.412500000000000000e+01
1.045000000000000000e+02
-3.390625000000000000e+00
7.850000000000000000e+01
-4.125000000000000000e+00
-4.174804687500000000e-02
2.046875000000000000e+00
-1.737500000000000000e+01
3.796875000000000000e+00
1.210937500000000000e+00
4.400000000000000000e+01
5.625000000000000000e+01
-1.650000000000000000e+01
4.425000000000000000e+01
1.250000000000000000e-01
1.481250000000000000e+01
-6.593750000000000000e+00
4.075000000000000000e+01
9.050000000000000000e+01
5.275000000000000000e+01
-3.162500000000000000e+01
-8.687500000000000000e+00
-3.975000000000000000e+01
9.350000000000000000e+01
1.193750000000000000e+01
3.312500000000000000e+00
-1.962500000000000000e+01
5.875000000000000000e+00
3.725000000000000000e+01
-8.437500000000000000e+00
6.400000000000000000e+01
4.075000000000000000e+01
1.837500000000000000e+01
1.320000000000000000e+02
1.664062500000000000e+00
1.560000000000000000e+02
-8.437500000000000000e+00
-5.156250000000000000e+00
3.546875000000000000e+00
1.155000000000000000e+02
-5.406250000000000000e+00
-2.212500000000000000e+01
-2.953125000000000000e+00
8.550000000000000000e+01
-4.025000000000000000e+01
-1.637500000000000000e+01
3.900000000000000000e+01
5.875000000000000000e+01
-1.093750000000000000e+01
5.900000000000000000e+01
-1.025000000000000000e+01
6.156250000000000000e+00
-1.050000000000000000e+01
8.550000000000000000e+01
9.850000000000000000e+01
2.387500000000000000e+01
-7.000000000000000000e+01
1.560000000000000000e+02
-2.171875000000000000e+00
-3.046875000000000000e+00
9.937500000000000000e+00
-3.484375000000000000e+00
1.185000000000000000e+02
-1.393750000000000000e+01
-3.796875000000000000e+00
-1.231250000000000000e+01
7.950000000000000000e+01
-6.468750000000000000e+00
-1.218750000000000000e+01
1.390000000000000000e+02
1.390000000000000000e+02
-1.406250000000000000e-01
-4.218750000000000000e+00
-7.593750000000000000e+00
-3.000000000000000000e+01
1.500000000000000000e+01
-1.612500000000000000e+01
-2.984375000000000000e+00
1.800000000000000000e+01
-1.460937500000000000e+00
-6.325000000000000000e+01
-1.231250000000000000e+01
-7.031250000000000000e+00
-2.515625000000000000e+00
-1.437500000000000000e+00
-8.187500000000000000e+00
-1.601562500000000000e+00
-9.812500000000000000e+00
1.560000000000000000e+02
-1.518750000000000000e+01
1.380000000000000000e+02
-6.625000000000000000e+00
2.462500000000000000e+01
-5.781250000000000000e+00
-1.962500000000000000e+01
-2.937500000000000000e+01
-1.962500000000000000e+01
-2.812500000000000000e+01
-3.625000000000000000e+01
-2.075000000000000000e+01
-5.125000000000000000e+00
-1.581250000000000000e+01
-2.387500000000000000e+01
-3.828125000000000000e-01
-2.200000000000000000e+01
-3.296875000000000000e+00
-7.617187500000000000e-01
-7.406250000000000000e+00
-1.118750000000000000e+01
-5.031250000000000000e+00
-1.531250000000000000e+01
2.562500000000000000e+01
-4.093750000000000000e+00
8.950000000000000000e+01
5.625000000000000000e+01
1.470000000000000000e+02
2.300000000000000000e+01
6.400000000000000000e+01
3.925000000000000000e+01
-7.406250000000000000e+00
-2.762500000000000000e+01
-3.250000000000000000e+00
-1.762500000000000000e+01
-2.250000000000000000e+00
4.225000000000000000e+01
2.162500000000000000e+01
-6.289062500000000000e-01
-1.443750000000000000e+01
2.171875000000000000e+00
2.162500000000000000e+01
-9.875000000000000000e+00
-2.087500000000000000e+01
-1.018750000000000000e+01
2.212500000000000000e+01
5.075000000000000000e+01
-2.612500000000000000e+01
4.325000000000000000e+01
-7.593750000000000000e+00
1.039062500000000000e+00
-1.518750000000000000e+01
1.145000000000000000e+02
5.000000000000000000e+01
4.325000000000000000e+01
9.312500000000000000e+00
-6.757812500000000000e-01
1.240000000000000000e+02
2.216796875000000000e-01
-1.062500000000000000e+01
3.900000000000000000e+01
-1.468750000000000000e+01
-2.762500000000000000e+01
4.525000000000000000e+01
1.350000000000000000e+01
-2.362500000000000000e+01
-8.375000000000000000e+00
6.850000000000000000e+01
4.075000000000000000e+01
-6.375000000000000000e+00
-1.418750000000000000e+01
5.075000000000000000e+01
3.187500000000000000e+01
2.093750000000000000e+00
7.350000000000000000e+01
-1.912500000000000000e+01
-2.250000000000000000e+00
-2.400000000000000000e+01
3.453125000000000000e+00
-2.250000000000000000e+01
6.343750000000000000e+00
6.750000000000000000e+00
1.862500000000000000e+01
-1.357421875000000000e-01
-1.418750000000000000e+01
1.255000000000000000e+02
-9.312500000000000000e+00
1.510000000000000000e+02
3.225000000000000000e+01
-2.587500000000000000e+01
-2.546875000000000000e+00
3.675000000000000000e+01
2.612500000000000000e+01
4.500000000000000000e+01
-4.281250000000000000e+00
6.175000000000000000e+01
-2.500000000000000000e+01
-3.112500000000000000e+01
-9.125000000000000000e+00
2.662500000000000000e+01
-1.481250000000000000e+01
5.600000000000000000e+01
-2.087500000000000000e+01
8.550000000000000000e+01
-1.400000000000000000e+01
5.075000000000000000e+01
-2.887500000000000000e+01
7.350000000000000000e+01
-2.562500000000000000e+01
1.065000000000000000e+02
-6.468750000000000000e+00
-4.281250000000000000e+00
1.025000000000000000e+02
6.225000000000000000e+01
3.875000000000000000e+00
-9.937500000000000000e+00
4.700000000000000000e+01
-1.875000000000000000e+00
-2.887500000000000000e+01
3.975000000000000000e+01
6.000000000000000000e+01
-1.375000000000000000e+01
2.037500000000000000e+01
1.105000000000000000e+02
-1.581250000000000000e+01
2.762500000000000000e+01
-3.062500000000000000e+01
7.281250000000000000e+00
-7.156250000000000000e+00
-1.656250000000000000e+00
-2.637500000000000000e+01
4.425000000000000000e+01
-1.787500000000000000e+01
1.165000000000000000e+02
