1.530000000000000000e+02
-1.031250000000000000e+01
-1.962500000000000000e+01
4.050000000000000000e+01
-9.062500000000000000e+00
-1.543750000000000000e+01
1.612500000000000000e+01
3.012500000000000000e+01
-1.131250000000000000e+01
-6.375000000000000000e+00
2.162500000000000000e+01
6.156250000000000000e+00
3.265625000000000000e+00
5.343750000000000000e+00
3.675000000000000000e+01
2.162500000000000000e+01
-2.600000000000000000e+01
2.650000000000000000e+01
1.330000000000000000e+02
5.664062500000000000e-01
-1.281250000000000000e+01
-5.656250000000000000e+00
1.000000000000000000e+02
-7.343750000000000000e+00
3.100000000000000000e+01
3.062500000000000000e+01
8.800000000000000000e+01
-9.437500000000000000e+00
3.265625000000000000e+00
-2.150000000000000000e+01
7.250000000000000000e+01
-3.062500000000000000e+01
4.200000000000000000e+01
-2.162500000000000000e+01
-9.804687500000000000e-01
-1.093750000000000000e+01
-5.531250000000000000e+00
7.304687500000000000e-01
3.400000000000000000e+01
-1.600000000000000000e+01
-1.500000000000000000e+01
6.450000000000000000e+01
3.125000000000000000e+00
-1.712500000000000000e+01
-8.687500000000000000e+00
6.000000000000000000e+00
6.156250000000000000e+00
-2.012500000000000000e+01
-8.500000000000000000e+00
7.450000000000000000e+01
-1.062500000000000000e+00
-3.671875000000000000e+00
-1.662500000000000000e+01
-1.612500000000000000e+01
4.500000000000000000e+01
1.015000000000000000e+02
-3.037500000000000000e+01
1.480000000000000000e+02
-3.125000000000000000e-02
2.337500000000000000e+01
-7.750000000000000000e+00
2.078125000000000000e+00
2.703125000000000000e+00
3.925000000000000000e+01
8.687500000000000000e+00
-1.950000000000000000e+01
6.600000000000000000e+01
-1.493750000000000000e+01
-7.125000000000000000e+00
-3.525000000000000000e+01
-1.070312500000000000e+00
-1.168750000000000000e+01
-5.625000000000000000e-01
-3.225000000000000000e+01
-1.962500000000000000e+01
-3.037500000000000000e+01
3.825000000000000000e+01
5.406250000000000000e+00
3.275000000000000000e+01
2.796875000000000000e+00
5.000000000000000000e+00
3.037500000000000000e+01
-1.375000000000000000e+01
-7.250000000000000000e+00
-2.700000000000000000e+01
-1.031250000000000000e+01
1.080000000000000000e+02
5.900000000000000000e+01
2.462500000000000000e+01
-5.093750000000000000e+00
-6.093750000000000000e+00
-1.662500000000000000e+01
-2.962500000000000000e+01
1.289062500000000000e+00
-2.537500000000000000e+01
-1.431250000000000000e+01
1.570000000000000000e+02
3.500000000000000000e+01
-7.531250000000000000e+00
-3.796875000000000000e+00
9.350000000000000000e+01
-6.781250000000000000e+00
-1.468750000000000000e+01
2.015625000000000000e+00
8.200000000000000000e+01
4.175000000000000000e+01
-4.593750000000000000e+00
-6.132812500000000000e-01
-4.906250000000000000e+00
-3.109375000000000000e+00
6.850000000000000000e+01
-1.837500000000000000e+01
-9.062500000000000000e+00
-7.000000000000000000e+00
-6.218750000000000000e+00
2.900000000000000000e+01
-6.600000000000000000e+01
-1.218750000000000000e+01
-7.750000000000000000e+00
-4.875000000000000000e+00
-1.568750000000000000e+01
-3.421875000000000000e+00
-1.812500000000000000e+01
2.300000000000000000e+01
-7.343750000000000000e+00
4.300000000000000000e+01
1.812500000000000000e+01
9.150000000000000000e+01
4.125000000000000000e+01
-8.250000000000000000e+00
-7.750000000000000000e+00
-3.825000000000000000e+01
1.581250000000000000e+01
-1.493750000000000000e+01
1.290000000000000000e+02
-1.081250000000000000e+01
-4.156250000000000000e+00
6.600000000000000000e+01
1.800000000000000000e+01
-1.712500000000000000e+01
1.898437500000000000e+00
-1.700000000000000000e+01
4.075000000000000000e+01
1.750000000000000000e+01
3.225000000000000000e+01
-1.125000000000000000e+01
1.055000000000000000e+02
-2.337500000000000000e+01
4.675000000000000000e+01
3.625000000000000000e+01
1.460000000000000000e+02
-1.468750000000000000e+01
-9.812500000000000000e+00
1.687500000000000000e+01
-9.937500000000000000e+00
1.015000000000000000e+02
-1.850000000000000000e+01
-3.296875000000000000e+00
-6.906250000000000000e+00
-1.406250000000000000e+01
5.312500000000000000e-01
4.275000000000000000e+01
2.337500000000000000e+01
9.200000000000000000e+01
-4.218750000000000000e-01
7.350000000000000000e+01
-4.656250000000000000e+00
5.195312500000000000e-01
6.914062500000000000e-01
-1.662500000000000000e+01
4.968750000000000000e+00
4.375000000000000000e-01
4.275000000000000000e+01
5.300000000000000000e+01
-1.300000000000000000e+01
4.275000000000000000e+01
2.421875000000000000e+00
1.400000000000000000e+01
-7.250000000000000000e+00
3.700000000000000000e+01
8.250000000000000000e+01
4.900000000000000000e+01
-2.800000000000000000e+01
-5.875000000000000000e+00
-3.300000000000000000e+01
8.750000000000000000e+01
1.150000000000000000e+01
1.679687500000000000e+00
-1.418750000000000000e+01
6.656250000000000000e+00
3.375000000000000000e+01
-8.625000000000000000e+00
5.875000000000000000e+01
4.000000000000000000e+01
1.812500000000000000e+01
1.195000000000000000e+02
4.628906250000000000e-01
1.390000000000000000e+02
-6.750000000000000000e+00
-4.781250000000000000e+00
2.484375000000000000e+00
1.060000000000000000e+02
-5.781250000000000000e+00
-1.987500000000000000e+01
2.392578125000000000e-01
7.850000000000000000e+01
-3.825000000000000000e+01
-1.568750000000000000e+01
3.750000000000000000e+01
5.400000000000000000e+01
-1.025000000000000000e+01
5.475000000000000000e+01
-8.625000000000000000e+00
5.343750000000000000e+00
-9.750000000000000000e+00
8.050000000000000000e+01
9.050000000000000000e+01
2.350000000000000000e+01
-6.000000000000000000e+01
1.410000000000000000e+02
-2.484375000000000000e+00
1.043701171875000000e-02
9.312500000000000000e+00
-3.359375000000000000e+00
1.065000000000000000e+02
-1.468750000000000000e+01
-1.789062500000000000e+00
-9.000000000000000000e+00
7.050000000000000000e+01
-4.625000000000000000e+00
-1.093750000000000000e+01
1.280000000000000000e+02
1.265000000000000000e+02
-6.914062500000000000e-01
-3.015625000000000000e+00
-5.781250000000000000e+00
-2.400000000000000000e+01
1.518750000000000000e+01
-1.750000000000000000e+01
-3.000000000000000000e+00
1.937500000000000000e+01
-2.875000000000000000e+00
-6.200000000000000000e+01
-7.406250000000000000e+00
-5.593750000000000000e+00
-1.195312500000000000e+00
8.125000000000000000e-01
-5.875000000000000000e+00
8.593750000000000000e-02
-8.312500000000000000e+00
1.390000000000000000e+02
-1.575000000000000000e+01
1.290000000000000000e+02
-6.093750000000000000e+00
2.287500000000000000e+01
-4.312500000000000000e+00
-1.837500000000000000e+01
-2.837500000000000000e+01
-1.762500000000000000e+01
-2.537500000000000000e+01
-3.137500000000000000e+01
-2.087500000000000000e+01
-4.625000000000000000e+00
-1.281250000000000000e+01
-2.000000000000000000e+01
-9.062500000000000000e-01
-2.200000000000000000e+01
-1.539062500000000000e+00
2.203125000000000000e+00
-6.906250000000000000e+00
-8.062500000000000000e+00
-3.000000000000000000e+00
-1.431250000000000000e+01
2.562500000000000000e+01
-3.703125000000000000e+00
8.050000000000000000e+01
5.275000000000000000e+01
1.330000000000000000e+02
2.250000000000000000e+01
5.925000000000000000e+01
3.775000000000000000e+01
-5.781250000000000000e+00
-2.300000000000000000e+01
-2.875000000000000000e+00
-1.181250000000000000e+01
-9.531250000000000000e-01
3.775000000000000000e+01
1.950000000000000000e+01
-1.648437500000000000e+00
-1.456250000000000000e+01
2.265625000000000000e+00
2.037500000000000000e+01
-9.937500000000000000e+00
-1.443750000000000000e+01
-9.000000000000000000e+00
2.262500000000000000e+01
4.575000000000000000e+01
-2.150000000000000000e+01
4.025000000000000000e+01
-4.125000000000000000e+00
-6.127929687500000000e-02
-1.543750000000000000e+01
1.065000000000000000e+02
4.725000000000000000e+01
4.050000000000000000e+01
1.000000000000000000e+01
-1.148437500000000000e+00
1.125000000000000000e+02
-1.398437500000000000e+00
-7.156250000000000000e+00
3.625000000000000000e+01
-1.256250000000000000e+01
-2.062500000000000000e+01
4.275000000000000000e+01
1.331250000000000000e+01
-2.287500000000000000e+01
-6.843750000000000000e+00
6.400000000000000000e+01
3.700000000000000000e+01
-6.843750000000000000e+00
-1.350000000000000000e+01
4.600000000000000000e+01
3.100000000000000000e+01
1.375000000000000000e+00
6.650000000000000000e+01
-1.800000000000000000e+01
1.062500000000000000e+00
-1.900000000000000000e+01
2.921875000000000000e+00
-2.162500000000000000e+01
7.843750000000000000e+00
9.312500000000000000e+00
1.737500000000000000e+01
-2.636718750000000000e-01
-1.518750000000000000e+01
1.105000000000000000e+02
-5.875000000000000000e+00
1.370000000000000000e+02
3.100000000000000000e+01
-2.112500000000000000e+01
-2.984375000000000000e+00
3.425000000000000000e+01
2.550000000000000000e+01
4.200000000000000000e+01
-5.156250000000000000e+00
5.800000000000000000e+01
-2.075000000000000000e+01
-3.137500000000000000e+01
-7.781250000000000000e+00
2.362500000000000000e+01
-1.243750000000000000e+01
5.100000000000000000e+01
-1.887500000000000000e+01
7.850000000000000000e+01
-1.400000000000000000e+01
4.625000000000000000e+01
-2.900000000000000000e+01
6.600000000000000000e+01
-2.150000000000000000e+01
9.450000000000000000e+01
-6.093750000000000000e+00
-2.328125000000000000e+00
9.200000000000000000e+01
5.775000000000000000e+01
4.000000000000000000e+00
-8.437500000000000000e+00
4.300000000000000000e+01
-2.671875000000000000e+00
-2.687500000000000000e+01
3.650000000000000000e+01
5.525000000000000000e+01
-1.081250000000000000e+01
1.887500000000000000e+01
1.020000000000000000e+02
-1.550000000000000000e+01
2.700000000000000000e+01
-2.662500000000000000e+01
7.781250000000000000e+00
-5.000000000000000000e+00
-1.843750000000000000e+00
-2.437500000000000000e+01
4.175000000000000000e+01
-1.837500000000000000e+01
1.060000000000000000e+02
