-1.789062500000000000e+00
-3.730468750000000000e-01
-1.250000000000000000e+00
7.617187500000000000e-01
-5.390625000000000000e-01
1.242187500000000000e+00
7.656250000000000000e-01
4.433593750000000000e-01
-9.570312500000000000e-01
-1.218750000000000000e+00
8.750000000000000000e-01
1.000000000000000000e+00
1.367187500000000000e+00
3.457031250000000000e-01
5.976562500000000000e-01
2.294921875000000000e-01
4.707031250000000000e-01
4.375000000000000000e-01
-3.183593750000000000e-01
-1.085937500000000000e+00
-2.558593750000000000e-01
3.046875000000000000e+00
-4.968750000000000000e+00
-3.652343750000000000e-01
5.507812500000000000e-01
7.763671875000000000e-02
-3.062500000000000000e+00
-8.437500000000000000e-01
-9.423828125000000000e-02
-8.437500000000000000e-01
8.789062500000000000e-01
2.312500000000000000e+00
8.945312500000000000e-01
-6.992187500000000000e-01
-1.650390625000000000e-01
-1.437500000000000000e+00
1.523437500000000000e+00
-9.414062500000000000e-01
-1.196289062500000000e-01
-9.257812500000000000e-01
-2.265625000000000000e-01
1.242187500000000000e+00
4.531250000000000000e-01
-2.236328125000000000e-01
-1.468750000000000000e+00
1.046875000000000000e+00
1.031250000000000000e+00
-7.275390625000000000e-02
1.382812500000000000e+00
4.863281250000000000e-01
-5.898437500000000000e-01
-1.273437500000000000e+00
2.187500000000000000e+00
-3.496093750000000000e-01
7.343750000000000000e-01
-2.851562500000000000e-01
-5.585937500000000000e-01
-3.390625000000000000e+00
8.544921875000000000e-02
5.117187500000000000e-01
-1.343750000000000000e+00
8.085937500000000000e-01
-3.574218750000000000e-01
1.281250000000000000e+00
1.203125000000000000e+00
-7.275390625000000000e-02
4.746093750000000000e-01
-5.078125000000000000e-01
-1.591796875000000000e-01
7.187500000000000000e-01
-1.382812500000000000e+00
1.179687500000000000e+00
-7.226562500000000000e-02
-1.343750000000000000e+00
2.500000000000000000e+00
1.312500000000000000e+00
1.335937500000000000e+00
1.070312500000000000e+00
1.039062500000000000e+00
2.890625000000000000e-01
2.125000000000000000e+00
5.507812500000000000e-01
-1.382812500000000000e+00
-8.867187500000000000e-01
-1.593750000000000000e+00
1.375000000000000000e+00
-5.742187500000000000e-01
6.914062500000000000e-01
4.453125000000000000e-01
-1.898437500000000000e+00
-8.281250000000000000e-01
4.472656250000000000e-01
-6.406250000000000000e-01
-2.597656250000000000e-01
1.812500000000000000e+00
-5.781250000000000000e-01
-5.507812500000000000e-01
5.039062500000000000e-01
-6.054687500000000000e-01
1.007812500000000000e+00
1.718750000000000000e-01
-1.570312500000000000e+00
-4.667968750000000000e-01
1.648437500000000000e+00
9.375000000000000000e-01
1.101562500000000000e+00
-3.144531250000000000e-01
1.789062500000000000e+00
-1.164062500000000000e+00
-5.976562500000000000e-01
1.156250000000000000e+00
-2.412109375000000000e-01
1.632812500000000000e+00
-9.492187500000000000e-01
-6.875000000000000000e-01
1.210937500000000000e+00
2.609375000000000000e+00
-9.804687500000000000e-01
-1.429687500000000000e+00
-2.392578125000000000e-01
-8.476562500000000000e-01
-1.101562500000000000e+00
-2.087402343750000000e-02
8.945312500000000000e-01
1.312500000000000000e+00
2.158203125000000000e-01
1.289062500000000000e+00
1.046875000000000000e+00
8.476562500000000000e-01
8.710937500000000000e-01
1.960937500000000000e+00
1.007812500000000000e+00
5.468750000000000000e-01
-7.617187500000000000e-01
-2.046875000000000000e+00
-1.298828125000000000e-01
-5.156250000000000000e-01
2.753906250000000000e-01
1.164062500000000000e+00
-1.585937500000000000e+00
-7.929687500000000000e-01
2.203125000000000000e+00
1.187500000000000000e+00
3.964843750000000000e-01
1.054687500000000000e+00
-3.906250000000000000e-01
-7.617187500000000000e-01
-9.179687500000000000e-01
7.812500000000000000e-01
1.023437500000000000e+00
-1.437500000000000000e+00
-3.417968750000000000e-01
-1.062500000000000000e+00
-1.562500000000000000e-01
-1.164062500000000000e+00
-3.078125000000000000e+00
-6.250000000000000000e-01
-1.031250000000000000e+00
2.197265625000000000e-01
-7.343750000000000000e-01
-5.937500000000000000e-01
-1.570312500000000000e+00
6.250000000000000000e-01
-2.250000000000000000e+00
-7.187500000000000000e-01
9.960937500000000000e-01
-1.210937500000000000e+00
-1.728515625000000000e-01
2.156250000000000000e+00
-4.628906250000000000e-01
7.304687500000000000e-01
-7.968750000000000000e-01
1.437500000000000000e+00
7.500000000000000000e-01
-8.056640625000000000e-02
9.570312500000000000e-01
-4.277343750000000000e-01
1.695312500000000000e+00
2.234375000000000000e+00
8.007812500000000000e-01
-1.476562500000000000e+00
8.750000000000000000e-01
2.001953125000000000e-01
-6.757812500000000000e-01
3.906250000000000000e-01
1.195312500000000000e+00
8.437500000000000000e-01
5.429687500000000000e-01
-1.125000000000000000e+00
6.210937500000000000e-01
9.804687500000000000e-01
-9.414062500000000000e-01
6.835937500000000000e-01
1.289062500000000000e+00
6.601562500000000000e-01
-2.312500000000000000e+00
2.382812500000000000e-01
-2.453125000000000000e+00
-1.304687500000000000e+00
-6.289062500000000000e-01
4.785156250000000000e-01
-1.835937500000000000e+00
-1.650390625000000000e-01
-1.386718750000000000e-01
3.515625000000000000e-01
5.859375000000000000e-01
7.324218750000000000e-02
-1.187500000000000000e+00
6.289062500000000000e-01
3.378906250000000000e-01
-8.554687500000000000e-01
6.054687500000000000e-01
-1.031250000000000000e+00
1.164062500000000000e+00
-3.437500000000000000e-01
1.015625000000000000e+00
-9.414062500000000000e-01
7.773437500000000000e-01
4.062500000000000000e-01
-2.750000000000000000e+00
-9.375000000000000000e-01
-5.218505859375000000e-03
3.847656250000000000e-01
4.492187500000000000e-02
-3.703125000000000000e+00
-9.492187500000000000e-01
-6.367187500000000000e-01
-1.500000000000000000e+00
-2.218750000000000000e+00
1.460937500000000000e+00
-3.964843750000000000e-01
-9.882812500000000000e-01
-1.031250000000000000e+00
-2.087402343750000000e-02
-4.707031250000000000e-01
-1.265625000000000000e+00
-7.226562500000000000e-01
7.929687500000000000e-01
-1.414062500000000000e+00
-1.085937500000000000e+00
1.210937500000000000e+00
1.539062500000000000e+00
2.546875000000000000e+00
-5.507812500000000000e-01
-5.312500000000000000e-01
-1.039062500000000000e+00
-9.648437500000000000e-01
-5.742187500000000000e-01
-7.070312500000000000e-01
-1.343750000000000000e+00
-3.921875000000000000e+00
-8.945312500000000000e-01
-9.023437500000000000e-01
-1.000000000000000000e+00
9.882812500000000000e-01
1.148437500000000000e+00
-1.257812500000000000e+00
-6.562500000000000000e-01
-4.902343750000000000e-01
-4.062500000000000000e-01
-8.906250000000000000e-01
-4.843750000000000000e-01
-1.070312500000000000e+00
-8.125000000000000000e-01
8.242187500000000000e-01
6.757812500000000000e-01
-6.562500000000000000e-01
-9.882812500000000000e-01
-4.160156250000000000e-01
-1.218750000000000000e+00
-1.234375000000000000e+00
-9.218750000000000000e-01
-5.351562500000000000e-01
7.500000000000000000e-01
-6.523437500000000000e-01
-1.601562500000000000e+00
8.281250000000000000e-01
-2.203125000000000000e+00
9.570312500000000000e-01
4.843750000000000000e-01
-3.515625000000000000e-02
-1.101562500000000000e+00
-1.015625000000000000e-01
-6.992187500000000000e-01
9.228515625000000000e-02
-5.078125000000000000e-01
1.875000000000000000e-01
7.382812500000000000e-01
-8.320312500000000000e-01
-6.367187500000000000e-01
1.023437500000000000e+00
8.554687500000000000e-01
-1.289062500000000000e+00
4.316406250000000000e-01
-6.914062500000000000e-01
1.250000000000000000e+00
5.507812500000000000e-01
3.496093750000000000e-01
8.398437500000000000e-01
3.085937500000000000e-01
1.500000000000000000e+00
1.281250000000000000e+00
2.031250000000000000e-01
1.335937500000000000e+00
1.689453125000000000e-01
1.945312500000000000e+00
-1.195312500000000000e+00
-8.476562500000000000e-01
1.156250000000000000e+00
-5.898437500000000000e-01
2.714843750000000000e-01
-4.375000000000000000e-01
6.093750000000000000e-01
8.593750000000000000e-01
7.500000000000000000e-01
-1.132812500000000000e+00
-1.210937500000000000e+00
4.238281250000000000e-01
4.941406250000000000e-01
-9.882812500000000000e-01
-1.000000000000000000e+00
4.160156250000000000e-01
1.070312500000000000e+00
1.500000000000000000e+00
-3.515625000000000000e+00
-7.929687500000000000e-01
-8.945312500000000000e-01
7.187500000000000000e-01
7.812500000000000000e-01
-1.210937500000000000e+00
3.359375000000000000e-01
8.554687500000000000e-01
1.312500000000000000e+00
1.968750000000000000e+00
-1.687500000000000000e+00
-3.125000000000000000e+00
1.376953125000000000e-01
-2.875000000000000000e+00
-1.625000000000000000e+00
-4.003906250000000000e-02
-1.250000000000000000e+00
1.023437500000000000e+00
-2.832031250000000000e-01
4.003906250000000000e-01
-1.148437500000000000e+00
1.210937500000000000e+00
-8.642578125000000000e-02
3.796875000000000000e+00
-1.195312500000000000e+00
-1.218750000000000000e+00
-8.437500000000000000e-01
2.343750000000000000e-01
2.714843750000000000e-01
2.187500000000000000e-01
-3.063964843750000000e-02
-1.664062500000000000e+00
2.484375000000000000e+00
-2.609375000000000000e+00
-3.984375000000000000e-01
-4.156250000000000000e+00
-2.226562500000000000e-01
-1.187500000000000000e+00
-4.000000000000000000e+00
6.835937500000000000e-01
9.804687500000000000e-01
-3.769531250000000000e-01
9.960937500000000000e-02
-7.187500000000000000e-01
-1.687500000000000000e+00
9.570312500000000000e-01
3.691406250000000000e-01
-7.695312500000000000e-01
9.804687500000000000e-01
9.179687500000000000e-01
1.279296875000000000e-01
6.484375000000000000e-01
-8.085937500000000000e-01
5.898437500000000000e-01
-1.347656250000000000e-01
-8.750000000000000000e-01
-1.039062500000000000e+00
8.867187500000000000e-01
1.781250000000000000e+00
-1.648437500000000000e+00
