8.837890625000000000e-02
4.921875000000000000e-01
-1.851562500000000000e+00
1.320312500000000000e+00
-3.574218750000000000e-01
1.093750000000000000e+00
1.187500000000000000e+00
9.843750000000000000e-01
-7.656250000000000000e-01
-1.335937500000000000e+00
1.328125000000000000e+00
1.140625000000000000e+00
2.015625000000000000e+00
3.339843750000000000e-01
1.156250000000000000e+00
5.937500000000000000e-01
-7.187500000000000000e-01
9.687500000000000000e-01
1.039062500000000000e+00
-1.242187500000000000e+00
-4.843750000000000000e-01
2.625000000000000000e+00
-5.343750000000000000e+00
-5.742187500000000000e-01
1.023437500000000000e+00
4.785156250000000000e-01
-3.500000000000000000e+00
-9.726562500000000000e-01
7.812500000000000000e-02
-1.281250000000000000e+00
1.625000000000000000e+00
1.078125000000000000e+00
1.406250000000000000e+00
-6.601562500000000000e-01
-4.824218750000000000e-01
-1.625000000000000000e+00
1.117187500000000000e+00
-5.156250000000000000e-01
2.109375000000000000e-01
-1.257812500000000000e+00
-5.273437500000000000e-01
1.992187500000000000e+00
1.062500000000000000e+00
-3.535156250000000000e-01
-1.507812500000000000e+00
1.289062500000000000e+00
1.015625000000000000e+00
1.043701171875000000e-02
1.109375000000000000e+00
1.132812500000000000e+00
-4.003906250000000000e-01
-1.523437500000000000e+00
1.750000000000000000e+00
-8.906250000000000000e-01
1.242187500000000000e+00
8.593750000000000000e-01
-2.675781250000000000e-01
-2.062500000000000000e+00
5.312500000000000000e-01
7.929687500000000000e-01
-8.867187500000000000e-01
1.085937500000000000e+00
-1.591796875000000000e-01
2.312500000000000000e+00
1.937500000000000000e+00
1.043701171875000000e-02
1.343750000000000000e+00
3.652343750000000000e-01
4.565429687500000000e-02
6.562500000000000000e-01
-1.562500000000000000e+00
1.554687500000000000e+00
1.455078125000000000e-01
-1.507812500000000000e+00
2.187500000000000000e+00
-3.906250000000000000e-01
2.203125000000000000e+00
1.343750000000000000e+00
1.914062500000000000e+00
1.376953125000000000e-01
2.640625000000000000e+00
8.554687500000000000e-01
-7.148437500000000000e-01
-7.304687500000000000e-01
-2.437500000000000000e+00
1.015625000000000000e+00
2.236328125000000000e-01
1.414062500000000000e+00
7.773437500000000000e-01
-1.960937500000000000e+00
-5.976562500000000000e-01
1.218750000000000000e+00
-1.539062500000000000e+00
-9.814453125000000000e-02
8.554687500000000000e-01
-1.015625000000000000e+00
1.398437500000000000e+00
1.039062500000000000e+00
-1.093750000000000000e+00
1.242187500000000000e+00
1.101562500000000000e+00
-1.851562500000000000e+00
-1.375000000000000000e+00
1.914062500000000000e+00
1.664062500000000000e+00
1.875000000000000000e+00
-2.343750000000000000e-01
1.968750000000000000e+00
-1.117187500000000000e+00
-5.039062500000000000e-01
2.109375000000000000e+00
-9.179687500000000000e-01
1.406250000000000000e+00
-1.689453125000000000e-01
-7.851562500000000000e-01
2.140625000000000000e+00
1.257812500000000000e+00
-8.320312500000000000e-01
-1.523437500000000000e+00
-5.117187500000000000e-01
-1.007812500000000000e+00
-1.460937500000000000e+00
-7.187500000000000000e-01
1.257812500000000000e+00
1.406250000000000000e+00
6.757812500000000000e-01
1.945312500000000000e+00
1.976562500000000000e+00
1.562500000000000000e+00
9.960937500000000000e-01
1.750000000000000000e+00
7.812500000000000000e-01
8.750000000000000000e-01
-1.304687500000000000e+00
-1.632812500000000000e+00
-2.216796875000000000e-01
-2.460937500000000000e-01
1.007812500000000000e+00
1.742187500000000000e+00
-1.140625000000000000e+00
-1.210937500000000000e+00
1.687500000000000000e+00
1.867187500000000000e+00
6.601562500000000000e-01
1.726562500000000000e+00
-9.375000000000000000e-01
8.125000000000000000e-01
-1.148437500000000000e+00
1.406250000000000000e+00
1.593750000000000000e+00
5.546875000000000000e-01
-3.593750000000000000e-01
-1.023437500000000000e+00
-1.494140625000000000e-01
-1.179687500000000000e+00
-1.898437500000000000e+00
-5.273437500000000000e-01
-5.664062500000000000e-01
3.320312500000000000e-01
-1.093750000000000000e+00
-8.125000000000000000e-01
-7.070312500000000000e-01
6.914062500000000000e-01
-2.937500000000000000e+00
-4.160156250000000000e-01
1.812500000000000000e+00
-1.179687500000000000e+00
-9.326171875000000000e-02
2.203125000000000000e+00
-1.250000000000000000e+00
9.843750000000000000e-01
-8.554687500000000000e-01
2.234375000000000000e+00
1.414062500000000000e+00
-1.010742187500000000e-01
1.757812500000000000e+00
-2.597656250000000000e-01
2.187500000000000000e+00
1.062500000000000000e+00
1.289062500000000000e+00
-3.886718750000000000e-01
1.601562500000000000e+00
-1.147460937500000000e-01
-6.093750000000000000e-01
5.664062500000000000e-01
2.000000000000000000e+00
1.289062500000000000e+00
6.679687500000000000e-01
-8.483886718750000000e-03
8.320312500000000000e-01
1.625000000000000000e+00
-8.320312500000000000e-01
1.320312500000000000e+00
2.046875000000000000e+00
9.687500000000000000e-01
-9.218750000000000000e-01
1.552734375000000000e-01
-1.585937500000000000e+00
-1.148437500000000000e+00
-8.476562500000000000e-01
7.187500000000000000e-01
-2.871093750000000000e-01
-2.773437500000000000e-01
-6.523437500000000000e-01
1.806640625000000000e-01
1.273437500000000000e+00
-2.597656250000000000e-01
-1.406250000000000000e+00
1.210937500000000000e+00
9.687500000000000000e-01
-1.234375000000000000e+00
1.218750000000000000e+00
-1.148437500000000000e+00
1.375000000000000000e+00
-6.914062500000000000e-01
2.062500000000000000e+00
6.054687500000000000e-01
1.343750000000000000e+00
-1.157226562500000000e-01
-1.648437500000000000e+00
-7.968750000000000000e-01
1.982421875000000000e-01
6.875000000000000000e-01
-9.619140625000000000e-02
-3.078125000000000000e+00
-1.414062500000000000e+00
-7.148437500000000000e-01
-1.976562500000000000e+00
-1.414062500000000000e+00
1.539062500000000000e+00
-7.070312500000000000e-01
9.882812500000000000e-01
-1.147460937500000000e-01
-4.614257812500000000e-02
-1.562500000000000000e-01
-1.367187500000000000e+00
4.062500000000000000e-01
1.351562500000000000e+00
-1.632812500000000000e+00
-1.335937500000000000e+00
1.960937500000000000e+00
9.882812500000000000e-01
1.865234375000000000e-01
6.250000000000000000e-02
-5.859375000000000000e-01
-1.148437500000000000e+00
-1.195312500000000000e+00
-4.042968750000000000e-01
-1.007812500000000000e+00
-1.539062500000000000e+00
-3.328125000000000000e+00
-1.195312500000000000e+00
4.687500000000000000e-01
-1.039062500000000000e+00
1.539062500000000000e+00
1.031250000000000000e+00
-1.500000000000000000e+00
-1.406250000000000000e+00
-5.898437500000000000e-01
-5.390625000000000000e-01
-8.281250000000000000e-01
-2.353515625000000000e-01
-9.335937500000000000e-01
-1.147460937500000000e-01
1.085937500000000000e+00
4.199218750000000000e-01
-8.242187500000000000e-01
-8.632812500000000000e-01
-7.080078125000000000e-02
-1.375000000000000000e+00
-1.437500000000000000e+00
-6.875000000000000000e-01
-9.648437500000000000e-01
1.015625000000000000e+00
-3.320312500000000000e-01
-1.789062500000000000e+00
1.648437500000000000e+00
-8.750000000000000000e-01
1.351562500000000000e+00
1.148437500000000000e+00
8.085937500000000000e-01
-1.414062500000000000e+00
3.828125000000000000e-01
-4.843750000000000000e-01
6.015625000000000000e-01
-3.691406250000000000e-01
5.039062500000000000e-01
1.148437500000000000e+00
-5.664062500000000000e-01
-1.179687500000000000e+00
1.414062500000000000e+00
1.320312500000000000e+00
-1.726562500000000000e+00
1.007812500000000000e+00
-8.320312500000000000e-01
1.773437500000000000e+00
1.000000000000000000e+00
4.003906250000000000e-01
1.242187500000000000e+00
3.496093750000000000e-01
1.500000000000000000e+00
9.257812500000000000e-01
1.492187500000000000e+00
1.914062500000000000e+00
7.460937500000000000e-01
2.046875000000000000e+00
-9.960937500000000000e-01
-7.031250000000000000e-02
1.039062500000000000e+00
2.656250000000000000e-01
6.992187500000000000e-01
-8.164062500000000000e-01
1.320312500000000000e+00
1.273437500000000000e+00
1.039062500000000000e+00
-1.437500000000000000e+00
-1.312500000000000000e+00
1.054687500000000000e+00
9.570312500000000000e-01
-1.375000000000000000e+00
-1.375000000000000000e+00
9.960937500000000000e-01
1.687500000000000000e+00
1.687500000000000000e+00
-3.328125000000000000e+00
-1.148437500000000000e+00
-6.679687500000000000e-01
6.015625000000000000e-01
9.843750000000000000e-01
-1.460937500000000000e+00
6.328125000000000000e-01
1.375000000000000000e+00
1.875000000000000000e+00
2.046875000000000000e+00
-2.125000000000000000e+00
-3.859375000000000000e+00
-6.494140625000000000e-02
-1.570312500000000000e+00
-1.070312500000000000e+00
6.835937500000000000e-01
-1.398437500000000000e+00
1.648437500000000000e+00
1.039062500000000000e+00
8.437500000000000000e-01
-9.531250000000000000e-01
2.125000000000000000e+00
-3.574218750000000000e-01
2.750000000000000000e+00
-1.375000000000000000e+00
-1.250000000000000000e+00
-8.320312500000000000e-01
8.554687500000000000e-01
-1.406250000000000000e-01
1.179687500000000000e+00
-1.601562500000000000e-01
-8.554687500000000000e-01
1.187500000000000000e+00
-1.851562500000000000e+00
-7.171630859375000000e-03
-4.750000000000000000e+00
-5.390625000000000000e-01
-1.156250000000000000e+00
-3.578125000000000000e+00
1.281250000000000000e+00
1.437500000000000000e+00
-5.039062500000000000e-01
4.316406250000000000e-01
-1.046875000000000000e+00
-2.671875000000000000e+00
1.757812500000000000e+00
9.218750000000000000e-01
-1.023437500000000000e+00
1.539062500000000000e+00
1.710937500000000000e+00
-3.417968750000000000e-01
1.078125000000000000e+00
-1.591796875000000000e-01
8.125000000000000000e-01
-1.542968750000000000e-01
-6.523437500000000000e-01
-1.195312500000000000e+00
1.296875000000000000e+00
1.117187500000000000e+00
-3.066406250000000000e-01
