3.475000000000000000e+01
-1.554687500000000000e+00
-7.500000000000000000e+00
1.100000000000000000e+01
-1.531250000000000000e+00
-2.078125000000000000e+00
5.531250000000000000e+00
8.250000000000000000e+00
-1.992187500000000000e+00
-2.125000000000000000e+00
6.906250000000000000e+00
2.750000000000000000e+00
3.515625000000000000e+00
1.625000000000000000e+00
9.937500000000000000e+00
6.406250000000000000e+00
-8.687500000000000000e+00
7.875000000000000000e+00
3.037500000000000000e+01
-1.242187500000000000e+00
-3.171875000000000000e+00
2.031250000000000000e-01
1.700000000000000000e+01
-2.296875000000000000e+00
8.812500000000000000e+00
7.781250000000000000e+00
1.525000000000000000e+01
-1.203125000000000000e+00
1.812500000000000000e+00
-5.843750000000000000e+00
1.787500000000000000e+01
-8.187500000000000000e+00
1.131250000000000000e+01
-6.031250000000000000e+00
-1.054687500000000000e+00
-2.015625000000000000e+00
-4.785156250000000000e-01
9.912109375000000000e-02
8.375000000000000000e+00
-4.468750000000000000e+00
-1.945312500000000000e+00
1.662500000000000000e+01
3.546875000000000000e+00
-4.406250000000000000e+00
-2.015625000000000000e+00
3.125000000000000000e+00
2.687500000000000000e+00
-2.750000000000000000e+00
-1.195312500000000000e+00
1.712500000000000000e+01
5.039062500000000000e-01
-1.351562500000000000e+00
-3.375000000000000000e+00
-5.875000000000000000e+00
1.231250000000000000e+01
2.300000000000000000e+01
-6.625000000000000000e+00
3.100000000000000000e+01
1.726562500000000000e+00
6.156250000000000000e+00
-3.906250000000000000e-01
2.390625000000000000e+00
7.031250000000000000e-01
1.306250000000000000e+01
4.656250000000000000e+00
-3.453125000000000000e+00
1.637500000000000000e+01
-3.671875000000000000e+00
6.992187500000000000e-01
-5.781250000000000000e+00
-1.312500000000000000e+00
9.570312500000000000e-01
3.535156250000000000e-01
-8.687500000000000000e+00
-2.171875000000000000e+00
-1.093750000000000000e+01
1.181250000000000000e+01
3.453125000000000000e+00
1.081250000000000000e+01
2.187500000000000000e+00
4.218750000000000000e+00
8.187500000000000000e+00
-3.562500000000000000e+00
-1.492187500000000000e+00
-1.031250000000000000e+01
-1.289062500000000000e+00
2.450000000000000000e+01
1.481250000000000000e+01
6.906250000000000000e+00
-1.570312500000000000e+00
-2.296875000000000000e+00
3.125000000000000000e-02
-1.075000000000000000e+01
5.117187500000000000e-01
-7.281250000000000000e+00
-4.187500000000000000e+00
3.675000000000000000e+01
9.187500000000000000e+00
-2.187500000000000000e+00
1.000000000000000000e+00
2.200000000000000000e+01
-1.523437500000000000e+00
-5.593750000000000000e+00
2.296875000000000000e+00
1.937500000000000000e+01
1.200000000000000000e+01
-1.875000000000000000e+00
1.750000000000000000e+00
-1.476562500000000000e+00
-1.507812500000000000e+00
1.775000000000000000e+01
-4.906250000000000000e+00
-1.304687500000000000e+00
-1.601562500000000000e+00
-1.093750000000000000e+00
1.012500000000000000e+01
-1.581250000000000000e+01
-5.062500000000000000e+00
-9.414062500000000000e-01
-2.203125000000000000e+00
-5.875000000000000000e+00
-1.968750000000000000e+00
-6.843750000000000000e+00
7.625000000000000000e+00
3.515625000000000000e-01
1.018750000000000000e+01
6.906250000000000000e+00
2.162500000000000000e+01
1.150000000000000000e+01
-2.138671875000000000e-01
-7.343750000000000000e-01
-9.000000000000000000e+00
5.625000000000000000e+00
-5.281250000000000000e+00
2.637500000000000000e+01
-2.453125000000000000e+00
-1.164062500000000000e+00
1.568750000000000000e+01
7.125000000000000000e+00
-4.906250000000000000e+00
-1.689453125000000000e-01
-4.093750000000000000e+00
1.143750000000000000e+01
5.406250000000000000e+00
1.018750000000000000e+01
-2.671875000000000000e+00
2.562500000000000000e+01
-6.843750000000000000e+00
1.268750000000000000e+01
1.037500000000000000e+01
3.400000000000000000e+01
-2.484375000000000000e+00
-3.296875000000000000e+00
3.734375000000000000e+00
-1.437500000000000000e+00
2.237500000000000000e+01
-4.125000000000000000e+00
-3.496093750000000000e-01
-8.554687500000000000e-01
-5.156250000000000000e+00
-2.080078125000000000e-01
9.687500000000000000e+00
6.250000000000000000e+00
1.625000000000000000e+01
-8.349609375000000000e-02
1.800000000000000000e+01
-5.859375000000000000e-01
1.476562500000000000e+00
2.015625000000000000e+00
-6.250000000000000000e+00
2.875000000000000000e+00
8.837890625000000000e-02
1.281250000000000000e+01
1.381250000000000000e+01
-1.375000000000000000e+00
1.200000000000000000e+01
8.476562500000000000e-01
6.093750000000000000e+00
-1.507812500000000000e+00
1.018750000000000000e+01
1.950000000000000000e+01
1.331250000000000000e+01
-5.218750000000000000e+00
-2.312500000000000000e+00
-4.750000000000000000e+00
2.100000000000000000e+01
4.531250000000000000e+00
1.906250000000000000e+00
-3.296875000000000000e+00
3.203125000000000000e+00
9.562500000000000000e+00
-2.265625000000000000e+00
1.425000000000000000e+01
1.168750000000000000e+01
5.531250000000000000e+00
2.650000000000000000e+01
4.394531250000000000e-01
2.937500000000000000e+01
-2.390625000000000000e+00
-1.343750000000000000e+00
1.820312500000000000e+00
2.437500000000000000e+01
-1.585937500000000000e+00
-6.406250000000000000e+00
1.289062500000000000e+00
1.850000000000000000e+01
-1.031250000000000000e+01
-3.078125000000000000e+00
1.050000000000000000e+01
1.368750000000000000e+01
-3.937500000000000000e+00
1.381250000000000000e+01
-1.601562500000000000e+00
3.203125000000000000e+00
-3.921875000000000000e+00
2.062500000000000000e+01
2.200000000000000000e+01
8.000000000000000000e+00
-1.218750000000000000e+01
3.000000000000000000e+01
-4.941406250000000000e-01
2.984375000000000000e+00
3.671875000000000000e+00
-3.359375000000000000e-01
2.162500000000000000e+01
-5.218750000000000000e+00
-9.492187500000000000e-01
-2.046875000000000000e+00
1.556250000000000000e+01
8.398437500000000000e-01
-4.718750000000000000e+00
3.087500000000000000e+01
2.762500000000000000e+01
-6.250000000000000000e-01
1.118164062500000000e-01
-1.242187500000000000e+00
-3.453125000000000000e+00
5.500000000000000000e+00
-5.750000000000000000e+00
-1.500000000000000000e+00
7.906250000000000000e+00
-9.375000000000000000e-02
-1.812500000000000000e+01
3.125000000000000000e-02
-1.023437500000000000e+00
-7.382812500000000000e-01
-3.125000000000000000e-02
-8.945312500000000000e-01
-6.406250000000000000e-01
-1.929687500000000000e+00
2.787500000000000000e+01
-5.843750000000000000e+00
3.037500000000000000e+01
-1.500000000000000000e+00
7.593750000000000000e+00
-2.109375000000000000e-01
-6.656250000000000000e+00
-8.937500000000000000e+00
-5.093750000000000000e+00
-7.031250000000000000e+00
-8.312500000000000000e+00
-3.828125000000000000e+00
-1.851562500000000000e+00
-1.539062500000000000e+00
-9.882812500000000000e-01
6.396484375000000000e-02
-7.343750000000000000e+00
-1.039062500000000000e+00
1.117187500000000000e+00
-1.375000000000000000e+00
-1.687500000000000000e+00
-2.080078125000000000e-01
-5.156250000000000000e+00
7.500000000000000000e+00
-1.148437500000000000e+00
1.531250000000000000e+01
1.443750000000000000e+01
2.937500000000000000e+01
7.218750000000000000e+00
1.481250000000000000e+01
1.025000000000000000e+01
-1.125000000000000000e+00
-2.015625000000000000e+00
-1.101562500000000000e+00
-2.343750000000000000e+00
2.109375000000000000e-01
9.375000000000000000e+00
6.093750000000000000e+00
-3.359375000000000000e-01
-6.125000000000000000e+00
2.203125000000000000e+00
6.968750000000000000e+00
-5.281250000000000000e+00
-3.847656250000000000e-01
-1.820312500000000000e+00
7.218750000000000000e+00
1.143750000000000000e+01
-3.171875000000000000e+00
1.031250000000000000e+01
1.976562500000000000e+00
1.257812500000000000e+00
-2.953125000000000000e+00
2.562500000000000000e+01
1.256250000000000000e+01
1.031250000000000000e+01
4.843750000000000000e+00
-5.218505859375000000e-03
2.412500000000000000e+01
4.863281250000000000e-01
1.865234375000000000e-01
9.250000000000000000e+00
-4.125000000000000000e+00
-2.640625000000000000e+00
1.100000000000000000e+01
4.968750000000000000e+00
-7.156250000000000000e+00
-1.382812500000000000e+00
1.568750000000000000e+01
9.937500000000000000e+00
-1.773437500000000000e+00
-3.890625000000000000e+00
1.150000000000000000e+01
9.500000000000000000e+00
1.945312500000000000e+00
1.206250000000000000e+01
-6.406250000000000000e+00
2.187500000000000000e-01
-2.359375000000000000e+00
2.328125000000000000e+00
-8.062500000000000000e+00
3.046875000000000000e+00
4.343750000000000000e+00
6.500000000000000000e+00
1.992187500000000000e+00
-6.343750000000000000e+00
1.900000000000000000e+01
-4.765625000000000000e-01
3.000000000000000000e+01
6.468750000000000000e+00
-5.656250000000000000e+00
-1.757812500000000000e+00
1.000000000000000000e+01
8.250000000000000000e+00
1.056250000000000000e+01
-1.000000000000000000e+00
1.612500000000000000e+01
-4.843750000000000000e+00
-5.750000000000000000e+00
-1.687500000000000000e+00
5.031250000000000000e+00
-1.750000000000000000e+00
1.243750000000000000e+01
-6.250000000000000000e+00
1.862500000000000000e+01
-3.078125000000000000e+00
1.043750000000000000e+01
-7.125000000000000000e+00
1.431250000000000000e+01
-3.703125000000000000e+00
1.593750000000000000e+01
-9.101562500000000000e-01
-1.320312500000000000e+00
1.850000000000000000e+01
1.431250000000000000e+01
2.875000000000000000e+00
-2.234375000000000000e+00
9.812500000000000000e+00
-1.007812500000000000e+00
-1.075000000000000000e+01
1.100000000000000000e+01
1.368750000000000000e+01
-2.078125000000000000e+00
6.406250000000000000e+00
2.350000000000000000e+01
-5.187500000000000000e+00
8.250000000000000000e+00
-4.843750000000000000e+00
3.515625000000000000e+00
-7.031250000000000000e-01
-1.406250000000000000e-01
-8.000000000000000000e+00
1.106250000000000000e+01
-6.593750000000000000e+00
2.400000000000000000e+01
