1.425000000000000000e+01
-1.148437500000000000e+00
-4.718750000000000000e+00
5.906250000000000000e+00
-1.414062500000000000e+00
-6.562500000000000000e-01
3.609375000000000000e+00
4.218750000000000000e+00
-2.171875000000000000e+00
-1.812500000000000000e+00
4.312500000000000000e+00
2.828125000000000000e+00
3.250000000000000000e+00
1.476562500000000000e+00
5.375000000000000000e+00
3.750000000000000000e+00
-4.968750000000000000e+00
4.281250000000000000e+00
1.300000000000000000e+01
-6.445312500000000000e-01
-1.679687500000000000e+00
9.726562500000000000e-01
2.921875000000000000e+00
-1.710937500000000000e+00
4.906250000000000000e+00
4.000000000000000000e+00
3.265625000000000000e+00
-9.843750000000000000e-01
1.218750000000000000e+00
-3.734375000000000000e+00
9.000000000000000000e+00
-3.750000000000000000e+00
6.250000000000000000e+00
-3.171875000000000000e+00
-9.179687500000000000e-01
-1.257812500000000000e+00
-4.082031250000000000e-01
1.562500000000000000e-01
3.750000000000000000e+00
-1.843750000000000000e+00
-1.101562500000000000e+00
9.000000000000000000e+00
3.171875000000000000e+00
-2.515625000000000000e+00
-2.078125000000000000e+00
2.390625000000000000e+00
2.125000000000000000e+00
-8.320312500000000000e-01
-1.767578125000000000e-01
7.875000000000000000e+00
3.066406250000000000e-01
-1.250000000000000000e+00
-6.093750000000000000e-01
-3.812500000000000000e+00
6.500000000000000000e+00
9.562500000000000000e+00
-2.437500000000000000e+00
1.075000000000000000e+01
1.148437500000000000e+00
3.703125000000000000e+00
-8.632812500000000000e-01
2.437500000000000000e+00
8.242187500000000000e-01
7.343750000000000000e+00
3.750000000000000000e+00
-1.398437500000000000e+00
8.000000000000000000e+00
-2.296875000000000000e+00
5.195312500000000000e-01
-8.281250000000000000e-01
-1.789062500000000000e+00
1.960937500000000000e+00
6.523437500000000000e-01
-4.593750000000000000e+00
3.378906250000000000e-01
-5.750000000000000000e+00
7.250000000000000000e+00
2.515625000000000000e+00
6.593750000000000000e+00
1.625000000000000000e+00
3.328125000000000000e+00
4.531250000000000000e+00
-2.875000000000000000e+00
-1.367187500000000000e+00
-5.906250000000000000e+00
-3.738403320312500000e-03
1.000000000000000000e+01
7.468750000000000000e+00
3.515625000000000000e+00
-2.140625000000000000e+00
-1.023437500000000000e+00
1.804687500000000000e+00
-6.656250000000000000e+00
3.613281250000000000e-01
-3.375000000000000000e+00
-3.437500000000000000e+00
1.687500000000000000e+01
4.906250000000000000e+00
-5.898437500000000000e-01
1.179687500000000000e+00
9.750000000000000000e+00
-1.242187500000000000e+00
-3.562500000000000000e+00
1.820312500000000000e+00
9.437500000000000000e+00
7.093750000000000000e+00
-9.804687500000000000e-01
1.726562500000000000e+00
-1.179687500000000000e+00
-4.160156250000000000e-01
9.437500000000000000e+00
-2.359375000000000000e+00
4.418945312500000000e-02
-2.250000000000000000e+00
-1.335937500000000000e+00
6.593750000000000000e+00
-6.218750000000000000e+00
-3.187500000000000000e+00
-6.523437500000000000e-01
-1.257812500000000000e+00
-4.343750000000000000e+00
-1.210937500000000000e+00
-2.546875000000000000e+00
4.906250000000000000e+00
1.367187500000000000e+00
4.687500000000000000e+00
4.593750000000000000e+00
1.075000000000000000e+01
6.250000000000000000e+00
1.148437500000000000e+00
5.390625000000000000e-01
-2.890625000000000000e+00
3.609375000000000000e+00
-3.109375000000000000e+00
8.562500000000000000e+00
-1.531250000000000000e+00
-3.964843750000000000e-01
7.750000000000000000e+00
4.750000000000000000e+00
-4.093750000000000000e+00
2.404785156250000000e-02
-7.187500000000000000e-01
6.656250000000000000e+00
3.312500000000000000e+00
5.906250000000000000e+00
-2.078125000000000000e+00
1.143750000000000000e+01
-2.859375000000000000e+00
6.875000000000000000e+00
6.343750000000000000e+00
1.425000000000000000e+01
-1.781250000000000000e+00
-2.343750000000000000e+00
1.601562500000000000e+00
-1.148437500000000000e+00
7.500000000000000000e+00
-2.515625000000000000e+00
-5.234375000000000000e-01
-5.117187500000000000e-01
-2.750000000000000000e+00
-9.960937500000000000e-02
3.296875000000000000e+00
3.687500000000000000e+00
4.281250000000000000e+00
4.843750000000000000e-01
9.375000000000000000e+00
-1.523437500000000000e+00
7.382812500000000000e-01
1.789062500000000000e+00
-3.484375000000000000e+00
2.484375000000000000e+00
-7.031250000000000000e-01
7.468750000000000000e+00
7.375000000000000000e+00
-2.753906250000000000e-01
6.843750000000000000e+00
9.882812500000000000e-01
3.875000000000000000e+00
-7.968750000000000000e-01
5.656250000000000000e+00
7.781250000000000000e+00
7.125000000000000000e+00
-1.476562500000000000e+00
-9.062500000000000000e-01
-5.429687500000000000e-01
1.062500000000000000e+01
3.296875000000000000e+00
1.398437500000000000e+00
-2.812500000000000000e+00
2.312500000000000000e+00
5.281250000000000000e+00
-1.234375000000000000e+00
6.875000000000000000e+00
7.000000000000000000e+00
3.796875000000000000e+00
9.812500000000000000e+00
5.737304687500000000e-02
1.037500000000000000e+01
-1.429687500000000000e+00
-6.250000000000000000e-01
1.320312500000000000e+00
9.812500000000000000e+00
-8.164062500000000000e-01
-3.046875000000000000e+00
9.531250000000000000e-01
8.437500000000000000e+00
-4.218750000000000000e+00
-1.437500000000000000e+00
5.906250000000000000e+00
6.531250000000000000e+00
-2.500000000000000000e+00
7.031250000000000000e+00
-1.757812500000000000e+00
2.328125000000000000e+00
-2.093750000000000000e+00
1.081250000000000000e+01
9.500000000000000000e+00
4.968750000000000000e+00
-3.500000000000000000e+00
1.100000000000000000e+01
-9.179687500000000000e-01
1.460937500000000000e+00
2.640625000000000000e+00
-2.314453125000000000e-01
6.125000000000000000e+00
-3.421875000000000000e+00
-7.500000000000000000e-01
-8.945312500000000000e-01
5.343750000000000000e+00
1.429687500000000000e+00
-2.500000000000000000e+00
1.356250000000000000e+01
1.081250000000000000e+01
-2.373046875000000000e-01
-4.355468750000000000e-01
-1.101562500000000000e+00
-2.609375000000000000e+00
3.609375000000000000e+00
-4.250000000000000000e+00
-1.007812500000000000e+00
5.593750000000000000e+00
-8.447265625000000000e-02
-8.187500000000000000e+00
4.941406250000000000e-01
2.236328125000000000e-01
-2.490234375000000000e-01
4.433593750000000000e-01
-7.929687500000000000e-01
-5.117187500000000000e-01
-1.289062500000000000e+00
8.625000000000000000e+00
-3.765625000000000000e+00
1.331250000000000000e+01
-1.726562500000000000e+00
4.781250000000000000e+00
5.625000000000000000e-01
-4.218750000000000000e+00
-5.093750000000000000e+00
-2.187500000000000000e+00
-3.046875000000000000e+00
-4.718750000000000000e+00
-1.242187500000000000e+00
-1.906250000000000000e+00
-8.632812500000000000e-01
1.304687500000000000e+00
1.040039062500000000e-01
-4.031250000000000000e+00
-4.531250000000000000e-01
8.710937500000000000e-01
-7.031250000000000000e-01
-5.976562500000000000e-01
-2.158203125000000000e-01
-3.078125000000000000e+00
4.531250000000000000e+00
-1.062500000000000000e+00
4.718750000000000000e+00
7.500000000000000000e+00
1.131250000000000000e+01
4.625000000000000000e+00
7.406250000000000000e+00
5.468750000000000000e+00
-4.902343750000000000e-01
-3.339843750000000000e-01
-1.343750000000000000e+00
-7.148437500000000000e-01
-4.687500000000000000e-01
4.375000000000000000e+00
3.828125000000000000e+00
-9.492187500000000000e-01
-3.625000000000000000e+00
2.203125000000000000e+00
4.281250000000000000e+00
-3.578125000000000000e+00
1.085937500000000000e+00
-2.031250000000000000e+00
4.843750000000000000e+00
5.593750000000000000e+00
-1.320312500000000000e+00
5.375000000000000000e+00
1.875000000000000000e+00
1.070312500000000000e+00
-8.164062500000000000e-01
1.225000000000000000e+01
7.250000000000000000e+00
5.125000000000000000e+00
3.703125000000000000e+00
-5.585937500000000000e-01
9.187500000000000000e+00
4.667968750000000000e-01
-1.562500000000000000e-01
4.875000000000000000e+00
-7.187500000000000000e-01
1.093750000000000000e-01
6.000000000000000000e+00
3.265625000000000000e+00
-3.953125000000000000e+00
-1.820312500000000000e+00
7.500000000000000000e+00
5.062500000000000000e+00
-1.335937500000000000e+00
-3.828125000000000000e+00
5.531250000000000000e+00
6.000000000000000000e+00
1.601562500000000000e+00
2.796875000000000000e+00
-3.687500000000000000e+00
1.826171875000000000e-01
-4.160156250000000000e-01
1.960937500000000000e+00
-4.812500000000000000e+00
2.328125000000000000e+00
3.375000000000000000e+00
3.921875000000000000e+00
1.898437500000000000e+00
-4.468750000000000000e+00
3.937500000000000000e+00
1.818847656250000000e-02
1.100000000000000000e+01
2.203125000000000000e+00
-3.312500000000000000e+00
-1.710937500000000000e+00
5.750000000000000000e+00
4.593750000000000000e+00
5.343750000000000000e+00
-9.257812500000000000e-01
8.750000000000000000e+00
-8.632812500000000000e-01
-1.617187500000000000e+00
-1.085937500000000000e+00
1.296875000000000000e+00
-2.203125000000000000e+00
5.906250000000000000e+00
-1.968750000000000000e+00
8.562500000000000000e+00
-1.789062500000000000e+00
3.734375000000000000e+00
-2.875000000000000000e+00
4.593750000000000000e+00
-2.812500000000000000e+00
2.734375000000000000e+00
-5.976562500000000000e-01
-7.031250000000000000e-01
5.031250000000000000e+00
7.156250000000000000e+00
2.328125000000000000e+00
-4.296875000000000000e-01
4.593750000000000000e+00
-1.398437500000000000e+00
-5.343750000000000000e+00
5.968750000000000000e+00
6.750000000000000000e+00
-1.554687500000000000e+00
4.062500000000000000e+00
1.131250000000000000e+01
-1.875000000000000000e+00
4.875000000000000000e+00
-2.828125000000000000e+00
2.593750000000000000e+00
8.056640625000000000e-02
-6.992187500000000000e-01
-4.906250000000000000e+00
6.093750000000000000e+00
-3.328125000000000000e+00
9.562500000000000000e+00
