2.900000000000000000e+01
-2.750000000000000000e+00
-7.093750000000000000e+00
9.687500000000000000e+00
-3.171875000000000000e+00
-3.921875000000000000e+00
4.656250000000000000e+00
6.468750000000000000e+00
-3.578125000000000000e+00
-2.359375000000000000e+00
6.250000000000000000e+00
3.828125000000000000e+00
3.187500000000000000e+00
1.835937500000000000e+00
8.750000000000000000e+00
5.843750000000000000e+00
-8.562500000000000000e+00
6.843750000000000000e+00
2.600000000000000000e+01
5.117187500000000000e-01
-4.125000000000000000e+00
-5.625000000000000000e-01
1.256250000000000000e+01
-2.578125000000000000e+00
8.250000000000000000e+00
6.781250000000000000e+00
1.156250000000000000e+01
-1.601562500000000000e+00
2.375000000000000000e+00
-6.156250000000000000e+00
1.625000000000000000e+01
-9.250000000000000000e+00
1.081250000000000000e+01
-7.093750000000000000e+00
-1.750000000000000000e+00
-1.039062500000000000e+00
-2.296875000000000000e+00
2.080078125000000000e-01
6.781250000000000000e+00
-3.046875000000000000e+00
-2.484375000000000000e+00
1.550000000000000000e+01
4.593750000000000000e+00
-4.656250000000000000e+00
-3.046875000000000000e+00
2.234375000000000000e+00
2.421875000000000000e+00
-1.562500000000000000e+00
-2.015625000000000000e+00
1.481250000000000000e+01
6.875000000000000000e-01
-1.242187500000000000e+00
-3.421875000000000000e+00
-5.406250000000000000e+00
1.150000000000000000e+01
1.887500000000000000e+01
-5.031250000000000000e+00
2.462500000000000000e+01
2.140625000000000000e+00
5.906250000000000000e+00
-2.203125000000000000e+00
2.390625000000000000e+00
1.882812500000000000e+00
1.106250000000000000e+01
4.187500000000000000e+00
-2.921875000000000000e+00
1.431250000000000000e+01
-4.281250000000000000e+00
8.750000000000000000e-01
-5.156250000000000000e+00
-1.554687500000000000e+00
1.328125000000000000e-01
1.398437500000000000e+00
-9.500000000000000000e+00
-3.000000000000000000e+00
-1.150000000000000000e+01
1.068750000000000000e+01
2.421875000000000000e+00
9.875000000000000000e+00
3.500000000000000000e+00
2.812500000000000000e+00
7.406250000000000000e+00
-4.312500000000000000e+00
-1.531250000000000000e+00
-8.562500000000000000e+00
-2.453125000000000000e+00
2.000000000000000000e+01
1.300000000000000000e+01
5.406250000000000000e+00
-2.453125000000000000e+00
-7.929687500000000000e-01
1.562500000000000000e+00
-1.031250000000000000e+01
1.039062500000000000e+00
-7.343750000000000000e+00
-5.750000000000000000e+00
3.187500000000000000e+01
8.125000000000000000e+00
-1.437500000000000000e+00
4.511718750000000000e-01
1.887500000000000000e+01
-1.226562500000000000e+00
-5.406250000000000000e+00
1.460937500000000000e+00
1.725000000000000000e+01
1.143750000000000000e+01
-1.851562500000000000e+00
1.007812500000000000e+00
-1.718750000000000000e+00
-4.531250000000000000e-01
1.600000000000000000e+01
-5.093750000000000000e+00
-1.320312500000000000e+00
-3.015625000000000000e+00
-2.109375000000000000e+00
9.625000000000000000e+00
-1.443750000000000000e+01
-5.093750000000000000e+00
-1.093750000000000000e+00
-1.648437500000000000e+00
-7.406250000000000000e+00
-1.093750000000000000e+00
-4.968750000000000000e+00
6.875000000000000000e+00
4.609375000000000000e-01
8.062500000000000000e+00
6.156250000000000000e+00
1.962500000000000000e+01
1.018750000000000000e+01
2.500000000000000000e-01
-1.210937500000000000e+00
-7.750000000000000000e+00
5.218750000000000000e+00
-5.156250000000000000e+00
2.162500000000000000e+01
-2.453125000000000000e+00
-6.132812500000000000e-01
1.400000000000000000e+01
6.593750000000000000e+00
-7.250000000000000000e+00
1.617187500000000000e+00
-3.546875000000000000e+00
1.043750000000000000e+01
4.843750000000000000e+00
9.000000000000000000e+00
-3.703125000000000000e+00
2.137500000000000000e+01
-6.218750000000000000e+00
1.150000000000000000e+01
9.812500000000000000e+00
2.850000000000000000e+01
-4.218750000000000000e+00
-4.000000000000000000e+00
2.296875000000000000e+00
-1.781250000000000000e+00
1.737500000000000000e+01
-5.156250000000000000e+00
-1.382812500000000000e+00
-2.484375000000000000e+00
-5.250000000000000000e+00
1.007812500000000000e+00
7.750000000000000000e+00
6.343750000000000000e+00
1.368750000000000000e+01
1.148437500000000000e+00
1.662500000000000000e+01
-2.234375000000000000e+00
2.171875000000000000e+00
1.156250000000000000e+00
-5.500000000000000000e+00
2.828125000000000000e+00
4.355468750000000000e-01
1.168750000000000000e+01
1.268750000000000000e+01
-4.160156250000000000e-01
1.106250000000000000e+01
2.437500000000000000e+00
4.843750000000000000e+00
-3.203125000000000000e+00
8.875000000000000000e+00
1.556250000000000000e+01
1.181250000000000000e+01
-3.578125000000000000e+00
-4.941406250000000000e-01
-3.171875000000000000e+00
1.937500000000000000e+01
4.031250000000000000e+00
1.273437500000000000e+00
-3.953125000000000000e+00
2.953125000000000000e+00
7.843750000000000000e+00
-2.703125000000000000e+00
1.231250000000000000e+01
1.100000000000000000e+01
5.500000000000000000e+00
2.075000000000000000e+01
-2.812500000000000000e-01
2.337500000000000000e+01
-1.773437500000000000e+00
-5.820312500000000000e-01
1.187500000000000000e+00
1.987500000000000000e+01
-1.468750000000000000e+00
-6.250000000000000000e+00
2.140625000000000000e+00
1.593750000000000000e+01
-9.062500000000000000e+00
-2.375000000000000000e+00
9.875000000000000000e+00
1.150000000000000000e+01
-4.156250000000000000e+00
1.256250000000000000e+01
-2.921875000000000000e+00
2.078125000000000000e+00
-4.468750000000000000e+00
1.887500000000000000e+01
1.825000000000000000e+01
7.031250000000000000e+00
-1.043750000000000000e+01
2.412500000000000000e+01
-7.382812500000000000e-01
2.250000000000000000e+00
3.390625000000000000e+00
-1.132812500000000000e-01
1.612500000000000000e+01
-5.093750000000000000e+00
2.656250000000000000e-01
-4.160156250000000000e-01
1.150000000000000000e+01
-5.981445312500000000e-02
-3.187500000000000000e+00
2.600000000000000000e+01
2.337500000000000000e+01
-1.156250000000000000e+00
-3.457031250000000000e-01
-1.382812500000000000e+00
-6.843750000000000000e+00
4.531250000000000000e+00
-6.500000000000000000e+00
-1.531250000000000000e+00
7.750000000000000000e+00
-5.195312500000000000e-01
-1.700000000000000000e+01
-1.570312500000000000e+00
5.859375000000000000e-01
6.250000000000000000e-01
2.328125000000000000e+00
-1.195312500000000000e+00
7.656250000000000000e-01
-1.773437500000000000e+00
2.112500000000000000e+01
-5.968750000000000000e+00
2.600000000000000000e+01
-2.671875000000000000e+00
6.843750000000000000e+00
-8.398437500000000000e-01
-6.906250000000000000e+00
-8.187500000000000000e+00
-4.656250000000000000e+00
-7.656250000000000000e+00
-9.687500000000000000e+00
-3.140625000000000000e+00
-2.812500000000000000e+00
-3.046875000000000000e+00
-1.455078125000000000e-01
-5.898437500000000000e-01
-8.062500000000000000e+00
3.886718750000000000e-01
1.960937500000000000e+00
-6.992187500000000000e-01
3.300781250000000000e-01
4.160156250000000000e-01
-5.500000000000000000e+00
7.375000000000000000e+00
-1.593750000000000000e+00
1.281250000000000000e+01
1.275000000000000000e+01
2.362500000000000000e+01
6.906250000000000000e+00
1.318750000000000000e+01
8.875000000000000000e+00
-7.275390625000000000e-02
-1.523437500000000000e+00
-1.789062500000000000e+00
-1.039062500000000000e+00
3.125000000000000000e-01
7.750000000000000000e+00
5.343750000000000000e+00
-8.632812500000000000e-01
-6.343750000000000000e+00
2.203125000000000000e+00
5.906250000000000000e+00
-3.234375000000000000e+00
4.667968750000000000e-01
-3.546875000000000000e+00
7.125000000000000000e+00
9.500000000000000000e+00
-3.250000000000000000e+00
9.312500000000000000e+00
2.484375000000000000e+00
4.589843750000000000e-01
-2.812500000000000000e+00
2.262500000000000000e+01
1.200000000000000000e+01
8.937500000000000000e+00
4.062500000000000000e+00
-2.177734375000000000e-01
1.987500000000000000e+01
-3.261718750000000000e-01
-3.437500000000000000e-01
8.500000000000000000e+00
-1.687500000000000000e+00
-1.257812500000000000e+00
1.012500000000000000e+01
4.468750000000000000e+00
-7.843750000000000000e+00
-2.921875000000000000e+00
1.381250000000000000e+01
8.437500000000000000e+00
-1.476562500000000000e+00
-6.718750000000000000e+00
9.500000000000000000e+00
8.750000000000000000e+00
1.179687500000000000e+00
9.437500000000000000e+00
-6.843750000000000000e+00
-1.147460937500000000e-01
-1.398437500000000000e+00
1.695312500000000000e+00
-8.562500000000000000e+00
3.171875000000000000e+00
4.656250000000000000e+00
4.750000000000000000e+00
1.156250000000000000e+00
-6.406250000000000000e+00
1.431250000000000000e+01
2.792968750000000000e-01
2.400000000000000000e+01
6.156250000000000000e+00
-5.218750000000000000e+00
-1.531250000000000000e+00
8.687500000000000000e+00
7.281250000000000000e+00
9.500000000000000000e+00
-1.289062500000000000e+00
1.418750000000000000e+01
-3.546875000000000000e+00
-6.531250000000000000e+00
-1.726562500000000000e+00
4.281250000000000000e+00
-4.156250000000000000e+00
1.043750000000000000e+01
-4.656250000000000000e+00
1.600000000000000000e+01
-3.750000000000000000e+00
8.875000000000000000e+00
-7.281250000000000000e+00
1.062500000000000000e+01
-5.718750000000000000e+00
1.181250000000000000e+01
-1.085937500000000000e+00
4.941406250000000000e-01
1.381250000000000000e+01
1.268750000000000000e+01
2.421875000000000000e+00
-1.070312500000000000e+00
8.187500000000000000e+00
-1.343750000000000000e+00
-8.375000000000000000e+00
9.250000000000000000e+00
1.225000000000000000e+01
-3.078125000000000000e+00
5.593750000000000000e+00
2.137500000000000000e+01
-4.468750000000000000e+00
7.468750000000000000e+00
-4.906250000000000000e+00
3.453125000000000000e+00
-6.679687500000000000e-01
-9.023437500000000000e-01
-9.187500000000000000e+00
1.025000000000000000e+01
-6.593750000000000000e+00
1.937500000000000000e+01
