6.950000000000000000e+01
-3.671875000000000000e+00
-1.056250000000000000e+01
1.950000000000000000e+01
-3.500000000000000000e+00
-8.062500000000000000e+00
8.250000000000000000e+00
1.418750000000000000e+01
-5.406250000000000000e+00
-3.578125000000000000e+00
1.118750000000000000e+01
4.875000000000000000e+00
3.609375000000000000e+00
2.859375000000000000e+00
1.762500000000000000e+01
1.031250000000000000e+01
-1.318750000000000000e+01
1.325000000000000000e+01
6.025000000000000000e+01
2.014160156250000000e-02
-5.218750000000000000e+00
-2.921875000000000000e+00
4.100000000000000000e+01
-2.921875000000000000e+00
1.543750000000000000e+01
1.418750000000000000e+01
3.600000000000000000e+01
-2.921875000000000000e+00
4.156250000000000000e+00
-1.118750000000000000e+01
3.375000000000000000e+01
-1.712500000000000000e+01
2.087500000000000000e+01
-1.068750000000000000e+01
-3.296875000000000000e+00
-4.656250000000000000e+00
-3.375000000000000000e+00
1.664062500000000000e+00
1.518750000000000000e+01
-7.593750000000000000e+00
-4.906250000000000000e+00
3.087500000000000000e+01
5.031250000000000000e+00
-8.187500000000000000e+00
-3.453125000000000000e+00
3.390625000000000000e+00
3.625000000000000000e+00
-7.218750000000000000e+00
-3.703125000000000000e+00
3.375000000000000000e+01
1.437500000000000000e+00
-2.562500000000000000e+00
-8.312500000000000000e+00
-8.937500000000000000e+00
2.237500000000000000e+01
4.525000000000000000e+01
-1.206250000000000000e+01
6.500000000000000000e+01
2.828125000000000000e+00
1.156250000000000000e+01
-2.437500000000000000e+00
2.093750000000000000e+00
3.562500000000000000e+00
2.062500000000000000e+01
5.656250000000000000e+00
-7.593750000000000000e+00
3.062500000000000000e+01
-5.593750000000000000e+00
8.125000000000000000e-01
-1.400000000000000000e+01
-1.289062500000000000e+00
-2.453125000000000000e+00
2.062500000000000000e+00
-1.637500000000000000e+01
-8.250000000000000000e+00
-1.912500000000000000e+01
1.937500000000000000e+01
3.000000000000000000e+00
1.700000000000000000e+01
3.609375000000000000e+00
4.000000000000000000e+00
1.456250000000000000e+01
-6.000000000000000000e+00
-3.046875000000000000e+00
-1.518750000000000000e+01
-4.593750000000000000e+00
4.825000000000000000e+01
2.737500000000000000e+01
1.143750000000000000e+01
-1.789062500000000000e+00
-2.296875000000000000e+00
-3.328125000000000000e+00
-1.650000000000000000e+01
2.500000000000000000e+00
-1.318750000000000000e+01
-8.062500000000000000e+00
7.150000000000000000e+01
1.637500000000000000e+01
-4.437500000000000000e+00
-1.382812500000000000e+00
4.275000000000000000e+01
-2.671875000000000000e+00
-8.000000000000000000e+00
1.835937500000000000e+00
3.725000000000000000e+01
2.137500000000000000e+01
-3.625000000000000000e+00
1.904296875000000000e-01
-2.031250000000000000e+00
-9.492187500000000000e-01
3.225000000000000000e+01
-1.075000000000000000e+01
-5.062500000000000000e+00
-2.265625000000000000e+00
-2.656250000000000000e+00
1.600000000000000000e+01
-3.087500000000000000e+01
-7.156250000000000000e+00
-3.171875000000000000e+00
-3.421875000000000000e+00
-9.437500000000000000e+00
-1.843750000000000000e+00
-9.187500000000000000e+00
1.150000000000000000e+01
-2.484375000000000000e+00
1.900000000000000000e+01
1.031250000000000000e+01
4.175000000000000000e+01
2.000000000000000000e+01
-2.281250000000000000e+00
-4.437500000000000000e+00
-1.750000000000000000e+01
8.312500000000000000e+00
-7.843750000000000000e+00
5.600000000000000000e+01
-4.281250000000000000e+00
-9.375000000000000000e-01
3.000000000000000000e+01
1.043750000000000000e+01
-9.312500000000000000e+00
1.406250000000000000e+00
-9.812500000000000000e+00
1.962500000000000000e+01
8.437500000000000000e+00
1.612500000000000000e+01
-5.531250000000000000e+00
4.875000000000000000e+01
-1.100000000000000000e+01
2.250000000000000000e+01
1.737500000000000000e+01
6.700000000000000000e+01
-6.000000000000000000e+00
-5.781250000000000000e+00
5.875000000000000000e+00
-3.312500000000000000e+00
4.575000000000000000e+01
-8.437500000000000000e+00
-1.257812500000000000e+00
-2.531250000000000000e+00
-8.062500000000000000e+00
1.226562500000000000e+00
2.037500000000000000e+01
1.218750000000000000e+01
3.825000000000000000e+01
1.382812500000000000e+00
3.425000000000000000e+01
-2.921875000000000000e+00
1.960937500000000000e+00
8.242187500000000000e-01
-9.750000000000000000e+00
3.515625000000000000e+00
9.218750000000000000e-01
2.137500000000000000e+01
2.537500000000000000e+01
-4.000000000000000000e+00
2.087500000000000000e+01
3.546875000000000000e+00
7.750000000000000000e+00
-4.781250000000000000e+00
1.750000000000000000e+01
3.750000000000000000e+01
2.362500000000000000e+01
-1.118750000000000000e+01
-1.296875000000000000e+00
-1.206250000000000000e+01
4.025000000000000000e+01
6.656250000000000000e+00
1.320312500000000000e+00
-5.906250000000000000e+00
4.531250000000000000e+00
1.568750000000000000e+01
-4.281250000000000000e+00
2.712500000000000000e+01
2.037500000000000000e+01
9.375000000000000000e+00
5.275000000000000000e+01
-1.062500000000000000e+00
6.100000000000000000e+01
-3.640625000000000000e+00
-1.601562500000000000e+00
1.437500000000000000e+00
4.800000000000000000e+01
-4.343750000000000000e+00
-1.075000000000000000e+01
2.359375000000000000e+00
3.600000000000000000e+01
-1.862500000000000000e+01
-6.750000000000000000e+00
1.837500000000000000e+01
2.537500000000000000e+01
-5.656250000000000000e+00
2.612500000000000000e+01
-3.796875000000000000e+00
2.515625000000000000e+00
-6.156250000000000000e+00
3.800000000000000000e+01
4.225000000000000000e+01
1.181250000000000000e+01
-2.637500000000000000e+01
6.225000000000000000e+01
-5.625000000000000000e-01
2.765625000000000000e+00
5.031250000000000000e+00
-3.515625000000000000e-01
4.625000000000000000e+01
-8.750000000000000000e+00
4.941406250000000000e-01
-2.875000000000000000e+00
3.112500000000000000e+01
-2.000000000000000000e+00
-4.906250000000000000e+00
5.925000000000000000e+01
5.675000000000000000e+01
-2.375000000000000000e+00
-5.585937500000000000e-01
-2.187500000000000000e+00
-8.812500000000000000e+00
7.468750000000000000e+00
-1.056250000000000000e+01
-2.671875000000000000e+00
1.150000000000000000e+01
-1.539062500000000000e+00
-3.200000000000000000e+01
-1.789062500000000000e+00
-1.304687500000000000e+00
4.277343750000000000e-01
1.062500000000000000e+00
-1.929687500000000000e+00
6.679687500000000000e-01
-3.265625000000000000e+00
6.000000000000000000e+01
-9.562500000000000000e+00
5.925000000000000000e+01
-2.921875000000000000e+00
1.175000000000000000e+01
-2.921875000000000000e+00
-1.006250000000000000e+01
-1.481250000000000000e+01
-9.937500000000000000e+00
-1.225000000000000000e+01
-1.468750000000000000e+01
-8.812500000000000000e+00
-2.953125000000000000e+00
-4.562500000000000000e+00
-6.281250000000000000e+00
-1.585937500000000000e+00
-1.218750000000000000e+01
7.070312500000000000e-01
3.703125000000000000e+00
-2.406250000000000000e+00
-1.226562500000000000e+00
-6.054687500000000000e-01
-7.750000000000000000e+00
1.350000000000000000e+01
-1.070312500000000000e+00
3.500000000000000000e+01
2.562500000000000000e+01
5.900000000000000000e+01
1.175000000000000000e+01
2.750000000000000000e+01
1.850000000000000000e+01
-1.398437500000000000e+00
-6.218750000000000000e+00
-1.375000000000000000e+00
-2.953125000000000000e+00
2.968750000000000000e-01
1.712500000000000000e+01
9.250000000000000000e+00
-1.476562500000000000e+00
-8.625000000000000000e+00
1.812500000000000000e+00
1.025000000000000000e+01
-6.093750000000000000e+00
-2.609375000000000000e+00
-4.281250000000000000e+00
1.231250000000000000e+01
2.075000000000000000e+01
-7.281250000000000000e+00
1.962500000000000000e+01
1.437500000000000000e+00
6.127929687500000000e-02
-8.062500000000000000e+00
4.925000000000000000e+01
2.312500000000000000e+01
1.887500000000000000e+01
5.968750000000000000e+00
-4.003906250000000000e-01
4.975000000000000000e+01
-1.523437500000000000e+00
4.121093750000000000e-01
1.700000000000000000e+01
-4.875000000000000000e+00
-7.125000000000000000e+00
2.037500000000000000e+01
7.406250000000000000e+00
-1.200000000000000000e+01
-2.828125000000000000e+00
2.962500000000000000e+01
1.737500000000000000e+01
-3.750000000000000000e+00
-7.625000000000000000e+00
2.075000000000000000e+01
1.531250000000000000e+01
1.109375000000000000e+00
2.837500000000000000e+01
-1.012500000000000000e+01
1.851562500000000000e+00
-5.875000000000000000e+00
2.156250000000000000e+00
-1.218750000000000000e+01
4.906250000000000000e+00
6.250000000000000000e+00
9.125000000000000000e+00
4.863281250000000000e-01
-9.250000000000000000e+00
4.600000000000000000e+01
-1.218750000000000000e+00
6.125000000000000000e+01
1.556250000000000000e+01
-9.187500000000000000e+00
-1.812500000000000000e+00
1.637500000000000000e+01
1.381250000000000000e+01
1.987500000000000000e+01
-2.328125000000000000e+00
2.812500000000000000e+01
-9.312500000000000000e+00
-1.556250000000000000e+01
-3.703125000000000000e+00
1.118750000000000000e+01
-4.531250000000000000e+00
2.337500000000000000e+01
-9.312500000000000000e+00
3.575000000000000000e+01
-5.906250000000000000e+00
2.237500000000000000e+01
-1.568750000000000000e+01
2.937500000000000000e+01
-8.937500000000000000e+00
3.925000000000000000e+01
-2.453125000000000000e+00
-5.507812500000000000e-01
3.975000000000000000e+01
2.662500000000000000e+01
3.062500000000000000e+00
-2.500000000000000000e+00
1.887500000000000000e+01
-9.492187500000000000e-01
-1.550000000000000000e+01
1.787500000000000000e+01
2.550000000000000000e+01
-4.187500000000000000e+00
9.437500000000000000e+00
4.600000000000000000e+01
-8.687500000000000000e+00
1.350000000000000000e+01
-1.081250000000000000e+01
5.093750000000000000e+00
-1.492187500000000000e+00
6.494140625000000000e-02
-1.300000000000000000e+01
2.037500000000000000e+01
-9.375000000000000000e+00
4.725000000000000000e+01
