1.550000000000000000e+01
-1.570312500000000000e+00
-4.718750000000000000e+00
6.250000000000000000e+00
-1.898437500000000000e+00
-1.085937500000000000e+00
3.625000000000000000e+00
4.468750000000000000e+00
-2.453125000000000000e+00
-1.929687500000000000e+00
4.531250000000000000e+00
2.921875000000000000e+00
3.296875000000000000e+00
1.539062500000000000e+00
5.718750000000000000e+00
4.000000000000000000e+00
-5.500000000000000000e+00
4.593750000000000000e+00
1.425000000000000000e+01
-5.351562500000000000e-01
-2.109375000000000000e+00
7.187500000000000000e-01
3.328125000000000000e+00
-1.687500000000000000e+00
5.218750000000000000e+00
4.343750000000000000e+00
3.750000000000000000e+00
-1.437500000000000000e+00
1.164062500000000000e+00
-4.000000000000000000e+00
9.750000000000000000e+00
-4.406250000000000000e+00
6.750000000000000000e+00
-3.562500000000000000e+00
-1.101562500000000000e+00
-1.351562500000000000e+00
-7.382812500000000000e-01
3.847656250000000000e-01
3.953125000000000000e+00
-2.031250000000000000e+00
-1.835937500000000000e+00
9.562500000000000000e+00
3.250000000000000000e+00
-2.500000000000000000e+00
-2.640625000000000000e+00
2.328125000000000000e+00
2.000000000000000000e+00
-8.437500000000000000e-01
-4.121093750000000000e-01
8.437500000000000000e+00
4.238281250000000000e-01
-1.343750000000000000e+00
-8.437500000000000000e-01
-3.875000000000000000e+00
7.093750000000000000e+00
1.037500000000000000e+01
-3.000000000000000000e+00
1.181250000000000000e+01
1.007812500000000000e+00
3.953125000000000000e+00
-1.062500000000000000e+00
2.328125000000000000e+00
1.007812500000000000e+00
7.531250000000000000e+00
3.859375000000000000e+00
-1.664062500000000000e+00
8.687500000000000000e+00
-2.328125000000000000e+00
2.519531250000000000e-01
-1.101562500000000000e+00
-1.812500000000000000e+00
1.523437500000000000e+00
5.976562500000000000e-01
-4.718750000000000000e+00
-7.421875000000000000e-02
-6.500000000000000000e+00
7.531250000000000000e+00
2.390625000000000000e+00
6.906250000000000000e+00
1.757812500000000000e+00
3.312500000000000000e+00
4.875000000000000000e+00
-2.875000000000000000e+00
-1.171875000000000000e+00
-5.843750000000000000e+00
-2.158203125000000000e-01
1.081250000000000000e+01
7.906250000000000000e+00
3.687500000000000000e+00
-2.609375000000000000e+00
-8.632812500000000000e-01
1.781250000000000000e+00
-6.781250000000000000e+00
4.746093750000000000e-01
-3.796875000000000000e+00
-4.031250000000000000e+00
1.812500000000000000e+01
5.187500000000000000e+00
-8.867187500000000000e-01
1.164062500000000000e+00
1.056250000000000000e+01
-1.492187500000000000e+00
-3.703125000000000000e+00
1.750000000000000000e+00
1.031250000000000000e+01
7.500000000000000000e+00
-1.046875000000000000e+00
1.523437500000000000e+00
-1.320312500000000000e+00
-3.027343750000000000e-01
1.012500000000000000e+01
-2.796875000000000000e+00
-1.718750000000000000e-01
-2.328125000000000000e+00
-1.726562500000000000e+00
6.968750000000000000e+00
-7.125000000000000000e+00
-3.015625000000000000e+00
-7.500000000000000000e-01
-1.398437500000000000e+00
-4.500000000000000000e+00
-1.226562500000000000e+00
-2.609375000000000000e+00
4.906250000000000000e+00
1.351562500000000000e+00
4.906250000000000000e+00
4.750000000000000000e+00
1.168750000000000000e+01
6.593750000000000000e+00
1.164062500000000000e+00
3.613281250000000000e-01
-2.953125000000000000e+00
3.750000000000000000e+00
-3.250000000000000000e+00
1.000000000000000000e+01
-1.539062500000000000e+00
-3.769531250000000000e-01
8.312500000000000000e+00
4.843750000000000000e+00
-4.281250000000000000e+00
2.695312500000000000e-01
-9.648437500000000000e-01
7.000000000000000000e+00
3.390625000000000000e+00
6.250000000000000000e+00
-2.750000000000000000e+00
1.231250000000000000e+01
-3.109375000000000000e+00
7.343750000000000000e+00
6.656250000000000000e+00
1.550000000000000000e+01
-2.453125000000000000e+00
-2.296875000000000000e+00
1.570312500000000000e+00
-1.460937500000000000e+00
8.312500000000000000e+00
-3.109375000000000000e+00
-6.250000000000000000e-01
-1.070312500000000000e+00
-2.765625000000000000e+00
-1.367187500000000000e-01
3.953125000000000000e+00
3.953125000000000000e+00
5.062500000000000000e+00
4.785156250000000000e-01
1.006250000000000000e+01
-1.687500000000000000e+00
8.750000000000000000e-01
1.625000000000000000e+00
-3.734375000000000000e+00
2.453125000000000000e+00
-6.992187500000000000e-01
7.906250000000000000e+00
7.843750000000000000e+00
-4.785156250000000000e-01
7.250000000000000000e+00
1.179687500000000000e+00
4.000000000000000000e+00
-1.210937500000000000e+00
5.906250000000000000e+00
8.437500000000000000e+00
7.593750000000000000e+00
-1.664062500000000000e+00
-9.843750000000000000e-01
-9.570312500000000000e-01
1.150000000000000000e+01
3.375000000000000000e+00
1.304687500000000000e+00
-3.203125000000000000e+00
2.390625000000000000e+00
5.468750000000000000e+00
-1.375000000000000000e+00
7.468750000000000000e+00
7.375000000000000000e+00
3.921875000000000000e+00
1.068750000000000000e+01
-1.079101562500000000e-01
1.143750000000000000e+01
-1.351562500000000000e+00
-5.039062500000000000e-01
1.351562500000000000e+00
1.068750000000000000e+01
-8.906250000000000000e-01
-3.296875000000000000e+00
6.562500000000000000e-01
9.125000000000000000e+00
-4.531250000000000000e+00
-1.601562500000000000e+00
6.343750000000000000e+00
7.000000000000000000e+00
-2.562500000000000000e+00
7.593750000000000000e+00
-2.234375000000000000e+00
2.187500000000000000e+00
-2.453125000000000000e+00
1.150000000000000000e+01
1.037500000000000000e+01
5.031250000000000000e+00
-4.250000000000000000e+00
1.181250000000000000e+01
-7.812500000000000000e-01
1.078125000000000000e+00
2.750000000000000000e+00
-2.314453125000000000e-01
6.750000000000000000e+00
-3.375000000000000000e+00
-7.187500000000000000e-01
-1.007812500000000000e+00
5.843750000000000000e+00
1.179687500000000000e+00
-2.218750000000000000e+00
1.468750000000000000e+01
1.181250000000000000e+01
-4.277343750000000000e-01
-1.591796875000000000e-01
-1.289062500000000000e+00
-3.453125000000000000e+00
3.578125000000000000e+00
-4.218750000000000000e+00
-9.218750000000000000e-01
5.781250000000000000e+00
-1.689453125000000000e-01
-9.062500000000000000e+00
9.375000000000000000e-02
2.988281250000000000e-01
-7.763671875000000000e-02
8.320312500000000000e-01
-1.070312500000000000e+00
-4.765625000000000000e-01
-1.523437500000000000e+00
9.187500000000000000e+00
-3.750000000000000000e+00
1.431250000000000000e+01
-1.976562500000000000e+00
5.000000000000000000e+00
6.054687500000000000e-01
-4.375000000000000000e+00
-5.281250000000000000e+00
-2.375000000000000000e+00
-3.421875000000000000e+00
-5.343750000000000000e+00
-1.273437500000000000e+00
-2.062500000000000000e+00
-1.054687500000000000e+00
1.117187500000000000e+00
-1.040039062500000000e-01
-4.218750000000000000e+00
-2.470703125000000000e-01
9.179687500000000000e-01
-7.148437500000000000e-01
-6.875000000000000000e-01
-2.868652343750000000e-02
-3.171875000000000000e+00
4.843750000000000000e+00
-1.132812500000000000e+00
5.343750000000000000e+00
8.062500000000000000e+00
1.243750000000000000e+01
4.906250000000000000e+00
7.875000000000000000e+00
5.781250000000000000e+00
-3.925781250000000000e-01
-5.039062500000000000e-01
-1.460937500000000000e+00
-9.960937500000000000e-01
-5.781250000000000000e-01
4.656250000000000000e+00
4.031250000000000000e+00
-9.257812500000000000e-01
-3.625000000000000000e+00
2.250000000000000000e+00
4.375000000000000000e+00
-3.671875000000000000e+00
8.007812500000000000e-01
-2.578125000000000000e+00
5.000000000000000000e+00
5.968750000000000000e+00
-1.976562500000000000e+00
5.781250000000000000e+00
1.835937500000000000e+00
9.062500000000000000e-01
-9.687500000000000000e-01
1.318750000000000000e+01
7.656250000000000000e+00
5.500000000000000000e+00
3.515625000000000000e+00
-5.000000000000000000e-01
1.006250000000000000e+01
1.484375000000000000e-01
-1.196289062500000000e-01
5.250000000000000000e+00
-8.632812500000000000e-01
4.687500000000000000e-02
6.375000000000000000e+00
3.421875000000000000e+00
-4.125000000000000000e+00
-2.359375000000000000e+00
8.062500000000000000e+00
5.343750000000000000e+00
-1.500000000000000000e+00
-4.531250000000000000e+00
5.906250000000000000e+00
6.250000000000000000e+00
1.523437500000000000e+00
3.250000000000000000e+00
-3.828125000000000000e+00
1.718750000000000000e-01
-8.281250000000000000e-01
1.898437500000000000e+00
-5.125000000000000000e+00
2.312500000000000000e+00
3.375000000000000000e+00
3.875000000000000000e+00
1.812500000000000000e+00
-4.406250000000000000e+00
4.343750000000000000e+00
-2.578125000000000000e-01
1.193750000000000000e+01
2.875000000000000000e+00
-3.609375000000000000e+00
-1.726562500000000000e+00
6.000000000000000000e+00
5.031250000000000000e+00
5.718750000000000000e+00
-8.789062500000000000e-01
9.250000000000000000e+00
-1.132812500000000000e+00
-2.359375000000000000e+00
-1.312500000000000000e+00
1.812500000000000000e+00
-3.046875000000000000e+00
6.406250000000000000e+00
-1.750000000000000000e+00
9.250000000000000000e+00
-1.773437500000000000e+00
4.500000000000000000e+00
-3.500000000000000000e+00
5.031250000000000000e+00
-3.500000000000000000e+00
2.953125000000000000e+00
-8.007812500000000000e-01
-5.664062500000000000e-01
5.406250000000000000e+00
7.656250000000000000e+00
2.421875000000000000e+00
-5.976562500000000000e-01
4.812500000000000000e+00
-1.695312500000000000e+00
-5.250000000000000000e+00
6.343750000000000000e+00
7.281250000000000000e+00
-1.960937500000000000e+00
4.281250000000000000e+00
1.243750000000000000e+01
-1.656250000000000000e+00
5.031250000000000000e+00
-3.125000000000000000e+00
2.734375000000000000e+00
-5.078125000000000000e-02
-3.769531250000000000e-01
-5.343750000000000000e+00
6.593750000000000000e+00
-3.562500000000000000e+00
1.043750000000000000e+01
