2.100000000000000000e+01
-2.375000000000000000e+00
-5.500000000000000000e+00
7.843750000000000000e+00
-1.664062500000000000e+00
-3.339843750000000000e-01
4.812500000000000000e+00
6.093750000000000000e+00
-2.609375000000000000e+00
-1.914062500000000000e+00
5.750000000000000000e+00
3.171875000000000000e+00
3.796875000000000000e+00
2.000000000000000000e+00
7.281250000000000000e+00
5.156250000000000000e+00
-6.281250000000000000e+00
5.968750000000000000e+00
1.887500000000000000e+01
-1.320312500000000000e+00
-2.375000000000000000e+00
1.023437500000000000e+00
6.906250000000000000e+00
-1.710937500000000000e+00
6.656250000000000000e+00
5.531250000000000000e+00
7.000000000000000000e+00
-8.945312500000000000e-01
9.570312500000000000e-01
-4.500000000000000000e+00
1.218750000000000000e+01
-4.187500000000000000e+00
8.437500000000000000e+00
-4.093750000000000000e+00
-6.679687500000000000e-01
-1.585937500000000000e+00
1.049804687500000000e-01
-5.737304687500000000e-02
5.500000000000000000e+00
-3.203125000000000000e+00
-1.601562500000000000e+00
1.200000000000000000e+01
3.453125000000000000e+00
-2.828125000000000000e+00
-2.125000000000000000e+00
3.187500000000000000e+00
2.515625000000000000e+00
-1.679687500000000000e+00
4.614257812500000000e-02
1.100000000000000000e+01
3.027343750000000000e-01
-1.382812500000000000e+00
-8.750000000000000000e-01
-4.843750000000000000e+00
8.937500000000000000e+00
1.393750000000000000e+01
-5.125000000000000000e+00
1.687500000000000000e+01
7.500000000000000000e-01
4.906250000000000000e+00
-1.101562500000000000e+00
2.765625000000000000e+00
4.902343750000000000e-01
9.437500000000000000e+00
4.406250000000000000e+00
-2.312500000000000000e+00
1.100000000000000000e+01
-3.687500000000000000e+00
-8.447265625000000000e-02
-1.187500000000000000e+00
-1.945312500000000000e+00
2.234375000000000000e+00
-6.054687500000000000e-02
-5.156250000000000000e+00
2.021484375000000000e-01
-6.656250000000000000e+00
9.437500000000000000e+00
3.296875000000000000e+00
8.500000000000000000e+00
1.867187500000000000e+00
4.218750000000000000e+00
6.250000000000000000e+00
-3.875000000000000000e+00
-1.007812500000000000e+00
-7.250000000000000000e+00
6.562500000000000000e-01
1.525000000000000000e+01
1.006250000000000000e+01
5.031250000000000000e+00
-2.203125000000000000e+00
-1.937500000000000000e+00
1.375000000000000000e+00
-8.937500000000000000e+00
2.138671875000000000e-01
-4.281250000000000000e+00
-4.125000000000000000e+00
2.400000000000000000e+01
6.843750000000000000e+00
-2.988281250000000000e-01
1.437500000000000000e+00
1.393750000000000000e+01
-1.093750000000000000e+00
-3.875000000000000000e+00
2.265625000000000000e+00
1.318750000000000000e+01
9.187500000000000000e+00
-1.398437500000000000e+00
1.898437500000000000e+00
-1.062500000000000000e+00
-1.085937500000000000e+00
1.268750000000000000e+01
-2.296875000000000000e+00
-4.003906250000000000e-01
-3.734375000000000000e+00
-1.531250000000000000e+00
8.437500000000000000e+00
-8.750000000000000000e+00
-4.000000000000000000e+00
-1.396484375000000000e-01
-1.898437500000000000e+00
-4.875000000000000000e+00
-1.242187500000000000e+00
-3.750000000000000000e+00
6.343750000000000000e+00
1.593750000000000000e+00
6.718750000000000000e+00
5.718750000000000000e+00
1.481250000000000000e+01
8.312500000000000000e+00
1.195312500000000000e+00
6.523437500000000000e-01
-3.828125000000000000e+00
4.812500000000000000e+00
-3.671875000000000000e+00
1.368750000000000000e+01
-1.937500000000000000e+00
-1.023437500000000000e+00
1.075000000000000000e+01
5.906250000000000000e+00
-5.031250000000000000e+00
2.382812500000000000e-01
-1.265625000000000000e+00
9.000000000000000000e+00
4.500000000000000000e+00
7.843750000000000000e+00
-2.453125000000000000e+00
1.650000000000000000e+01
-4.531250000000000000e+00
9.187500000000000000e+00
8.437500000000000000e+00
2.062500000000000000e+01
-2.187500000000000000e+00
-2.562500000000000000e+00
2.890625000000000000e+00
-1.132812500000000000e+00
1.218750000000000000e+01
-3.625000000000000000e+00
-6.992187500000000000e-01
-7.031250000000000000e-01
-2.796875000000000000e+00
-6.171875000000000000e-01
5.000000000000000000e+00
4.812500000000000000e+00
7.500000000000000000e+00
-1.318359375000000000e-01
1.268750000000000000e+01
-1.039062500000000000e+00
9.414062500000000000e-01
2.234375000000000000e+00
-4.750000000000000000e+00
3.078125000000000000e+00
-1.312500000000000000e+00
9.750000000000000000e+00
9.750000000000000000e+00
-6.914062500000000000e-01
8.875000000000000000e+00
9.414062500000000000e-01
5.281250000000000000e+00
6.176757812500000000e-02
7.750000000000000000e+00
1.193750000000000000e+01
9.750000000000000000e+00
-2.562500000000000000e+00
-1.992187500000000000e+00
-2.000000000000000000e+00
1.468750000000000000e+01
4.250000000000000000e+00
1.937500000000000000e+00
-4.500000000000000000e+00
3.000000000000000000e+00
7.250000000000000000e+00
-1.648437500000000000e+00
9.312500000000000000e+00
9.062500000000000000e+00
4.875000000000000000e+00
1.531250000000000000e+01
4.082031250000000000e-01
1.675000000000000000e+01
-1.726562500000000000e+00
-6.992187500000000000e-01
1.914062500000000000e+00
1.456250000000000000e+01
-1.031250000000000000e+00
-3.796875000000000000e+00
9.257812500000000000e-01
1.175000000000000000e+01
-6.593750000000000000e+00
-1.750000000000000000e+00
7.906250000000000000e+00
9.187500000000000000e+00
-2.515625000000000000e+00
9.500000000000000000e+00
-1.648437500000000000e+00
3.265625000000000000e+00
-2.531250000000000000e+00
1.450000000000000000e+01
1.368750000000000000e+01
6.625000000000000000e+00
-5.093750000000000000e+00
1.712500000000000000e+01
-8.867187500000000000e-01
1.750000000000000000e+00
3.421875000000000000e+00
-5.117187500000000000e-01
1.075000000000000000e+01
-3.984375000000000000e+00
-1.468750000000000000e+00
-1.062500000000000000e+00
8.812500000000000000e+00
2.015625000000000000e+00
-3.312500000000000000e+00
1.950000000000000000e+01
1.637500000000000000e+01
-3.247070312500000000e-02
-5.429687500000000000e-01
-7.929687500000000000e-01
-4.000000000000000000e+00
4.781250000000000000e+00
-4.593750000000000000e+00
-3.105468750000000000e-01
6.843750000000000000e+00
-6.250000000000000000e-02
-1.056250000000000000e+01
8.320312500000000000e-01
-1.289062500000000000e-01
-4.707031250000000000e-01
3.730468750000000000e-01
-7.695312500000000000e-01
-1.000000000000000000e+00
-1.226562500000000000e+00
1.443750000000000000e+01
-4.250000000000000000e+00
1.937500000000000000e+01
-1.648437500000000000e+00
6.156250000000000000e+00
1.304687500000000000e+00
-5.218750000000000000e+00
-6.593750000000000000e+00
-2.921875000000000000e+00
-4.031250000000000000e+00
-6.406250000000000000e+00
-2.546875000000000000e+00
-1.968750000000000000e+00
-8.750000000000000000e-01
8.750000000000000000e-01
1.552734375000000000e-01
-4.875000000000000000e+00
-9.687500000000000000e-01
4.765625000000000000e-01
-2.314453125000000000e-01
-1.320312500000000000e+00
-1.982421875000000000e-01
-3.250000000000000000e+00
5.843750000000000000e+00
-1.773437500000000000e+00
7.375000000000000000e+00
1.000000000000000000e+01
1.737500000000000000e+01
6.156250000000000000e+00
1.031250000000000000e+01
7.406250000000000000e+00
-4.882812500000000000e-03
-1.414062500000000000e+00
-1.617187500000000000e+00
-2.515625000000000000e+00
-9.726562500000000000e-01
6.031250000000000000e+00
5.250000000000000000e+00
-1.195312500000000000e+00
-3.921875000000000000e+00
2.406250000000000000e+00
5.593750000000000000e+00
-6.000000000000000000e+00
2.578125000000000000e-01
-2.312500000000000000e+00
5.906250000000000000e+00
7.718750000000000000e+00
-2.343750000000000000e+00
7.156250000000000000e+00
2.046875000000000000e+00
1.312500000000000000e+00
-1.117187500000000000e+00
1.700000000000000000e+01
9.437500000000000000e+00
7.156250000000000000e+00
4.843750000000000000e+00
-4.316406250000000000e-01
1.400000000000000000e+01
4.375000000000000000e-01
-8.398437500000000000e-01
6.843750000000000000e+00
-1.960937500000000000e+00
-9.023437500000000000e-01
8.062500000000000000e+00
4.531250000000000000e+00
-4.406250000000000000e+00
-1.632812500000000000e+00
1.050000000000000000e+01
7.031250000000000000e+00
-1.375000000000000000e+00
-4.281250000000000000e+00
7.843750000000000000e+00
7.843750000000000000e+00
1.976562500000000000e+00
5.250000000000000000e+00
-4.000000000000000000e+00
2.656250000000000000e-01
-1.343750000000000000e+00
2.703125000000000000e+00
-5.875000000000000000e+00
2.859375000000000000e+00
3.875000000000000000e+00
5.375000000000000000e+00
2.437500000000000000e+00
-5.093750000000000000e+00
7.656250000000000000e+00
-2.373046875000000000e-01
1.687500000000000000e+01
3.140625000000000000e+00
-5.906250000000000000e+00
-1.898437500000000000e+00
7.968750000000000000e+00
5.843750000000000000e+00
7.125000000000000000e+00
-8.750000000000000000e-01
1.168750000000000000e+01
-1.414062500000000000e+00
-2.156250000000000000e+00
-9.648437500000000000e-01
2.359375000000000000e+00
-2.421875000000000000e+00
8.437500000000000000e+00
-2.515625000000000000e+00
1.200000000000000000e+01
-1.789062500000000000e+00
5.625000000000000000e+00
-3.734375000000000000e+00
7.718750000000000000e+00
-4.125000000000000000e+00
6.000000000000000000e+00
-3.125000000000000000e-01
-1.687500000000000000e+00
9.187500000000000000e+00
9.812500000000000000e+00
2.921875000000000000e+00
-1.343750000000000000e+00
6.625000000000000000e+00
-1.664062500000000000e+00
-6.843750000000000000e+00
8.062500000000000000e+00
9.625000000000000000e+00
-1.554687500000000000e+00
5.375000000000000000e+00
1.600000000000000000e+01
-2.000000000000000000e+00
6.531250000000000000e+00
-5.000000000000000000e+00
3.296875000000000000e+00
1.171875000000000000e-01
-3.066406250000000000e-01
-5.968750000000000000e+00
8.312500000000000000e+00
-4.218750000000000000e+00
1.450000000000000000e+01
