1.830000000000000000e+02
-1.500000000000000000e+01
-2.300000000000000000e+01
4.675000000000000000e+01
-1.256250000000000000e+01
-2.012500000000000000e+01
1.737500000000000000e+01
3.625000000000000000e+01
-1.300000000000000000e+01
-6.656250000000000000e+00
2.400000000000000000e+01
4.906250000000000000e+00
2.265625000000000000e+00
5.968750000000000000e+00
4.225000000000000000e+01
2.487500000000000000e+01
-2.662500000000000000e+01
3.000000000000000000e+01
1.590000000000000000e+02
5.351562500000000000e-01
-1.675000000000000000e+01
-5.593750000000000000e+00
1.240000000000000000e+02
-7.718750000000000000e+00
3.575000000000000000e+01
3.625000000000000000e+01
1.095000000000000000e+02
-1.293750000000000000e+01
7.656250000000000000e-01
-2.500000000000000000e+01
8.450000000000000000e+01
-3.325000000000000000e+01
4.775000000000000000e+01
-2.600000000000000000e+01
2.087402343750000000e-02
-1.318750000000000000e+01
-6.093750000000000000e+00
-1.773437500000000000e+00
4.150000000000000000e+01
-1.812500000000000000e+01
-1.937500000000000000e+01
7.550000000000000000e+01
-9.843750000000000000e-01
-1.962500000000000000e+01
-1.268750000000000000e+01
6.125000000000000000e+00
7.468750000000000000e+00
-2.562500000000000000e+01
-1.100000000000000000e+01
8.850000000000000000e+01
-2.875000000000000000e+00
-3.921875000000000000e+00
-2.037500000000000000e+01
-1.725000000000000000e+01
5.125000000000000000e+01
1.215000000000000000e+02
-3.625000000000000000e+01
1.810000000000000000e+02
-4.343750000000000000e+00
2.637500000000000000e+01
-9.062500000000000000e+00
6.679687500000000000e-01
1.117187500000000000e+00
4.275000000000000000e+01
9.000000000000000000e+00
-2.450000000000000000e+01
7.750000000000000000e+01
-2.087500000000000000e+01
-1.131250000000000000e+01
-4.725000000000000000e+01
1.125000000000000000e+00
-1.837500000000000000e+01
-3.640625000000000000e+00
-3.725000000000000000e+01
-2.412500000000000000e+01
-3.000000000000000000e+01
4.400000000000000000e+01
5.531250000000000000e+00
3.650000000000000000e+01
1.601562500000000000e+00
5.250000000000000000e+00
3.475000000000000000e+01
-1.837500000000000000e+01
-8.187500000000000000e+00
-2.912500000000000000e+01
-1.400000000000000000e+01
1.300000000000000000e+02
7.000000000000000000e+01
3.000000000000000000e+01
-7.906250000000000000e+00
-8.062500000000000000e+00
-2.637500000000000000e+01
-3.000000000000000000e+01
4.433593750000000000e-01
-2.862500000000000000e+01
-1.556250000000000000e+01
1.870000000000000000e+02
4.125000000000000000e+01
-1.118750000000000000e+01
-5.125000000000000000e+00
1.120000000000000000e+02
-1.012500000000000000e+01
-1.331250000000000000e+01
2.390625000000000000e+00
9.850000000000000000e+01
4.600000000000000000e+01
-5.500000000000000000e+00
-3.144531250000000000e-01
-6.656250000000000000e+00
-3.625000000000000000e+00
8.000000000000000000e+01
-2.112500000000000000e+01
-1.081250000000000000e+01
-6.250000000000000000e+00
-8.062500000000000000e+00
3.037500000000000000e+01
-7.750000000000000000e+01
-1.200000000000000000e+01
-9.812500000000000000e+00
-5.156250000000000000e+00
-1.750000000000000000e+01
-5.500000000000000000e+00
-2.262500000000000000e+01
2.537500000000000000e+01
-1.050000000000000000e+01
5.225000000000000000e+01
2.000000000000000000e+01
1.075000000000000000e+02
4.875000000000000000e+01
-1.106250000000000000e+01
-9.250000000000000000e+00
-4.775000000000000000e+01
1.812500000000000000e+01
-1.800000000000000000e+01
1.610000000000000000e+02
-1.175000000000000000e+01
-5.218750000000000000e+00
7.700000000000000000e+01
1.887500000000000000e+01
-2.037500000000000000e+01
1.320312500000000000e+00
-1.962500000000000000e+01
4.600000000000000000e+01
2.025000000000000000e+01
3.700000000000000000e+01
-1.268750000000000000e+01
1.245000000000000000e+02
-2.937500000000000000e+01
5.400000000000000000e+01
4.075000000000000000e+01
1.750000000000000000e+02
-1.787500000000000000e+01
-1.131250000000000000e+01
2.137500000000000000e+01
-1.256250000000000000e+01
1.215000000000000000e+02
-2.200000000000000000e+01
-4.437500000000000000e+00
-9.937500000000000000e+00
-1.712500000000000000e+01
-1.070312500000000000e+00
5.225000000000000000e+01
2.662500000000000000e+01
1.165000000000000000e+02
-2.875000000000000000e+00
8.600000000000000000e+01
-5.031250000000000000e+00
-1.250000000000000000e-01
1.750000000000000000e+00
-1.900000000000000000e+01
3.828125000000000000e+00
1.867187500000000000e+00
4.800000000000000000e+01
6.175000000000000000e+01
-1.800000000000000000e+01
4.875000000000000000e+01
8.437500000000000000e-01
1.550000000000000000e+01
-7.343750000000000000e+00
4.400000000000000000e+01
9.950000000000000000e+01
5.725000000000000000e+01
-3.500000000000000000e+01
-8.062500000000000000e+00
-4.325000000000000000e+01
1.015000000000000000e+02
1.268750000000000000e+01
3.359375000000000000e+00
-2.037500000000000000e+01
5.968750000000000000e+00
4.025000000000000000e+01
-9.312500000000000000e+00
7.050000000000000000e+01
4.425000000000000000e+01
2.000000000000000000e+01
1.440000000000000000e+02
1.382812500000000000e+00
1.710000000000000000e+02
-9.000000000000000000e+00
-6.000000000000000000e+00
3.312500000000000000e+00
1.265000000000000000e+02
-6.375000000000000000e+00
-2.400000000000000000e+01
-2.593750000000000000e+00
9.400000000000000000e+01
-4.375000000000000000e+01
-1.887500000000000000e+01
4.225000000000000000e+01
6.400000000000000000e+01
-1.218750000000000000e+01
6.450000000000000000e+01
-1.125000000000000000e+01
6.125000000000000000e+00
-1.125000000000000000e+01
9.350000000000000000e+01
1.080000000000000000e+02
2.562500000000000000e+01
-7.750000000000000000e+01
1.720000000000000000e+02
-2.500000000000000000e+00
-3.125000000000000000e+00
1.056250000000000000e+01
-3.125000000000000000e+00
1.310000000000000000e+02
-1.518750000000000000e+01
-3.109375000000000000e+00
-1.325000000000000000e+01
8.650000000000000000e+01
-7.406250000000000000e+00
-1.250000000000000000e+01
1.510000000000000000e+02
1.530000000000000000e+02
-5.820312500000000000e-01
-4.125000000000000000e+00
-8.437500000000000000e+00
-3.162500000000000000e+01
1.600000000000000000e+01
-1.850000000000000000e+01
-4.093750000000000000e+00
1.937500000000000000e+01
-1.601562500000000000e+00
-6.800000000000000000e+01
-1.418750000000000000e+01
-7.281250000000000000e+00
-2.359375000000000000e+00
-7.851562500000000000e-01
-8.750000000000000000e+00
-6.914062500000000000e-01
-1.118750000000000000e+01
1.720000000000000000e+02
-1.712500000000000000e+01
1.520000000000000000e+02
-7.125000000000000000e+00
2.662500000000000000e+01
-7.250000000000000000e+00
-2.162500000000000000e+01
-3.250000000000000000e+01
-2.250000000000000000e+01
-3.087500000000000000e+01
-3.875000000000000000e+01
-2.337500000000000000e+01
-5.656250000000000000e+00
-1.800000000000000000e+01
-2.612500000000000000e+01
-8.242187500000000000e-01
-2.462500000000000000e+01
-2.890625000000000000e+00
-7.421875000000000000e-02
-9.000000000000000000e+00
-1.175000000000000000e+01
-5.468750000000000000e+00
-1.737500000000000000e+01
2.800000000000000000e+01
-3.796875000000000000e+00
1.000000000000000000e+02
6.125000000000000000e+01
1.610000000000000000e+02
2.450000000000000000e+01
6.950000000000000000e+01
4.325000000000000000e+01
-8.625000000000000000e+00
-3.037500000000000000e+01
-3.187500000000000000e+00
-1.787500000000000000e+01
-1.414062500000000000e+00
4.625000000000000000e+01
2.312500000000000000e+01
-7.226562500000000000e-01
-1.575000000000000000e+01
2.109375000000000000e+00
2.350000000000000000e+01
-9.000000000000000000e+00
-2.212500000000000000e+01
-1.043750000000000000e+01
2.437500000000000000e+01
5.525000000000000000e+01
-2.737500000000000000e+01
4.725000000000000000e+01
-8.187500000000000000e+00
7.539062500000000000e-01
-1.687500000000000000e+01
1.255000000000000000e+02
5.425000000000000000e+01
4.775000000000000000e+01
1.000000000000000000e+01
-1.023437500000000000e+00
1.350000000000000000e+02
1.523437500000000000e-01
-1.075000000000000000e+01
4.275000000000000000e+01
-1.525000000000000000e+01
-2.962500000000000000e+01
4.925000000000000000e+01
1.400000000000000000e+01
-2.637500000000000000e+01
-9.000000000000000000e+00
7.450000000000000000e+01
4.400000000000000000e+01
-7.156250000000000000e+00
-1.450000000000000000e+01
5.525000000000000000e+01
3.450000000000000000e+01
1.789062500000000000e+00
8.150000000000000000e+01
-2.162500000000000000e+01
-2.437500000000000000e+00
-2.562500000000000000e+01
3.062500000000000000e+00
-2.412500000000000000e+01
6.968750000000000000e+00
7.406250000000000000e+00
1.912500000000000000e+01
-1.148437500000000000e+00
-1.550000000000000000e+01
1.400000000000000000e+02
-9.562500000000000000e+00
1.670000000000000000e+02
3.625000000000000000e+01
-2.662500000000000000e+01
-2.703125000000000000e+00
3.975000000000000000e+01
2.862500000000000000e+01
4.925000000000000000e+01
-5.500000000000000000e+00
6.750000000000000000e+01
-2.662500000000000000e+01
-3.475000000000000000e+01
-1.056250000000000000e+01
2.912500000000000000e+01
-1.568750000000000000e+01
6.125000000000000000e+01
-2.312500000000000000e+01
9.350000000000000000e+01
-1.600000000000000000e+01
5.600000000000000000e+01
-3.162500000000000000e+01
8.100000000000000000e+01
-2.687500000000000000e+01
1.185000000000000000e+02
-7.625000000000000000e+00
-3.640625000000000000e+00
1.135000000000000000e+02
6.800000000000000000e+01
3.703125000000000000e+00
-1.068750000000000000e+01
5.175000000000000000e+01
-1.625000000000000000e+00
-3.162500000000000000e+01
4.300000000000000000e+01
6.550000000000000000e+01
-1.518750000000000000e+01
2.187500000000000000e+01
1.205000000000000000e+02
-1.800000000000000000e+01
2.987500000000000000e+01
-3.275000000000000000e+01
7.750000000000000000e+00
-7.843750000000000000e+00
-2.156250000000000000e+00
-2.837500000000000000e+01
4.800000000000000000e+01
-1.837500000000000000e+01
1.280000000000000000e+02
