-9.375000000000000000e-01
-1.660156250000000000e-01
-1.617187500000000000e+00
1.218750000000000000e+00
-5.039062500000000000e-01
1.500000000000000000e+00
1.304687500000000000e+00
8.554687500000000000e-01
-1.164062500000000000e+00
-1.367187500000000000e+00
1.351562500000000000e+00
1.289062500000000000e+00
1.851562500000000000e+00
5.195312500000000000e-01
1.117187500000000000e+00
6.367187500000000000e-01
-1.892089843750000000e-02
8.281250000000000000e-01
2.236328125000000000e-01
-1.296875000000000000e+00
-2.636718750000000000e-01
3.078125000000000000e+00
-5.218750000000000000e+00
-6.718750000000000000e-01
9.570312500000000000e-01
4.531250000000000000e-01
-3.296875000000000000e+00
-8.945312500000000000e-01
-1.630859375000000000e-01
-1.101562500000000000e+00
1.429687500000000000e+00
2.250000000000000000e+00
1.312500000000000000e+00
-5.664062500000000000e-01
-7.031250000000000000e-02
-1.679687500000000000e+00
1.437500000000000000e+00
-8.125000000000000000e-01
1.523437500000000000e-01
-1.281250000000000000e+00
-3.066406250000000000e-01
1.898437500000000000e+00
8.085937500000000000e-01
-4.589843750000000000e-01
-1.523437500000000000e+00
1.468750000000000000e+00
1.320312500000000000e+00
-2.158203125000000000e-01
1.476562500000000000e+00
9.101562500000000000e-01
-7.148437500000000000e-01
-1.476562500000000000e+00
2.187500000000000000e+00
-8.867187500000000000e-01
1.125000000000000000e+00
2.343750000000000000e-01
-6.601562500000000000e-01
-2.953125000000000000e+00
8.056640625000000000e-02
8.398437500000000000e-01
-1.265625000000000000e+00
1.179687500000000000e+00
-4.121093750000000000e-01
1.976562500000000000e+00
1.726562500000000000e+00
-1.552734375000000000e-01
1.054687500000000000e+00
-4.140625000000000000e-01
-2.636718750000000000e-01
1.101562500000000000e+00
-1.687500000000000000e+00
1.875000000000000000e+00
-1.259765625000000000e-01
-1.437500000000000000e+00
2.750000000000000000e+00
1.085937500000000000e+00
2.078125000000000000e+00
1.476562500000000000e+00
1.695312500000000000e+00
1.835937500000000000e-01
2.625000000000000000e+00
9.492187500000000000e-01
-1.562500000000000000e+00
-1.101562500000000000e+00
-2.109375000000000000e+00
1.710937500000000000e+00
-3.393554687500000000e-02
1.273437500000000000e+00
8.125000000000000000e-01
-2.109375000000000000e+00
-9.570312500000000000e-01
7.031250000000000000e-01
-1.468750000000000000e+00
-2.792968750000000000e-01
1.601562500000000000e+00
-7.656250000000000000e-01
6.679687500000000000e-01
9.687500000000000000e-01
-3.925781250000000000e-01
1.226562500000000000e+00
7.187500000000000000e-01
-1.718750000000000000e+00
-9.531250000000000000e-01
1.875000000000000000e+00
1.500000000000000000e+00
1.710937500000000000e+00
-2.138671875000000000e-01
2.062500000000000000e+00
-1.210937500000000000e+00
-6.406250000000000000e-01
1.898437500000000000e+00
-7.519531250000000000e-02
1.687500000000000000e+00
-1.210937500000000000e+00
-8.125000000000000000e-01
1.937500000000000000e+00
2.390625000000000000e+00
-1.226562500000000000e+00
-1.507812500000000000e+00
-4.355468750000000000e-01
-9.804687500000000000e-01
-1.257812500000000000e+00
-1.455078125000000000e-01
1.523437500000000000e+00
1.554687500000000000e+00
6.171875000000000000e-01
1.773437500000000000e+00
1.718750000000000000e+00
1.382812500000000000e+00
1.117187500000000000e+00
2.140625000000000000e+00
1.125000000000000000e+00
9.179687500000000000e-01
-1.000000000000000000e+00
-2.500000000000000000e+00
-4.472656250000000000e-01
-5.351562500000000000e-01
9.062500000000000000e-01
1.664062500000000000e+00
-1.562500000000000000e+00
-8.242187500000000000e-01
2.453125000000000000e+00
1.898437500000000000e+00
8.007812500000000000e-01
1.648437500000000000e+00
-4.941406250000000000e-01
1.416015625000000000e-01
-1.007812500000000000e+00
1.312500000000000000e+00
1.687500000000000000e+00
-6.562500000000000000e-01
-3.437500000000000000e-01
-1.195312500000000000e+00
2.031250000000000000e-01
-1.281250000000000000e+00
-2.765625000000000000e+00
-6.523437500000000000e-01
-9.804687500000000000e-01
3.769531250000000000e-01
-7.304687500000000000e-01
-7.382812500000000000e-01
-1.617187500000000000e+00
7.695312500000000000e-01
-2.859375000000000000e+00
-5.664062500000000000e-01
1.625000000000000000e+00
-1.320312500000000000e+00
-3.300781250000000000e-01
2.406250000000000000e+00
-9.492187500000000000e-01
1.148437500000000000e+00
-1.257812500000000000e+00
2.109375000000000000e+00
1.312500000000000000e+00
-2.421875000000000000e-01
1.562500000000000000e+00
-4.628906250000000000e-01
2.140625000000000000e+00
2.250000000000000000e+00
1.335937500000000000e+00
-8.007812500000000000e-01
1.476562500000000000e+00
2.062988281250000000e-02
-8.085937500000000000e-01
6.015625000000000000e-01
1.851562500000000000e+00
1.312500000000000000e+00
7.968750000000000000e-01
-8.750000000000000000e-01
8.632812500000000000e-01
1.554687500000000000e+00
-9.414062500000000000e-01
1.093750000000000000e+00
1.968750000000000000e+00
1.078125000000000000e+00
-1.656250000000000000e+00
3.261718750000000000e-01
-2.015625000000000000e+00
-1.351562500000000000e+00
-8.867187500000000000e-01
7.187500000000000000e-01
-1.140625000000000000e+00
-6.787109375000000000e-02
-6.884765625000000000e-02
2.636718750000000000e-01
1.062500000000000000e+00
-7.470703125000000000e-02
-1.398437500000000000e+00
1.125000000000000000e+00
7.851562500000000000e-01
-9.687500000000000000e-01
1.007812500000000000e+00
-1.132812500000000000e+00
1.648437500000000000e+00
-1.396484375000000000e-01
1.804687500000000000e+00
-2.490234375000000000e-01
1.414062500000000000e+00
8.593750000000000000e-01
-2.109375000000000000e+00
-1.179687500000000000e+00
5.078125000000000000e-02
7.226562500000000000e-01
-7.617187500000000000e-02
-3.625000000000000000e+00
-1.281250000000000000e+00
-8.945312500000000000e-01
-1.726562500000000000e+00
-1.812500000000000000e+00
2.015625000000000000e+00
-7.070312500000000000e-01
-5.468750000000000000e-02
-7.070312500000000000e-01
2.197265625000000000e-01
-5.273437500000000000e-01
-1.367187500000000000e+00
-2.333984375000000000e-01
1.429687500000000000e+00
-1.773437500000000000e+00
-1.101562500000000000e+00
1.835937500000000000e+00
1.320312500000000000e+00
2.171875000000000000e+00
6.494140625000000000e-02
-4.453125000000000000e-01
-1.218750000000000000e+00
-9.570312500000000000e-01
-5.078125000000000000e-01
-9.687500000000000000e-01
-1.476562500000000000e+00
-3.500000000000000000e+00
-1.101562500000000000e+00
5.468750000000000000e-02
-1.117187500000000000e+00
1.500000000000000000e+00
1.476562500000000000e+00
-1.414062500000000000e+00
-1.078125000000000000e+00
-3.691406250000000000e-01
-2.421875000000000000e-01
-7.968750000000000000e-01
-7.539062500000000000e-01
-1.148437500000000000e+00
-4.433593750000000000e-01
1.101562500000000000e+00
7.500000000000000000e-01
-6.718750000000000000e-01
-1.148437500000000000e+00
-4.609375000000000000e-01
-1.351562500000000000e+00
-1.562500000000000000e+00
-9.375000000000000000e-01
-6.445312500000000000e-01
1.039062500000000000e+00
-8.007812500000000000e-01
-2.000000000000000000e+00
1.328125000000000000e+00
-1.531250000000000000e+00
1.398437500000000000e+00
1.117187500000000000e+00
5.468750000000000000e-01
-1.265625000000000000e+00
-2.792968750000000000e-01
-8.242187500000000000e-01
9.130859375000000000e-02
-6.132812500000000000e-01
4.316406250000000000e-01
1.187500000000000000e+00
-1.000000000000000000e+00
-7.695312500000000000e-01
1.335937500000000000e+00
1.375000000000000000e+00
-2.000000000000000000e+00
7.500000000000000000e-01
-7.773437500000000000e-01
1.687500000000000000e+00
9.726562500000000000e-01
2.431640625000000000e-01
1.093750000000000000e+00
3.613281250000000000e-01
1.687500000000000000e+00
1.234375000000000000e+00
1.054687500000000000e+00
1.882812500000000000e+00
5.898437500000000000e-01
2.515625000000000000e+00
-1.367187500000000000e+00
-5.117187500000000000e-01
1.328125000000000000e+00
-5.546875000000000000e-01
6.601562500000000000e-01
-4.296875000000000000e-01
1.031250000000000000e+00
1.312500000000000000e+00
1.164062500000000000e+00
-1.179687500000000000e+00
-1.273437500000000000e+00
8.945312500000000000e-01
9.179687500000000000e-01
-1.218750000000000000e+00
-1.148437500000000000e+00
8.750000000000000000e-01
1.773437500000000000e+00
1.726562500000000000e+00
-3.671875000000000000e+00
-8.437500000000000000e-01
-6.679687500000000000e-01
5.351562500000000000e-01
1.156250000000000000e+00
-1.273437500000000000e+00
6.601562500000000000e-01
1.242187500000000000e+00
1.875000000000000000e+00
2.234375000000000000e+00
-2.046875000000000000e+00
-3.625000000000000000e+00
3.393554687500000000e-02
-2.390625000000000000e+00
-1.773437500000000000e+00
-3.088378906250000000e-02
-1.492187500000000000e+00
1.726562500000000000e+00
1.767578125000000000e-01
7.382812500000000000e-01
-1.304687500000000000e+00
1.914062500000000000e+00
2.255859375000000000e-01
3.750000000000000000e+00
-1.281250000000000000e+00
-1.695312500000000000e+00
-9.375000000000000000e-01
6.523437500000000000e-01
1.845703125000000000e-01
8.125000000000000000e-01
-2.343750000000000000e-01
-1.687500000000000000e+00
2.328125000000000000e+00
-2.328125000000000000e+00
-4.003906250000000000e-01
-4.625000000000000000e+00
-3.906250000000000000e-01
-1.492187500000000000e+00
-3.890625000000000000e+00
1.187500000000000000e+00
1.351562500000000000e+00
-4.550781250000000000e-01
5.625000000000000000e-01
-1.062500000000000000e+00
-1.937500000000000000e+00
1.523437500000000000e+00
8.164062500000000000e-01
-8.320312500000000000e-01
1.476562500000000000e+00
1.562500000000000000e+00
1.088867187500000000e-01
1.187500000000000000e+00
-8.242187500000000000e-01
8.632812500000000000e-01
-4.980468750000000000e-02
-1.078125000000000000e+00
-1.085937500000000000e+00
1.304687500000000000e+00
1.429687500000000000e+00
-9.804687500000000000e-01
