-1.726562500000000000e+00
-1.904296875000000000e-01
-1.335937500000000000e+00
8.710937500000000000e-01
-4.589843750000000000e-01
1.437500000000000000e+00
1.007812500000000000e+00
6.054687500000000000e-01
-1.023437500000000000e+00
-1.250000000000000000e+00
1.062500000000000000e+00
1.109375000000000000e+00
1.593750000000000000e+00
4.082031250000000000e-01
7.812500000000000000e-01
3.652343750000000000e-01
5.117187500000000000e-01
5.429687500000000000e-01
-4.121093750000000000e-01
-1.335937500000000000e+00
-2.988281250000000000e-01
3.078125000000000000e+00
-5.218750000000000000e+00
-5.195312500000000000e-01
6.601562500000000000e-01
1.611328125000000000e-01
-3.265625000000000000e+00
-8.554687500000000000e-01
-2.001953125000000000e-01
-9.101562500000000000e-01
9.375000000000000000e-01
2.328125000000000000e+00
9.726562500000000000e-01
-5.312500000000000000e-01
-1.875000000000000000e-01
-1.539062500000000000e+00
1.585937500000000000e+00
-9.492187500000000000e-01
-2.087402343750000000e-02
-1.164062500000000000e+00
-2.421875000000000000e-01
1.382812500000000000e+00
5.546875000000000000e-01
-2.656250000000000000e-01
-1.335937500000000000e+00
1.242187500000000000e+00
1.179687500000000000e+00
-2.314453125000000000e-01
1.476562500000000000e+00
5.429687500000000000e-01
-7.304687500000000000e-01
-1.382812500000000000e+00
2.265625000000000000e+00
-5.195312500000000000e-01
7.617187500000000000e-01
-2.714843750000000000e-01
-5.976562500000000000e-01
-3.500000000000000000e+00
3.588867187500000000e-02
5.664062500000000000e-01
-1.296875000000000000e+00
9.882812500000000000e-01
-4.433593750000000000e-01
1.570312500000000000e+00
1.382812500000000000e+00
-8.349609375000000000e-02
5.585937500000000000e-01
-3.652343750000000000e-01
-2.695312500000000000e-01
9.179687500000000000e-01
-1.460937500000000000e+00
1.601562500000000000e+00
-1.474609375000000000e-01
-1.367187500000000000e+00
2.656250000000000000e+00
1.195312500000000000e+00
1.562500000000000000e+00
1.242187500000000000e+00
1.242187500000000000e+00
1.923828125000000000e-01
2.359375000000000000e+00
6.835937500000000000e-01
-1.492187500000000000e+00
-9.687500000000000000e-01
-1.851562500000000000e+00
1.500000000000000000e+00
-5.234375000000000000e-01
8.437500000000000000e-01
5.820312500000000000e-01
-1.835937500000000000e+00
-9.648437500000000000e-01
5.546875000000000000e-01
-1.007812500000000000e+00
-3.300781250000000000e-01
1.843750000000000000e+00
-5.820312500000000000e-01
-3.261718750000000000e-01
6.289062500000000000e-01
-4.316406250000000000e-01
1.117187500000000000e+00
2.226562500000000000e-01
-1.585937500000000000e+00
-6.132812500000000000e-01
1.789062500000000000e+00
9.843750000000000000e-01
1.250000000000000000e+00
-3.007812500000000000e-01
2.000000000000000000e+00
-1.187500000000000000e+00
-7.304687500000000000e-01
1.320312500000000000e+00
-1.196289062500000000e-01
1.710937500000000000e+00
-1.078125000000000000e+00
-6.406250000000000000e-01
1.437500000000000000e+00
2.750000000000000000e+00
-1.117187500000000000e+00
-1.507812500000000000e+00
-3.144531250000000000e-01
-8.437500000000000000e-01
-1.101562500000000000e+00
-4.370117187500000000e-02
1.140625000000000000e+00
1.445312500000000000e+00
3.496093750000000000e-01
1.507812500000000000e+00
1.132812500000000000e+00
1.007812500000000000e+00
1.000000000000000000e+00
2.109375000000000000e+00
1.070312500000000000e+00
6.757812500000000000e-01
-8.437500000000000000e-01
-2.687500000000000000e+00
-3.105468750000000000e-01
-6.054687500000000000e-01
4.062500000000000000e-01
1.335937500000000000e+00
-1.476562500000000000e+00
-9.218750000000000000e-01
2.328125000000000000e+00
1.429687500000000000e+00
5.585937500000000000e-01
1.257812500000000000e+00
-3.730468750000000000e-01
-5.664062500000000000e-01
-9.492187500000000000e-01
9.179687500000000000e-01
1.242187500000000000e+00
-1.437500000000000000e+00
-3.066406250000000000e-01
-1.171875000000000000e+00
3.393554687500000000e-02
-1.179687500000000000e+00
-3.203125000000000000e+00
-6.210937500000000000e-01
-1.015625000000000000e+00
3.261718750000000000e-01
-7.226562500000000000e-01
-7.968750000000000000e-01
-1.750000000000000000e+00
6.132812500000000000e-01
-2.828125000000000000e+00
-7.617187500000000000e-01
1.117187500000000000e+00
-1.257812500000000000e+00
-2.949218750000000000e-01
2.375000000000000000e+00
-6.132812500000000000e-01
9.179687500000000000e-01
-1.039062500000000000e+00
1.656250000000000000e+00
8.789062500000000000e-01
-2.099609375000000000e-01
1.101562500000000000e+00
-5.039062500000000000e-01
1.898437500000000000e+00
2.265625000000000000e+00
9.570312500000000000e-01
-1.312500000000000000e+00
1.062500000000000000e+00
1.250000000000000000e-01
-7.812500000000000000e-01
5.039062500000000000e-01
1.289062500000000000e+00
1.054687500000000000e+00
6.679687500000000000e-01
-9.687500000000000000e-01
7.304687500000000000e-01
1.195312500000000000e+00
-9.570312500000000000e-01
7.226562500000000000e-01
1.507812500000000000e+00
7.812500000000000000e-01
-2.234375000000000000e+00
2.890625000000000000e-01
-2.515625000000000000e+00
-1.289062500000000000e+00
-7.929687500000000000e-01
6.093750000000000000e-01
-1.812500000000000000e+00
-1.494140625000000000e-01
-1.010742187500000000e-01
2.656250000000000000e-01
6.093750000000000000e-01
5.761718750000000000e-02
-1.304687500000000000e+00
7.617187500000000000e-01
4.003906250000000000e-01
-9.023437500000000000e-01
6.601562500000000000e-01
-9.960937500000000000e-01
1.414062500000000000e+00
-1.875000000000000000e-01
1.156250000000000000e+00
-8.437500000000000000e-01
1.023437500000000000e+00
7.460937500000000000e-01
-2.750000000000000000e+00
-1.054687500000000000e+00
-7.568359375000000000e-02
5.117187500000000000e-01
2.441406250000000000e-03
-3.875000000000000000e+00
-1.054687500000000000e+00
-8.125000000000000000e-01
-1.601562500000000000e+00
-2.140625000000000000e+00
1.726562500000000000e+00
-5.156250000000000000e-01
-8.476562500000000000e-01
-1.203125000000000000e+00
7.568359375000000000e-02
-4.785156250000000000e-01
-1.312500000000000000e+00
-2.871093750000000000e-01
1.085937500000000000e+00
-1.570312500000000000e+00
-1.093750000000000000e+00
1.437500000000000000e+00
1.414062500000000000e+00
2.484375000000000000e+00
-2.070312500000000000e-01
-5.937500000000000000e-01
-1.210937500000000000e+00
-1.140625000000000000e+00
-4.843750000000000000e-01
-8.789062500000000000e-01
-1.398437500000000000e+00
-3.875000000000000000e+00
-9.726562500000000000e-01
-6.835937500000000000e-01
-9.726562500000000000e-01
1.164062500000000000e+00
1.171875000000000000e+00
-1.289062500000000000e+00
-7.968750000000000000e-01
-4.160156250000000000e-01
-2.294921875000000000e-01
-6.992187500000000000e-01
-6.210937500000000000e-01
-1.085937500000000000e+00
-6.289062500000000000e-01
9.882812500000000000e-01
7.460937500000000000e-01
-6.093750000000000000e-01
-1.093750000000000000e+00
-4.921875000000000000e-01
-1.304687500000000000e+00
-1.367187500000000000e+00
-9.843750000000000000e-01
-5.859375000000000000e-01
8.007812500000000000e-01
-7.617187500000000000e-01
-2.046875000000000000e+00
9.101562500000000000e-01
-2.203125000000000000e+00
1.101562500000000000e+00
6.914062500000000000e-01
1.049804687500000000e-01
-1.203125000000000000e+00
-2.060546875000000000e-01
-7.031250000000000000e-01
1.015625000000000000e-01
-5.195312500000000000e-01
2.138671875000000000e-01
9.062500000000000000e-01
-9.687500000000000000e-01
-6.835937500000000000e-01
1.187500000000000000e+00
1.062500000000000000e+00
-1.710937500000000000e+00
6.132812500000000000e-01
-6.210937500000000000e-01
1.398437500000000000e+00
6.523437500000000000e-01
3.144531250000000000e-01
8.281250000000000000e-01
3.222656250000000000e-01
1.648437500000000000e+00
1.179687500000000000e+00
3.183593750000000000e-01
1.468750000000000000e+00
2.656250000000000000e-01
2.250000000000000000e+00
-1.289062500000000000e+00
-9.179687500000000000e-01
1.296875000000000000e+00
-5.273437500000000000e-01
3.496093750000000000e-01
-5.351562500000000000e-01
8.125000000000000000e-01
9.726562500000000000e-01
9.375000000000000000e-01
-1.093750000000000000e+00
-1.148437500000000000e+00
5.117187500000000000e-01
6.445312500000000000e-01
-1.109375000000000000e+00
-9.218750000000000000e-01
5.195312500000000000e-01
1.304687500000000000e+00
1.656250000000000000e+00
-3.765625000000000000e+00
-8.007812500000000000e-01
-7.929687500000000000e-01
5.664062500000000000e-01
9.882812500000000000e-01
-1.148437500000000000e+00
4.785156250000000000e-01
9.648437500000000000e-01
1.593750000000000000e+00
2.109375000000000000e+00
-1.789062500000000000e+00
-3.437500000000000000e+00
1.867675781250000000e-02
-3.000000000000000000e+00
-1.851562500000000000e+00
4.760742187500000000e-02
-1.304687500000000000e+00
1.273437500000000000e+00
-2.792968750000000000e-01
4.511718750000000000e-01
-1.250000000000000000e+00
1.406250000000000000e+00
1.127929687500000000e-01
3.953125000000000000e+00
-1.242187500000000000e+00
-1.664062500000000000e+00
-6.875000000000000000e-01
3.222656250000000000e-01
2.070312500000000000e-01
2.871093750000000000e-01
-1.318359375000000000e-01
-1.867187500000000000e+00
2.453125000000000000e+00
-2.609375000000000000e+00
-2.949218750000000000e-01
-4.500000000000000000e+00
-3.378906250000000000e-01
-1.476562500000000000e+00
-4.093750000000000000e+00
7.929687500000000000e-01
1.171875000000000000e+00
-5.039062500000000000e-01
2.734375000000000000e-01
-7.812500000000000000e-01
-1.898437500000000000e+00
1.148437500000000000e+00
4.375000000000000000e-01
-8.242187500000000000e-01
1.179687500000000000e+00
9.687500000000000000e-01
6.494140625000000000e-02
8.554687500000000000e-01
-7.500000000000000000e-01
7.070312500000000000e-01
-9.912109375000000000e-02
-1.031250000000000000e+00
-9.570312500000000000e-01
9.687500000000000000e-01
1.648437500000000000e+00
-1.585937500000000000e+00
