1.179687500000000000e+00
7.031250000000000000e-01
-2.218750000000000000e+00
1.679687500000000000e+00
-6.054687500000000000e-01
3.125000000000000000e-01
1.125000000000000000e+00
1.117187500000000000e+00
-1.039062500000000000e+00
-1.570312500000000000e+00
1.406250000000000000e+00
1.320312500000000000e+00
2.062500000000000000e+00
3.378906250000000000e-01
1.468750000000000000e+00
6.406250000000000000e-01
-1.257812500000000000e+00
1.164062500000000000e+00
2.015625000000000000e+00
-5.742187500000000000e-01
-6.601562500000000000e-01
1.960937500000000000e+00
-5.062500000000000000e+00
-8.632812500000000000e-01
1.343750000000000000e+00
7.695312500000000000e-01
-3.359375000000000000e+00
-1.242187500000000000e+00
5.234375000000000000e-01
-1.710937500000000000e+00
2.312500000000000000e+00
1.157226562500000000e-01
1.875000000000000000e+00
-1.156250000000000000e+00
-7.617187500000000000e-01
-1.695312500000000000e+00
3.144531250000000000e-01
9.375000000000000000e-02
3.984375000000000000e-01
-9.179687500000000000e-01
-9.062500000000000000e-01
2.640625000000000000e+00
1.648437500000000000e+00
-6.289062500000000000e-01
-1.914062500000000000e+00
1.085937500000000000e+00
1.070312500000000000e+00
7.275390625000000000e-02
7.226562500000000000e-01
1.656250000000000000e+00
6.884765625000000000e-02
-1.750000000000000000e+00
1.132812500000000000e+00
-1.210937500000000000e+00
1.726562500000000000e+00
1.531250000000000000e+00
-9.094238281250000000e-03
-1.046875000000000000e+00
8.750000000000000000e-01
1.023437500000000000e+00
-6.289062500000000000e-01
1.039062500000000000e+00
2.314453125000000000e-01
2.640625000000000000e+00
2.125000000000000000e+00
-3.063964843750000000e-02
1.898437500000000000e+00
5.273437500000000000e-01
6.875000000000000000e-01
4.062500000000000000e-01
-1.601562500000000000e+00
1.117187500000000000e+00
7.070312500000000000e-01
-2.109375000000000000e+00
1.539062500000000000e+00
-1.148437500000000000e+00
2.625000000000000000e+00
1.195312500000000000e+00
2.312500000000000000e+00
5.395507812500000000e-02
2.359375000000000000e+00
1.007812500000000000e+00
-6.914062500000000000e-01
-8.125000000000000000e-01
-2.578125000000000000e+00
5.273437500000000000e-01
6.328125000000000000e-01
1.882812500000000000e+00
7.187500000000000000e-01
-2.390625000000000000e+00
-1.523437500000000000e-01
1.726562500000000000e+00
-1.648437500000000000e+00
2.333984375000000000e-01
1.079101562500000000e-01
-1.523437500000000000e+00
2.546875000000000000e+00
1.375000000000000000e+00
-1.898437500000000000e+00
1.039062500000000000e+00
1.679687500000000000e+00
-2.078125000000000000e+00
-1.968750000000000000e+00
1.687500000000000000e+00
2.296875000000000000e+00
2.421875000000000000e+00
-1.826171875000000000e-01
1.593750000000000000e+00
-1.210937500000000000e+00
-1.147460937500000000e-01
2.687500000000000000e+00
-1.617187500000000000e+00
1.132812500000000000e+00
4.863281250000000000e-01
-9.375000000000000000e-01
2.546875000000000000e+00
2.714843750000000000e-01
-6.132812500000000000e-01
-1.710937500000000000e+00
-5.507812500000000000e-01
-1.445312500000000000e+00
-1.742187500000000000e+00
-6.054687500000000000e-01
1.367187500000000000e+00
1.187500000000000000e+00
8.710937500000000000e-01
1.960937500000000000e+00
2.734375000000000000e+00
1.906250000000000000e+00
9.492187500000000000e-01
1.312500000000000000e+00
6.718750000000000000e-01
9.804687500000000000e-01
-1.539062500000000000e+00
-4.667968750000000000e-01
-3.515625000000000000e-01
7.714843750000000000e-02
1.492187500000000000e+00
2.046875000000000000e+00
-1.468750000000000000e+00
-9.882812500000000000e-01
1.367187500000000000e+00
2.109375000000000000e+00
6.250000000000000000e-01
1.937500000000000000e+00
-1.343750000000000000e+00
1.500000000000000000e+00
-1.179687500000000000e+00
1.773437500000000000e+00
1.835937500000000000e+00
1.875000000000000000e+00
-7.500000000000000000e-01
-1.226562500000000000e+00
-4.121093750000000000e-01
-1.375000000000000000e+00
-1.210937500000000000e+00
-8.437500000000000000e-01
-3.515625000000000000e-01
-9.094238281250000000e-03
-1.507812500000000000e+00
-3.378906250000000000e-01
-4.418945312500000000e-02
9.687500000000000000e-01
-2.078125000000000000e+00
1.992187500000000000e-01
2.515625000000000000e+00
-1.492187500000000000e+00
-2.539062500000000000e-02
1.710937500000000000e+00
-1.460937500000000000e+00
1.023437500000000000e+00
-4.863281250000000000e-01
2.656250000000000000e+00
2.000000000000000000e+00
-5.981445312500000000e-02
2.328125000000000000e+00
1.235351562500000000e-01
2.093750000000000000e+00
-3.125000000000000000e-02
1.523437500000000000e+00
-2.600097656250000000e-02
1.976562500000000000e+00
-1.093750000000000000e-01
-1.455078125000000000e-01
7.304687500000000000e-01
2.703125000000000000e+00
1.335937500000000000e+00
5.703125000000000000e-01
-8.251953125000000000e-02
7.929687500000000000e-01
1.718750000000000000e+00
-7.031250000000000000e-01
1.875000000000000000e+00
2.578125000000000000e+00
1.125000000000000000e+00
-1.923828125000000000e-01
-7.617187500000000000e-02
-1.015625000000000000e+00
-1.132812500000000000e+00
-9.062500000000000000e-01
5.742187500000000000e-01
6.875000000000000000e-01
-4.062500000000000000e-01
-1.132812500000000000e+00
2.636718750000000000e-01
2.015625000000000000e+00
3.261566162109375000e-04
-1.562500000000000000e+00
1.585937500000000000e+00
1.460937500000000000e+00
-1.562500000000000000e+00
1.726562500000000000e+00
-1.570312500000000000e+00
1.132812500000000000e+00
-1.304687500000000000e+00
2.828125000000000000e+00
1.460937500000000000e+00
1.437500000000000000e+00
-8.125000000000000000e-01
-8.554687500000000000e-01
-8.085937500000000000e-01
2.871093750000000000e-01
7.812500000000000000e-01
-1.186523437500000000e-01
-2.609375000000000000e+00
-1.656250000000000000e+00
-2.910156250000000000e-01
-2.000000000000000000e+00
-1.218750000000000000e+00
9.179687500000000000e-01
-7.539062500000000000e-01
2.125000000000000000e+00
7.187500000000000000e-01
-2.929687500000000000e-01
-1.455078125000000000e-01
-1.585937500000000000e+00
-6.127929687500000000e-02
1.320312500000000000e+00
-2.015625000000000000e+00
-1.679687500000000000e+00
2.312500000000000000e+00
7.656250000000000000e-01
-6.914062500000000000e-01
-3.691406250000000000e-01
-3.457031250000000000e-01
-7.695312500000000000e-01
-8.789062500000000000e-01
-7.226562500000000000e-01
-6.523437500000000000e-01
-1.726562500000000000e+00
-2.875000000000000000e+00
-1.632812500000000000e+00
1.156250000000000000e+00
-1.351562500000000000e+00
1.742187500000000000e+00
4.687500000000000000e-01
-1.843750000000000000e+00
-1.812500000000000000e+00
-7.382812500000000000e-01
-1.242187500000000000e+00
-1.335937500000000000e+00
3.437500000000000000e-01
-1.218750000000000000e+00
-5.273437500000000000e-01
1.007812500000000000e+00
1.796875000000000000e-01
-1.351562500000000000e+00
-4.785156250000000000e-01
4.785156250000000000e-01
-1.507812500000000000e+00
-9.843750000000000000e-01
-6.835937500000000000e-01
-1.429687500000000000e+00
1.367187500000000000e+00
-1.416015625000000000e-01
-1.031250000000000000e+00
2.171875000000000000e+00
3.125000000000000000e-02
1.476562500000000000e+00
1.437500000000000000e+00
1.179687500000000000e+00
-1.625000000000000000e+00
1.085937500000000000e+00
-6.054687500000000000e-01
1.289062500000000000e+00
-3.906250000000000000e-01
7.539062500000000000e-01
1.148437500000000000e+00
-4.667968750000000000e-01
-1.625000000000000000e+00
1.476562500000000000e+00
1.343750000000000000e+00
-1.031250000000000000e+00
1.351562500000000000e+00
-1.320312500000000000e+00
2.171875000000000000e+00
1.304687500000000000e+00
2.490234375000000000e-01
1.726562500000000000e+00
1.884765625000000000e-01
1.164062500000000000e+00
7.070312500000000000e-01
2.312500000000000000e+00
2.359375000000000000e+00
1.054687500000000000e+00
1.851562500000000000e+00
-9.375000000000000000e-01
4.062500000000000000e-01
7.500000000000000000e-01
6.679687500000000000e-01
9.960937500000000000e-01
-4.824218750000000000e-01
1.320312500000000000e+00
1.687500000000000000e+00
9.257812500000000000e-01
-1.937500000000000000e+00
-1.726562500000000000e+00
1.539062500000000000e+00
1.054687500000000000e+00
-1.562500000000000000e+00
-2.015625000000000000e+00
1.304687500000000000e+00
1.929687500000000000e+00
1.414062500000000000e+00
-2.796875000000000000e+00
-1.593750000000000000e+00
-1.875000000000000000e-01
5.664062500000000000e-01
8.242187500000000000e-01
-1.976562500000000000e+00
7.812500000000000000e-01
1.726562500000000000e+00
1.656250000000000000e+00
1.664062500000000000e+00
-2.390625000000000000e+00
-3.609375000000000000e+00
3.637695312500000000e-02
-6.523437500000000000e-01
-3.691406250000000000e-01
8.710937500000000000e-01
-1.625000000000000000e+00
1.804687500000000000e+00
1.718750000000000000e+00
1.335937500000000000e+00
-1.023437500000000000e+00
2.671875000000000000e+00
-3.730468750000000000e-01
1.687500000000000000e+00
-1.539062500000000000e+00
-6.835937500000000000e-01
-1.429687500000000000e+00
1.242187500000000000e+00
-2.832031250000000000e-01
1.757812500000000000e+00
-4.628906250000000000e-01
-2.421875000000000000e-01
4.218750000000000000e-01
-1.593750000000000000e+00
-3.320312500000000000e-01
-4.312500000000000000e+00
-7.851562500000000000e-01
-4.921875000000000000e-01
-3.187500000000000000e+00
1.648437500000000000e+00
1.289062500000000000e+00
-1.572265625000000000e-01
6.250000000000000000e-01
-1.257812500000000000e+00
-2.765625000000000000e+00
1.992187500000000000e+00
1.296875000000000000e+00
-1.281250000000000000e+00
1.562500000000000000e+00
2.453125000000000000e+00
-6.562500000000000000e-01
1.281250000000000000e+00
-1.298828125000000000e-01
8.632812500000000000e-01
-5.468750000000000000e-01
-4.863281250000000000e-01
-1.789062500000000000e+00
1.562500000000000000e+00
9.023437500000000000e-01
4.902343750000000000e-01
