-1.656250000000000000e+00
4.843750000000000000e-01
-1.476562500000000000e+00
6.914062500000000000e-01
-4.062500000000000000e-01
1.234375000000000000e+00
6.992187500000000000e-01
4.062500000000000000e-01
-6.718750000000000000e-01
-9.492187500000000000e-01
7.382812500000000000e-01
6.757812500000000000e-01
1.398437500000000000e+00
5.737304687500000000e-02
5.351562500000000000e-01
1.513671875000000000e-01
5.346679687500000000e-02
3.417968750000000000e-01
-2.080078125000000000e-01
-1.218750000000000000e+00
-6.718750000000000000e-01
3.000000000000000000e+00
-5.500000000000000000e+00
-7.500000000000000000e-01
4.628906250000000000e-01
-7.421875000000000000e-02
-3.312500000000000000e+00
-7.812500000000000000e-01
-3.613281250000000000e-01
-6.289062500000000000e-01
8.437500000000000000e-01
2.078125000000000000e+00
7.070312500000000000e-01
-9.335937500000000000e-01
1.953125000000000000e-02
-1.273437500000000000e+00
1.414062500000000000e+00
-7.460937500000000000e-01
-1.562500000000000000e-01
-1.429687500000000000e+00
-3.437500000000000000e-01
1.210937500000000000e+00
4.316406250000000000e-01
-3.027343750000000000e-01
-1.156250000000000000e+00
9.960937500000000000e-01
9.648437500000000000e-01
-3.261718750000000000e-01
1.226562500000000000e+00
5.117187500000000000e-01
-7.656250000000000000e-01
-1.242187500000000000e+00
2.125000000000000000e+00
-3.671875000000000000e-01
5.546875000000000000e-01
-5.200195312500000000e-02
-6.054687500000000000e-01
-3.421875000000000000e+00
2.314453125000000000e-01
2.753906250000000000e-01
-1.265625000000000000e+00
7.343750000000000000e-01
-7.187500000000000000e-01
1.398437500000000000e+00
1.242187500000000000e+00
-5.078125000000000000e-02
4.707031250000000000e-01
1.892089843750000000e-02
-2.910156250000000000e-01
2.578125000000000000e-01
-1.156250000000000000e+00
9.882812500000000000e-01
-1.376953125000000000e-01
-1.804687500000000000e+00
2.140625000000000000e+00
1.132812500000000000e+00
1.281250000000000000e+00
1.101562500000000000e+00
1.054687500000000000e+00
-1.230468750000000000e-01
2.062500000000000000e+00
3.964843750000000000e-01
-8.554687500000000000e-01
-8.437500000000000000e-01
-1.835937500000000000e+00
1.101562500000000000e+00
-6.992187500000000000e-01
7.070312500000000000e-01
3.066406250000000000e-01
-1.648437500000000000e+00
-7.382812500000000000e-01
5.820312500000000000e-01
-6.289062500000000000e-01
-5.664062500000000000e-01
1.601562500000000000e+00
-3.613281250000000000e-01
-5.429687500000000000e-01
4.531250000000000000e-01
-1.039062500000000000e+00
1.101562500000000000e+00
2.158203125000000000e-01
-1.554687500000000000e+00
-1.007812500000000000e+00
1.710937500000000000e+00
9.062500000000000000e-01
1.085937500000000000e+00
4.296875000000000000e-02
1.898437500000000000e+00
-1.101562500000000000e+00
-9.101562500000000000e-01
1.117187500000000000e+00
-3.652343750000000000e-01
1.976562500000000000e+00
-1.601562500000000000e-01
-5.195312500000000000e-01
1.218750000000000000e+00
2.250000000000000000e+00
-6.562500000000000000e-01
-1.476562500000000000e+00
-9.228515625000000000e-02
-7.695312500000000000e-01
-1.218750000000000000e+00
-3.437500000000000000e-01
7.968750000000000000e-01
1.296875000000000000e+00
2.812500000000000000e-01
1.148437500000000000e+00
1.054687500000000000e+00
7.929687500000000000e-01
7.500000000000000000e-01
2.015625000000000000e+00
8.593750000000000000e-01
4.238281250000000000e-01
-1.101562500000000000e+00
-2.171875000000000000e+00
-5.117187500000000000e-01
-5.351562500000000000e-01
2.617187500000000000e-01
1.125000000000000000e+00
-1.257812500000000000e+00
-1.226562500000000000e+00
2.421875000000000000e+00
1.101562500000000000e+00
3.066406250000000000e-01
9.726562500000000000e-01
-3.769531250000000000e-01
-7.500000000000000000e-01
-1.414062500000000000e+00
7.539062500000000000e-01
9.179687500000000000e-01
-1.265625000000000000e+00
-3.242187500000000000e-01
-9.570312500000000000e-01
-1.845703125000000000e-01
-1.117187500000000000e+00
-3.203125000000000000e+00
-6.171875000000000000e-01
-8.710937500000000000e-01
1.406250000000000000e-01
-1.093750000000000000e+00
-8.945312500000000000e-01
-1.593750000000000000e+00
3.281250000000000000e-01
-2.703125000000000000e+00
-8.242187500000000000e-01
9.843750000000000000e-01
-9.882812500000000000e-01
-1.367187500000000000e-01
2.140625000000000000e+00
-4.238281250000000000e-01
5.781250000000000000e-01
-5.742187500000000000e-01
1.414062500000000000e+00
7.617187500000000000e-01
-1.826171875000000000e-01
9.882812500000000000e-01
-7.500000000000000000e-01
1.656250000000000000e+00
1.726562500000000000e+00
6.718750000000000000e-01
-1.429687500000000000e+00
7.851562500000000000e-01
-2.353515625000000000e-01
-9.257812500000000000e-01
3.203125000000000000e-01
1.125000000000000000e+00
7.031250000000000000e-01
4.941406250000000000e-01
3.046875000000000000e-01
4.121093750000000000e-01
9.218750000000000000e-01
-8.554687500000000000e-01
6.562500000000000000e-01
1.257812500000000000e+00
4.316406250000000000e-01
-2.234375000000000000e+00
4.472656250000000000e-01
-2.640625000000000000e+00
-1.101562500000000000e+00
-7.500000000000000000e-01
4.375000000000000000e-01
-1.726562500000000000e+00
1.884765625000000000e-01
-3.535156250000000000e-01
2.177734375000000000e-01
6.757812500000000000e-01
8.105468750000000000e-02
-1.257812500000000000e+00
5.117187500000000000e-01
2.871093750000000000e-01
-1.210937500000000000e+00
5.312500000000000000e-01
-8.867187500000000000e-01
1.242187500000000000e+00
-5.273437500000000000e-01
1.015625000000000000e+00
-8.437500000000000000e-01
6.875000000000000000e-01
-4.492187500000000000e-02
-2.796875000000000000e+00
-8.281250000000000000e-01
4.077148437500000000e-02
2.851562500000000000e-01
-1.787109375000000000e-01
-3.953125000000000000e+00
-8.398437500000000000e-01
-8.789062500000000000e-01
-1.632812500000000000e+00
-2.421875000000000000e+00
1.437500000000000000e+00
-4.902343750000000000e-01
-8.398437500000000000e-01
-9.843750000000000000e-01
1.757812500000000000e-01
-3.671875000000000000e-01
-1.125000000000000000e+00
-3.593750000000000000e-01
9.023437500000000000e-01
-1.187500000000000000e+00
-1.101562500000000000e+00
1.195312500000000000e+00
1.414062500000000000e+00
2.000000000000000000e+00
-6.132812500000000000e-01
-9.687500000000000000e-01
-1.351562500000000000e+00
-1.218750000000000000e+00
-5.429687500000000000e-01
-1.007812500000000000e+00
-1.289062500000000000e+00
-4.156250000000000000e+00
-7.539062500000000000e-01
-9.882812500000000000e-01
-7.929687500000000000e-01
9.179687500000000000e-01
1.062500000000000000e+00
-1.226562500000000000e+00
-5.742187500000000000e-01
-2.158203125000000000e-01
-9.375000000000000000e-01
-1.031250000000000000e+00
-5.000000000000000000e-01
-8.789062500000000000e-01
-8.007812500000000000e-01
6.992187500000000000e-01
8.242187500000000000e-01
-8.085937500000000000e-01
-1.304687500000000000e+00
-5.898437500000000000e-01
-1.148437500000000000e+00
-1.312500000000000000e+00
-9.179687500000000000e-01
-8.125000000000000000e-01
5.507812500000000000e-01
-5.234375000000000000e-01
-2.046875000000000000e+00
7.968750000000000000e-01
-2.203125000000000000e+00
7.773437500000000000e-01
4.707031250000000000e-01
-2.080078125000000000e-01
-1.398437500000000000e+00
-2.451171875000000000e-01
-3.300781250000000000e-01
4.824218750000000000e-01
-4.628906250000000000e-01
5.590820312500000000e-02
5.859375000000000000e-01
-4.238281250000000000e-01
-9.960937500000000000e-01
1.125000000000000000e+00
7.773437500000000000e-01
-9.960937500000000000e-01
6.992187500000000000e-01
-4.785156250000000000e-01
1.148437500000000000e+00
4.453125000000000000e-01
1.982421875000000000e-01
6.757812500000000000e-01
-2.314453125000000000e-01
1.585937500000000000e+00
1.382812500000000000e+00
2.421875000000000000e-01
1.148437500000000000e+00
1.171875000000000000e-01
1.773437500000000000e+00
-8.945312500000000000e-01
-7.968750000000000000e-01
1.382812500000000000e+00
-3.730468750000000000e-01
1.582031250000000000e-01
-1.070312500000000000e+00
1.062500000000000000e+00
7.031250000000000000e-01
5.039062500000000000e-01
-1.500000000000000000e+00
-1.007812500000000000e+00
3.339843750000000000e-01
3.828125000000000000e-01
-9.023437500000000000e-01
-8.437500000000000000e-01
3.964843750000000000e-01
9.726562500000000000e-01
1.562500000000000000e+00
-3.828125000000000000e+00
-9.804687500000000000e-01
-9.648437500000000000e-01
5.664062500000000000e-01
6.523437500000000000e-01
-1.406250000000000000e+00
1.767578125000000000e-01
8.789062500000000000e-01
1.273437500000000000e+00
2.015625000000000000e+00
-1.812500000000000000e+00
-3.515625000000000000e+00
6.500244140625000000e-03
-3.000000000000000000e+00
-1.867187500000000000e+00
1.218750000000000000e+00
-1.039062500000000000e+00
1.039062500000000000e+00
-2.714843750000000000e-01
3.574218750000000000e-01
-1.023437500000000000e+00
1.117187500000000000e+00
-4.199218750000000000e-01
3.671875000000000000e+00
-1.164062500000000000e+00
-1.687500000000000000e+00
-6.210937500000000000e-01
2.382812500000000000e-01
-2.636718750000000000e-01
3.339843750000000000e-01
-4.628906250000000000e-01
-1.875000000000000000e+00
2.359375000000000000e+00
-2.828125000000000000e+00
1.464843750000000000e-02
-4.718750000000000000e+00
-4.609375000000000000e-01
-1.320312500000000000e+00
-4.250000000000000000e+00
6.132812500000000000e-01
9.570312500000000000e-01
-7.500000000000000000e-01
1.328125000000000000e-01
-6.171875000000000000e-01
-2.187500000000000000e+00
9.882812500000000000e-01
3.242187500000000000e-01
-8.320312500000000000e-01
8.945312500000000000e-01
8.320312500000000000e-01
-3.242187500000000000e-01
6.171875000000000000e-01
-2.158203125000000000e-01
3.652343750000000000e-01
-4.218750000000000000e-01
-8.437500000000000000e-01
-1.187500000000000000e+00
6.132812500000000000e-01
1.539062500000000000e+00
-1.476562500000000000e+00
