-9.062500000000000000e-01
5.585937500000000000e-01
-1.195312500000000000e+00
7.148437500000000000e-01
-9.843750000000000000e-01
5.898437500000000000e-01
3.359375000000000000e-01
4.687500000000000000e-01
-4.863281250000000000e-01
-9.882812500000000000e-01
6.406250000000000000e-01
4.589843750000000000e-01
1.335937500000000000e+00
-2.609252929687500000e-03
3.906250000000000000e-01
8.740234375000000000e-02
-3.769531250000000000e-01
3.808593750000000000e-01
9.062500000000000000e-01
-9.882812500000000000e-01
-1.429687500000000000e+00
2.750000000000000000e+00
-5.156250000000000000e+00
-3.535156250000000000e-01
4.824218750000000000e-01
-2.343750000000000000e-02
-3.015625000000000000e+00
-1.539062500000000000e+00
-1.259765625000000000e-01
-8.398437500000000000e-01
1.117187500000000000e+00
9.687500000000000000e-01
9.531250000000000000e-01
-1.046875000000000000e+00
-6.328125000000000000e-01
-1.593750000000000000e+00
1.140625000000000000e+00
-5.000000000000000000e-01
-1.845703125000000000e-01
-1.132812500000000000e+00
-1.398437500000000000e+00
1.257812500000000000e+00
2.519531250000000000e-01
1.357421875000000000e-01
-1.875000000000000000e+00
6.445312500000000000e-01
6.054687500000000000e-01
1.435546875000000000e-01
9.062500000000000000e-01
6.757812500000000000e-01
-4.316406250000000000e-01
-1.398437500000000000e+00
1.875000000000000000e+00
1.787109375000000000e-01
9.375000000000000000e-01
6.210937500000000000e-01
-8.320312500000000000e-01
-2.375000000000000000e+00
3.378906250000000000e-01
3.339843750000000000e-01
-1.210937500000000000e+00
4.980468750000000000e-01
-1.757812500000000000e-01
1.226562500000000000e+00
1.179687500000000000e+00
-2.265625000000000000e-01
7.148437500000000000e-01
5.937500000000000000e-01
-1.650390625000000000e-01
-5.507812500000000000e-01
-1.164062500000000000e+00
2.609252929687500000e-03
-1.494140625000000000e-01
-1.562500000000000000e+00
1.460937500000000000e+00
-4.589843750000000000e-01
1.187500000000000000e+00
8.007812500000000000e-01
1.015625000000000000e+00
2.275390625000000000e-01
1.914062500000000000e+00
4.003906250000000000e-01
2.343750000000000000e-02
-5.234375000000000000e-01
-1.265625000000000000e+00
1.904296875000000000e-01
-2.519531250000000000e-01
6.367187500000000000e-01
1.445312500000000000e-01
-2.187500000000000000e+00
-4.218750000000000000e-01
7.070312500000000000e-01
-1.093750000000000000e-01
-1.708984375000000000e-01
1.132812500000000000e+00
-1.093750000000000000e+00
5.218505859375000000e-03
4.003906250000000000e-01
-1.898437500000000000e+00
9.570312500000000000e-01
6.015625000000000000e-01
-2.265625000000000000e+00
-8.242187500000000000e-01
1.750000000000000000e+00
1.195312500000000000e+00
1.031250000000000000e+00
-1.826171875000000000e-01
1.523437500000000000e+00
-1.382812500000000000e+00
-6.054687500000000000e-01
1.218750000000000000e+00
-1.312500000000000000e+00
1.710937500000000000e+00
7.382812500000000000e-01
-1.062500000000000000e+00
1.320312500000000000e+00
1.382812500000000000e+00
-2.236328125000000000e-01
-1.976562500000000000e+00
-2.080078125000000000e-01
-6.250000000000000000e-01
-1.414062500000000000e+00
-7.382812500000000000e-01
3.144531250000000000e-01
1.023437500000000000e+00
2.314453125000000000e-01
1.132812500000000000e+00
1.382812500000000000e+00
8.554687500000000000e-01
5.195312500000000000e-01
1.617187500000000000e+00
7.148437500000000000e-01
3.203125000000000000e-01
-1.187500000000000000e+00
-7.958984375000000000e-02
-2.031250000000000000e-01
-1.259765625000000000e-01
2.890625000000000000e-01
8.125000000000000000e-01
-1.000000000000000000e+00
-8.554687500000000000e-01
1.375000000000000000e+00
9.179687500000000000e-01
1.434326171875000000e-02
9.101562500000000000e-01
-1.460937500000000000e+00
-2.871093750000000000e-01
-1.554687500000000000e+00
7.148437500000000000e-01
7.070312500000000000e-01
-2.558593750000000000e-01
-1.148437500000000000e+00
-8.281250000000000000e-01
-7.460937500000000000e-01
-1.554687500000000000e+00
-2.312500000000000000e+00
-1.117187500000000000e+00
-9.218750000000000000e-01
-5.000000000000000000e-01
-1.312500000000000000e+00
-6.210937500000000000e-01
-3.339843750000000000e-01
3.964843750000000000e-01
-1.664062500000000000e+00
-6.835937500000000000e-01
1.179687500000000000e+00
-1.132812500000000000e+00
3.281250000000000000e-01
1.875000000000000000e+00
-6.132812500000000000e-01
2.343750000000000000e-01
-2.109375000000000000e-01
1.398437500000000000e+00
7.343750000000000000e-01
-4.238281250000000000e-01
1.054687500000000000e+00
-3.378906250000000000e-01
1.476562500000000000e+00
7.343750000000000000e-01
5.351562500000000000e-01
-1.039062500000000000e+00
7.851562500000000000e-01
-1.982421875000000000e-01
-6.367187500000000000e-01
-3.105468750000000000e-01
1.460937500000000000e+00
5.429687500000000000e-01
2.216796875000000000e-01
6.523437500000000000e-01
3.769531250000000000e-01
7.968750000000000000e-01
-1.054687500000000000e+00
8.476562500000000000e-01
1.164062500000000000e+00
2.500000000000000000e-01
-1.625000000000000000e+00
1.503906250000000000e-01
-1.992187500000000000e+00
-1.101562500000000000e+00
-6.875000000000000000e-01
3.964843750000000000e-01
-9.960937500000000000e-01
-2.519531250000000000e-01
-9.335937500000000000e-01
-2.890625000000000000e-01
8.945312500000000000e-01
1.132812500000000000e-01
-1.625000000000000000e+00
6.132812500000000000e-01
5.156250000000000000e-01
-1.242187500000000000e+00
6.992187500000000000e-01
-1.500000000000000000e+00
6.875000000000000000e-01
-1.062500000000000000e+00
1.179687500000000000e+00
-1.669921875000000000e-01
2.314453125000000000e-01
-1.914062500000000000e+00
-2.515625000000000000e+00
-6.562500000000000000e-01
-6.679687500000000000e-01
2.265625000000000000e-01
3.784179687500000000e-02
-3.312500000000000000e+00
-7.656250000000000000e-01
-2.187500000000000000e-01
-2.296875000000000000e+00
-1.914062500000000000e+00
7.617187500000000000e-01
-2.421875000000000000e-01
-9.912109375000000000e-02
-9.912109375000000000e-02
-2.353515625000000000e-01
2.001953125000000000e-01
-1.625000000000000000e+00
-7.187500000000000000e-01
3.203125000000000000e-01
-9.492187500000000000e-01
-1.273437500000000000e+00
1.085937500000000000e+00
1.296875000000000000e+00
1.435546875000000000e-01
-1.125000000000000000e+00
-9.062500000000000000e-01
-1.039062500000000000e+00
-1.132812500000000000e+00
-8.085937500000000000e-01
-6.328125000000000000e-01
-1.812500000000000000e+00
-4.062500000000000000e+00
-7.148437500000000000e-01
-6.718750000000000000e-01
-1.093750000000000000e+00
8.750000000000000000e-01
6.875000000000000000e-01
-1.125000000000000000e+00
-7.304687500000000000e-01
-6.210937500000000000e-01
-1.335937500000000000e+00
-1.257812500000000000e+00
8.935546875000000000e-02
-8.437500000000000000e-01
-4.902343750000000000e-01
5.312500000000000000e-01
3.437500000000000000e-01
-7.343750000000000000e-01
-6.523437500000000000e-01
-2.070312500000000000e-01
-1.476562500000000000e+00
-1.773437500000000000e+00
-5.429687500000000000e-01
-7.773437500000000000e-01
5.703125000000000000e-01
-2.578125000000000000e-01
-1.210937500000000000e+00
1.023437500000000000e+00
-1.531250000000000000e+00
7.617187500000000000e-01
3.378906250000000000e-01
-1.250000000000000000e-01
-1.523437500000000000e+00
4.140625000000000000e-01
-3.964843750000000000e-01
7.812500000000000000e-01
-5.195312500000000000e-01
5.590820312500000000e-02
4.472656250000000000e-01
-1.171875000000000000e-01
-9.179687500000000000e-01
1.023437500000000000e+00
4.980468750000000000e-01
-5.468750000000000000e-01
3.457031250000000000e-01
-1.148437500000000000e+00
1.031250000000000000e+00
4.296875000000000000e-01
-4.218750000000000000e-01
9.804687500000000000e-01
-9.130859375000000000e-02
1.398437500000000000e+00
1.070312500000000000e+00
4.941406250000000000e-01
1.164062500000000000e+00
2.734375000000000000e-01
9.492187500000000000e-01
-8.242187500000000000e-01
-5.981445312500000000e-02
9.492187500000000000e-01
1.513671875000000000e-01
1.845703125000000000e-01
-1.625000000000000000e+00
1.039062500000000000e+00
7.031250000000000000e-01
3.535156250000000000e-01
-1.585937500000000000e+00
-1.742187500000000000e+00
4.785156250000000000e-01
3.496093750000000000e-01
-1.210937500000000000e+00
-1.632812500000000000e+00
4.277343750000000000e-01
6.562500000000000000e-01
1.437500000000000000e+00
-3.171875000000000000e+00
-9.570312500000000000e-01
-1.109375000000000000e+00
7.177734375000000000e-02
4.316406250000000000e-01
-1.562500000000000000e+00
-4.296875000000000000e-02
6.601562500000000000e-01
1.007812500000000000e+00
1.718750000000000000e+00
-1.476562500000000000e+00
-3.000000000000000000e+00
-4.941406250000000000e-01
-2.171875000000000000e+00
-7.187500000000000000e-01
2.062500000000000000e+00
-1.015625000000000000e+00
6.679687500000000000e-01
5.820312500000000000e-01
4.531250000000000000e-01
-9.882812500000000000e-01
1.117187500000000000e+00
-1.531250000000000000e+00
2.703125000000000000e+00
-1.710937500000000000e+00
-4.160156250000000000e-01
-1.437500000000000000e+00
3.964843750000000000e-01
-6.933593750000000000e-02
6.250000000000000000e-01
-2.031250000000000000e-01
-6.171875000000000000e-01
1.132812500000000000e+00
-2.296875000000000000e+00
-3.906250000000000000e-01
-4.406250000000000000e+00
-9.492187500000000000e-01
-6.914062500000000000e-01
-3.750000000000000000e+00
7.304687500000000000e-01
9.414062500000000000e-01
-1.093750000000000000e+00
-2.636718750000000000e-01
-7.187500000000000000e-01
-1.960937500000000000e+00
9.882812500000000000e-01
5.000000000000000000e-01
-1.695312500000000000e+00
8.007812500000000000e-01
1.343750000000000000e+00
-1.679687500000000000e-01
3.125000000000000000e-01
2.109375000000000000e-01
3.671875000000000000e-01
-6.835937500000000000e-01
-2.910156250000000000e-01
-1.210937500000000000e+00
7.304687500000000000e-01
1.476562500000000000e+00
-9.648437500000000000e-01
