4.218750000000000000e+00
3.066406250000000000e-01
-3.203125000000000000e+00
2.671875000000000000e+00
-5.820312500000000000e-01
2.990722656250000000e-02
1.812500000000000000e+00
1.750000000000000000e+00
-1.312500000000000000e+00
-1.960937500000000000e+00
2.234375000000000000e+00
2.062500000000000000e+00
2.500000000000000000e+00
7.070312500000000000e-01
2.484375000000000000e+00
1.320312500000000000e+00
-2.296875000000000000e+00
2.015625000000000000e+00
4.281250000000000000e+00
-3.496093750000000000e-01
-7.343750000000000000e-01
1.562500000000000000e+00
-3.359375000000000000e+00
-1.218750000000000000e+00
2.328125000000000000e+00
1.625000000000000000e+00
-2.171875000000000000e+00
-1.031250000000000000e+00
1.179687500000000000e+00
-2.562500000000000000e+00
3.703125000000000000e+00
-1.242187500000000000e+00
3.046875000000000000e+00
-1.562500000000000000e+00
-1.093750000000000000e+00
-1.726562500000000000e+00
7.470703125000000000e-02
-1.434326171875000000e-02
1.125000000000000000e+00
-8.554687500000000000e-01
-5.234375000000000000e-01
4.156250000000000000e+00
2.500000000000000000e+00
-1.343750000000000000e+00
-1.968750000000000000e+00
1.398437500000000000e+00
1.320312500000000000e+00
5.429687500000000000e-01
4.296875000000000000e-01
2.953125000000000000e+00
2.929687500000000000e-01
-1.898437500000000000e+00
3.320312500000000000e-01
-2.203125000000000000e+00
3.000000000000000000e+00
3.125000000000000000e+00
7.861328125000000000e-02
1.726562500000000000e+00
1.414062500000000000e+00
1.750000000000000000e+00
-3.828125000000000000e-01
1.500000000000000000e+00
7.539062500000000000e-01
4.031250000000000000e+00
2.734375000000000000e+00
-5.395507812500000000e-02
3.359375000000000000e+00
3.613281250000000000e-02
1.382812500000000000e+00
3.300781250000000000e-01
-2.015625000000000000e+00
1.875000000000000000e+00
1.031250000000000000e+00
-2.859375000000000000e+00
1.460937500000000000e+00
-2.875000000000000000e+00
3.875000000000000000e+00
1.539062500000000000e+00
3.546875000000000000e+00
9.218750000000000000e-01
2.671875000000000000e+00
1.804687500000000000e+00
-1.250000000000000000e+00
-9.687500000000000000e-01
-3.734375000000000000e+00
3.535156250000000000e-01
2.578125000000000000e+00
3.171875000000000000e+00
1.351562500000000000e+00
-2.375000000000000000e+00
-2.255859375000000000e-01
2.312500000000000000e+00
-3.453125000000000000e+00
7.148437500000000000e-01
-1.062500000000000000e+00
-2.109375000000000000e+00
5.843750000000000000e+00
2.250000000000000000e+00
-1.593750000000000000e+00
1.109375000000000000e+00
3.375000000000000000e+00
-2.015625000000000000e+00
-2.609375000000000000e+00
1.726562500000000000e+00
3.687500000000000000e+00
3.796875000000000000e+00
-5.039062500000000000e-01
1.679687500000000000e+00
-1.195312500000000000e+00
1.235351562500000000e-01
4.281250000000000000e+00
-2.093750000000000000e+00
5.781250000000000000e-01
-1.357421875000000000e-01
-9.687500000000000000e-01
3.750000000000000000e+00
-1.437500000000000000e+00
-1.679687500000000000e+00
-1.570312500000000000e+00
-8.554687500000000000e-01
-2.453125000000000000e+00
-1.812500000000000000e+00
-1.351562500000000000e+00
2.359375000000000000e+00
1.210937500000000000e+00
1.562500000000000000e+00
2.875000000000000000e+00
4.406250000000000000e+00
3.046875000000000000e+00
1.007812500000000000e+00
9.179687500000000000e-01
-5.742187500000000000e-01
1.726562500000000000e+00
-2.078125000000000000e+00
1.054687500000000000e+00
-4.218750000000000000e-01
2.304687500000000000e-01
2.875000000000000000e+00
3.046875000000000000e+00
-2.140625000000000000e+00
-4.707031250000000000e-01
5.273437500000000000e-01
3.375000000000000000e+00
1.289062500000000000e+00
3.078125000000000000e+00
-1.523437500000000000e+00
3.875000000000000000e+00
-1.343750000000000000e+00
2.921875000000000000e+00
2.953125000000000000e+00
4.750000000000000000e+00
-6.601562500000000000e-01
-1.898437500000000000e+00
-1.250000000000000000e-01
-1.132812500000000000e+00
1.031250000000000000e+00
-7.929687500000000000e-01
-3.066406250000000000e-01
5.590820312500000000e-02
-2.015625000000000000e+00
1.416015625000000000e-01
8.476562500000000000e-01
1.726562500000000000e+00
-1.039062500000000000e+00
7.304687500000000000e-01
4.031250000000000000e+00
-1.695312500000000000e+00
3.535156250000000000e-01
1.789062500000000000e+00
-2.406250000000000000e+00
1.648437500000000000e+00
-5.976562500000000000e-01
4.000000000000000000e+00
3.250000000000000000e+00
3.222656250000000000e-01
3.515625000000000000e+00
7.382812500000000000e-01
2.578125000000000000e+00
-3.613281250000000000e-01
2.500000000000000000e+00
1.835937500000000000e+00
3.250000000000000000e+00
-4.418945312500000000e-02
2.832031250000000000e-01
1.000000000000000000e+00
4.406250000000000000e+00
1.960937500000000000e+00
8.632812500000000000e-01
-6.210937500000000000e-01
1.312500000000000000e+00
2.671875000000000000e+00
-9.179687500000000000e-01
2.953125000000000000e+00
3.859375000000000000e+00
1.929687500000000000e+00
2.296875000000000000e+00
-1.826171875000000000e-01
1.460937500000000000e+00
-1.429687500000000000e+00
-1.132812500000000000e+00
7.539062500000000000e-01
3.015625000000000000e+00
-7.929687500000000000e-01
-1.812500000000000000e+00
8.320312500000000000e-01
3.375000000000000000e+00
-1.203125000000000000e+00
-1.648437500000000000e+00
2.703125000000000000e+00
2.687500000000000000e+00
-1.960937500000000000e+00
2.953125000000000000e+00
-1.695312500000000000e+00
1.460937500000000000e+00
-1.601562500000000000e+00
4.750000000000000000e+00
3.562500000000000000e+00
2.546875000000000000e+00
-1.085937500000000000e+00
1.851562500000000000e+00
-9.648437500000000000e-01
1.085937500000000000e+00
1.281250000000000000e+00
1.708984375000000000e-01
-4.687500000000000000e-01
-2.609375000000000000e+00
8.300781250000000000e-02
-1.914062500000000000e+00
4.121093750000000000e-01
1.195312500000000000e+00
-1.539062500000000000e+00
4.843750000000000000e+00
2.796875000000000000e+00
-4.121093750000000000e-01
-5.346679687500000000e-02
-1.718750000000000000e+00
2.236328125000000000e-01
2.031250000000000000e+00
-3.062500000000000000e+00
-2.046875000000000000e+00
3.437500000000000000e+00
3.652343750000000000e-01
-3.078125000000000000e+00
1.225585937500000000e-01
3.066406250000000000e-01
-4.218750000000000000e-01
-4.003906250000000000e-01
-4.765625000000000000e-01
-2.343750000000000000e-01
-1.812500000000000000e+00
-2.294921875000000000e-01
-2.687500000000000000e+00
4.062500000000000000e+00
-1.625000000000000000e+00
2.578125000000000000e+00
2.558593750000000000e-01
-2.671875000000000000e+00
-3.140625000000000000e+00
-1.367187500000000000e+00
-1.585937500000000000e+00
-1.914062500000000000e+00
-2.014160156250000000e-02
-1.492187500000000000e+00
-3.515625000000000000e-01
1.492187500000000000e+00
-1.104736328125000000e-02
-2.234375000000000000e+00
-1.445312500000000000e-01
1.054687500000000000e+00
-1.664062500000000000e+00
-7.968750000000000000e-01
-2.470703125000000000e-01
-2.109375000000000000e+00
2.234375000000000000e+00
-1.494140625000000000e-01
1.826171875000000000e-01
3.453125000000000000e+00
2.562500000000000000e+00
2.328125000000000000e+00
2.828125000000000000e+00
2.437500000000000000e+00
-1.500000000000000000e+00
1.523437500000000000e+00
-9.960937500000000000e-01
1.335937500000000000e+00
7.128906250000000000e-02
1.601562500000000000e+00
1.812500000000000000e+00
-7.187500000000000000e-01
-2.484375000000000000e+00
1.742187500000000000e+00
2.187500000000000000e+00
-1.757812500000000000e+00
1.710937500000000000e+00
-1.500000000000000000e+00
3.062500000000000000e+00
2.250000000000000000e+00
6.914062500000000000e-01
2.656250000000000000e+00
1.210937500000000000e+00
1.070312500000000000e+00
6.396484375000000000e-02
4.562500000000000000e+00
3.625000000000000000e+00
2.078125000000000000e+00
2.375000000000000000e+00
-1.085937500000000000e+00
2.140625000000000000e+00
5.351562500000000000e-01
8.710937500000000000e-01
1.992187500000000000e+00
-1.757812500000000000e-01
1.375000000000000000e+00
2.750000000000000000e+00
1.625000000000000000e+00
-2.609375000000000000e+00
-1.820312500000000000e+00
2.937500000000000000e+00
1.960937500000000000e+00
-1.835937500000000000e+00
-2.609375000000000000e+00
2.250000000000000000e+00
3.078125000000000000e+00
1.500000000000000000e+00
-1.554687500000000000e+00
-2.406250000000000000e+00
-6.494140625000000000e-02
9.648437500000000000e-01
1.164062500000000000e+00
-2.687500000000000000e+00
1.460937500000000000e+00
2.546875000000000000e+00
2.312500000000000000e+00
1.593750000000000000e+00
-3.171875000000000000e+00
-2.140625000000000000e+00
3.593750000000000000e-01
2.187500000000000000e+00
4.003906250000000000e-01
-1.494140625000000000e-01
-1.992187500000000000e+00
2.828125000000000000e+00
2.921875000000000000e+00
2.328125000000000000e+00
-1.210937500000000000e+00
4.250000000000000000e+00
-5.039062500000000000e-01
6.445312500000000000e-01
-1.601562500000000000e+00
-2.031250000000000000e-01
-1.265625000000000000e+00
2.203125000000000000e+00
-9.257812500000000000e-01
3.234375000000000000e+00
-8.476562500000000000e-01
8.437500000000000000e-01
-6.835937500000000000e-01
1.093750000000000000e-01
-3.964843750000000000e-01
-2.703125000000000000e+00
-6.757812500000000000e-01
-1.650390625000000000e-01
-1.125000000000000000e+00
2.921875000000000000e+00
1.656250000000000000e+00
1.689453125000000000e-01
1.476562500000000000e+00
-1.398437500000000000e+00
-3.875000000000000000e+00
3.062500000000000000e+00
2.437500000000000000e+00
-1.343750000000000000e+00
2.328125000000000000e+00
4.218750000000000000e+00
-1.335937500000000000e+00
2.234375000000000000e+00
-2.734375000000000000e-01
1.460937500000000000e+00
-2.792968750000000000e-01
-7.812500000000000000e-01
-2.578125000000000000e+00
2.640625000000000000e+00
-3.222656250000000000e-01
2.578125000000000000e+00
