6.640625000000000000e-01
7.773437500000000000e-01
-2.312500000000000000e+00
1.687500000000000000e+00
-5.117187500000000000e-01
2.275390625000000000e-01
1.296875000000000000e+00
1.179687500000000000e+00
-1.265625000000000000e+00
-1.898437500000000000e+00
1.539062500000000000e+00
1.695312500000000000e+00
2.328125000000000000e+00
5.742187500000000000e-01
1.437500000000000000e+00
6.132812500000000000e-01
-9.726562500000000000e-01
1.289062500000000000e+00
1.382812500000000000e+00
-6.210937500000000000e-01
-1.357421875000000000e-01
1.976562500000000000e+00
-5.343750000000000000e+00
-6.640625000000000000e-01
1.460937500000000000e+00
9.492187500000000000e-01
-3.921875000000000000e+00
-1.101562500000000000e+00
8.710937500000000000e-01
-1.960937500000000000e+00
2.046875000000000000e+00
7.177734375000000000e-02
1.906250000000000000e+00
-6.445312500000000000e-01
-1.039062500000000000e+00
-1.960937500000000000e+00
1.572265625000000000e-01
-2.343750000000000000e-02
4.062500000000000000e-01
-1.552734375000000000e-01
-3.769531250000000000e-01
2.593750000000000000e+00
1.875000000000000000e+00
-7.500000000000000000e-01
-2.046875000000000000e+00
1.156250000000000000e+00
1.210937500000000000e+00
5.000000000000000000e-01
6.523437500000000000e-01
1.375000000000000000e+00
1.728515625000000000e-01
-2.109375000000000000e+00
8.476562500000000000e-01
-1.460937500000000000e+00
1.773437500000000000e+00
1.007812500000000000e+00
7.617187500000000000e-01
-1.406250000000000000e+00
9.335937500000000000e-01
1.210937500000000000e+00
-3.637695312500000000e-02
1.156250000000000000e+00
5.507812500000000000e-01
2.671875000000000000e+00
2.375000000000000000e+00
2.080078125000000000e-01
1.812500000000000000e+00
2.519531250000000000e-01
1.328125000000000000e+00
7.500000000000000000e-01
-2.046875000000000000e+00
1.539062500000000000e+00
8.007812500000000000e-01
-1.687500000000000000e+00
2.140625000000000000e+00
-1.187500000000000000e+00
2.796875000000000000e+00
1.257812500000000000e+00
2.390625000000000000e+00
4.082031250000000000e-01
2.625000000000000000e+00
1.015625000000000000e+00
-7.617187500000000000e-01
-8.554687500000000000e-01
-2.515625000000000000e+00
6.132812500000000000e-01
2.714843750000000000e-01
1.789062500000000000e+00
7.656250000000000000e-01
-2.765625000000000000e+00
-9.521484375000000000e-02
1.960937500000000000e+00
-1.914062500000000000e+00
7.031250000000000000e-01
1.435546875000000000e-01
-1.695312500000000000e+00
2.125000000000000000e+00
1.460937500000000000e+00
-2.078125000000000000e+00
9.648437500000000000e-01
1.289062500000000000e+00
-2.203125000000000000e+00
-1.851562500000000000e+00
1.820312500000000000e+00
1.914062500000000000e+00
2.437500000000000000e+00
-5.312500000000000000e-01
1.593750000000000000e+00
-1.195312500000000000e+00
3.808593750000000000e-01
2.578125000000000000e+00
-1.570312500000000000e+00
7.382812500000000000e-01
2.031250000000000000e-01
-8.437500000000000000e-01
2.671875000000000000e+00
5.039062500000000000e-01
-1.070312500000000000e+00
-1.695312500000000000e+00
-8.945312500000000000e-01
-1.648437500000000000e+00
-2.109375000000000000e+00
-3.457031250000000000e-01
1.539062500000000000e+00
1.117187500000000000e+00
7.070312500000000000e-01
2.265625000000000000e+00
2.359375000000000000e+00
1.937500000000000000e+00
9.570312500000000000e-01
1.148437500000000000e+00
5.625000000000000000e-01
1.085937500000000000e+00
-1.273437500000000000e+00
-9.492187500000000000e-01
6.591796875000000000e-02
3.769531250000000000e-01
1.320312500000000000e+00
2.312500000000000000e+00
-1.648437500000000000e+00
-6.445312500000000000e-01
1.078125000000000000e+00
2.265625000000000000e+00
6.601562500000000000e-01
2.078125000000000000e+00
-1.187500000000000000e+00
1.257812500000000000e+00
-1.826171875000000000e-01
1.625000000000000000e+00
1.867187500000000000e+00
1.414062500000000000e+00
-3.281250000000000000e-01
-1.656250000000000000e+00
-5.117187500000000000e-01
-1.242187500000000000e+00
-1.445312500000000000e+00
-2.617187500000000000e-01
-1.157226562500000000e-01
2.949218750000000000e-01
-1.343750000000000000e+00
1.088867187500000000e-01
-2.478027343750000000e-02
1.101562500000000000e+00
-2.390625000000000000e+00
6.875000000000000000e-01
2.296875000000000000e+00
-1.773437500000000000e+00
-1.054687500000000000e-01
1.851562500000000000e+00
-1.679687500000000000e+00
1.343750000000000000e+00
-8.164062500000000000e-01
2.734375000000000000e+00
1.960937500000000000e+00
1.455078125000000000e-01
2.375000000000000000e+00
3.984375000000000000e-01
2.046875000000000000e+00
2.014160156250000000e-02
1.648437500000000000e+00
-1.767578125000000000e-01
2.046875000000000000e+00
4.863281250000000000e-01
3.984375000000000000e-01
1.218750000000000000e+00
2.453125000000000000e+00
1.617187500000000000e+00
8.242187500000000000e-01
-7.656250000000000000e-01
9.062500000000000000e-01
1.851562500000000000e+00
-3.886718750000000000e-01
1.710937500000000000e+00
2.703125000000000000e+00
1.351562500000000000e+00
-4.277343750000000000e-01
-3.535156250000000000e-01
-1.382812500000000000e+00
-1.562500000000000000e+00
-1.132812500000000000e+00
6.992187500000000000e-01
4.589843750000000000e-01
-8.281250000000000000e-01
-1.062500000000000000e+00
4.902343750000000000e-01
1.742187500000000000e+00
5.898437500000000000e-01
-1.585937500000000000e+00
1.601562500000000000e+00
1.398437500000000000e+00
-1.539062500000000000e+00
1.625000000000000000e+00
-1.710937500000000000e+00
1.148437500000000000e+00
-1.156250000000000000e+00
2.640625000000000000e+00
1.343750000000000000e+00
1.726562500000000000e+00
-3.808593750000000000e-01
-1.242187500000000000e+00
-1.234375000000000000e+00
5.742187500000000000e-01
9.414062500000000000e-01
3.457031250000000000e-01
-2.812500000000000000e+00
-2.031250000000000000e+00
9.619140625000000000e-02
-2.109375000000000000e+00
-1.046875000000000000e+00
1.070312500000000000e+00
-1.273437500000000000e+00
1.742187500000000000e+00
1.640625000000000000e-01
-4.902343750000000000e-01
-1.835937500000000000e-01
-1.875000000000000000e+00
3.671875000000000000e-01
1.398437500000000000e+00
-2.640625000000000000e+00
-2.187500000000000000e+00
2.531250000000000000e+00
7.851562500000000000e-01
-4.296875000000000000e-01
2.600097656250000000e-02
3.144531250000000000e-01
-5.429687500000000000e-01
-8.437500000000000000e-01
-8.125000000000000000e-01
-3.046875000000000000e-01
-1.820312500000000000e+00
-3.078125000000000000e+00
-2.000000000000000000e+00
7.812500000000000000e-01
-1.625000000000000000e+00
1.937500000000000000e+00
3.105468750000000000e-01
-1.937500000000000000e+00
-2.015625000000000000e+00
-9.687500000000000000e-01
-6.718750000000000000e-01
-9.843750000000000000e-01
7.773437500000000000e-01
-1.585937500000000000e+00
-2.734375000000000000e-01
1.289062500000000000e+00
-6.835937500000000000e-02
-1.109375000000000000e+00
-2.070312500000000000e-01
9.062500000000000000e-01
-1.773437500000000000e+00
-7.968750000000000000e-01
-6.289062500000000000e-01
-1.437500000000000000e+00
1.437500000000000000e+00
4.370117187500000000e-02
-1.265625000000000000e+00
2.046875000000000000e+00
-2.500000000000000000e-01
1.585937500000000000e+00
1.304687500000000000e+00
1.320312500000000000e+00
-1.710937500000000000e+00
1.976562500000000000e+00
-9.882812500000000000e-01
1.601562500000000000e+00
-2.353515625000000000e-01
8.320312500000000000e-01
1.265625000000000000e+00
-8.320312500000000000e-01
-1.500000000000000000e+00
1.531250000000000000e+00
1.476562500000000000e+00
-1.289062500000000000e+00
1.367187500000000000e+00
-1.351562500000000000e+00
2.390625000000000000e+00
1.320312500000000000e+00
9.726562500000000000e-01
1.851562500000000000e+00
6.875000000000000000e-01
1.179687500000000000e+00
4.785156250000000000e-01
1.976562500000000000e+00
2.546875000000000000e+00
1.023437500000000000e+00
2.109375000000000000e+00
-1.335937500000000000e+00
-1.357421875000000000e-01
7.148437500000000000e-01
6.601562500000000000e-01
1.054687500000000000e+00
4.687500000000000000e-01
1.117187500000000000e+00
1.773437500000000000e+00
1.164062500000000000e+00
-1.523437500000000000e+00
-1.898437500000000000e+00
1.460937500000000000e+00
1.062500000000000000e+00
-1.812500000000000000e+00
-2.140625000000000000e+00
1.304687500000000000e+00
2.109375000000000000e+00
1.460937500000000000e+00
-3.062500000000000000e+00
-1.492187500000000000e+00
6.494140625000000000e-02
1.007812500000000000e+00
1.109375000000000000e+00
-1.695312500000000000e+00
1.070312500000000000e+00
1.898437500000000000e+00
1.835937500000000000e+00
1.601562500000000000e+00
-2.453125000000000000e+00
-4.031250000000000000e+00
3.281250000000000000e-01
-9.101562500000000000e-01
-4.707031250000000000e-01
3.378906250000000000e-01
-2.109375000000000000e+00
1.835937500000000000e+00
1.875000000000000000e+00
1.304687500000000000e+00
-1.335937500000000000e+00
2.796875000000000000e+00
-6.030273437500000000e-02
1.648437500000000000e+00
-1.554687500000000000e+00
-4.160156250000000000e-01
-1.281250000000000000e+00
1.101562500000000000e+00
-2.990722656250000000e-02
1.414062500000000000e+00
-2.373046875000000000e-01
-3.378906250000000000e-01
2.343750000000000000e-01
-1.476562500000000000e+00
-1.308593750000000000e-01
-4.562500000000000000e+00
-5.664062500000000000e-01
-3.750000000000000000e-01
-3.312500000000000000e+00
1.601562500000000000e+00
1.460937500000000000e+00
6.093750000000000000e-01
4.785156250000000000e-01
-1.500000000000000000e+00
-2.671875000000000000e+00
2.078125000000000000e+00
1.023437500000000000e+00
-1.015625000000000000e+00
1.750000000000000000e+00
2.062500000000000000e+00
-3.300781250000000000e-01
1.312500000000000000e+00
-5.859375000000000000e-02
1.085937500000000000e+00
-3.535156250000000000e-01
-7.812500000000000000e-01
-1.539062500000000000e+00
1.648437500000000000e+00
8.593750000000000000e-01
2.236328125000000000e-01
