2.109375000000000000e+00
6.132812500000000000e-01
-2.750000000000000000e+00
2.046875000000000000e+00
-8.242187500000000000e-01
-6.289062500000000000e-01
1.203125000000000000e+00
1.406250000000000000e+00
-1.562500000000000000e+00
-2.234375000000000000e+00
1.625000000000000000e+00
1.867187500000000000e+00
2.375000000000000000e+00
5.703125000000000000e-01
1.750000000000000000e+00
6.523437500000000000e-01
-1.601562500000000000e+00
1.601562500000000000e+00
2.890625000000000000e+00
-9.326171875000000000e-02
-5.937500000000000000e-01
1.437500000000000000e+00
-4.781250000000000000e+00
-5.820312500000000000e-01
1.835937500000000000e+00
1.210937500000000000e+00
-3.500000000000000000e+00
-1.523437500000000000e+00
1.320312500000000000e+00
-2.562500000000000000e+00
2.687500000000000000e+00
-1.304687500000000000e+00
2.437500000000000000e+00
-1.414062500000000000e+00
-1.601562500000000000e+00
-1.976562500000000000e+00
-4.765625000000000000e-01
8.349609375000000000e-02
6.679687500000000000e-01
-2.404785156250000000e-02
-8.554687500000000000e-01
3.203125000000000000e+00
2.234375000000000000e+00
-7.539062500000000000e-01
-2.578125000000000000e+00
8.945312500000000000e-01
1.179687500000000000e+00
7.851562500000000000e-01
6.884765625000000000e-02
1.968750000000000000e+00
7.304687500000000000e-01
-2.375000000000000000e+00
1.098632812500000000e-01
-1.523437500000000000e+00
2.359375000000000000e+00
2.062500000000000000e+00
9.531250000000000000e-01
1.040039062500000000e-01
1.164062500000000000e+00
1.398437500000000000e+00
2.890625000000000000e-01
9.570312500000000000e-01
1.062500000000000000e+00
3.062500000000000000e+00
2.515625000000000000e+00
1.748046875000000000e-01
2.453125000000000000e+00
2.060546875000000000e-01
1.875000000000000000e+00
1.992187500000000000e-01
-2.078125000000000000e+00
9.257812500000000000e-01
1.164062500000000000e+00
-2.156250000000000000e+00
1.562500000000000000e+00
-2.484375000000000000e+00
3.109375000000000000e+00
1.054687500000000000e+00
2.656250000000000000e+00
6.054687500000000000e-01
2.578125000000000000e+00
1.156250000000000000e+00
-6.679687500000000000e-01
-5.273437500000000000e-01
-2.734375000000000000e+00
-2.021484375000000000e-01
1.054687500000000000e+00
2.265625000000000000e+00
9.335937500000000000e-01
-3.203125000000000000e+00
3.906250000000000000e-01
2.390625000000000000e+00
-2.046875000000000000e+00
1.226562500000000000e+00
-8.789062500000000000e-01
-2.515625000000000000e+00
3.578125000000000000e+00
1.726562500000000000e+00
-3.078125000000000000e+00
7.929687500000000000e-01
2.046875000000000000e+00
-2.562500000000000000e+00
-2.046875000000000000e+00
1.750000000000000000e+00
2.593750000000000000e+00
2.859375000000000000e+00
-7.500000000000000000e-01
1.203125000000000000e+00
-1.273437500000000000e+00
9.375000000000000000e-01
3.171875000000000000e+00
-2.625000000000000000e+00
2.236328125000000000e-01
7.187500000000000000e-01
-1.062500000000000000e+00
2.984375000000000000e+00
-8.750000000000000000e-01
-8.750000000000000000e-01
-1.835937500000000000e+00
-1.007812500000000000e+00
-2.296875000000000000e+00
-2.328125000000000000e+00
-9.570312500000000000e-01
1.351562500000000000e+00
7.695312500000000000e-01
8.867187500000000000e-01
2.484375000000000000e+00
3.203125000000000000e+00
2.265625000000000000e+00
8.476562500000000000e-01
5.898437500000000000e-01
9.130859375000000000e-02
1.125000000000000000e+00
-1.789062500000000000e+00
9.179687500000000000e-01
4.921875000000000000e-01
6.992187500000000000e-01
1.742187500000000000e+00
2.578125000000000000e+00
-2.078125000000000000e+00
-2.333984375000000000e-01
3.671875000000000000e-01
2.500000000000000000e+00
6.171875000000000000e-01
2.359375000000000000e+00
-1.960937500000000000e+00
2.171875000000000000e+00
-5.273437500000000000e-01
1.914062500000000000e+00
2.000000000000000000e+00
3.187500000000000000e+00
-9.218750000000000000e-01
-1.851562500000000000e+00
-7.382812500000000000e-01
-1.367187500000000000e+00
-2.392578125000000000e-01
-5.898437500000000000e-01
-2.087402343750000000e-02
-2.333984375000000000e-01
-1.976562500000000000e+00
4.472656250000000000e-01
9.335937500000000000e-01
1.406250000000000000e+00
-1.398437500000000000e+00
1.117187500000000000e+00
3.046875000000000000e+00
-2.078125000000000000e+00
2.451171875000000000e-01
1.570312500000000000e+00
-2.234375000000000000e+00
1.289062500000000000e+00
-3.496093750000000000e-01
3.187500000000000000e+00
2.390625000000000000e+00
2.236328125000000000e-01
2.859375000000000000e+00
9.570312500000000000e-01
2.250000000000000000e+00
-9.492187500000000000e-01
1.851562500000000000e+00
4.628906250000000000e-01
2.453125000000000000e+00
5.898437500000000000e-01
9.257812500000000000e-01
1.257812500000000000e+00
3.203125000000000000e+00
1.656250000000000000e+00
8.320312500000000000e-01
-1.156250000000000000e+00
9.804687500000000000e-01
2.015625000000000000e+00
-4.433593750000000000e-01
2.296875000000000000e+00
3.125000000000000000e+00
1.437500000000000000e+00
6.718750000000000000e-01
-6.171875000000000000e-01
-2.558593750000000000e-01
-1.632812500000000000e+00
-1.054687500000000000e+00
7.187500000000000000e-01
1.656250000000000000e+00
-1.093750000000000000e+00
-2.109375000000000000e+00
4.316406250000000000e-01
2.515625000000000000e+00
2.949218750000000000e-01
-1.625000000000000000e+00
2.000000000000000000e+00
1.960937500000000000e+00
-2.062500000000000000e+00
2.250000000000000000e+00
-2.250000000000000000e+00
8.554687500000000000e-01
-2.140625000000000000e+00
3.328125000000000000e+00
2.562500000000000000e+00
1.789062500000000000e+00
-1.523437500000000000e+00
-2.871093750000000000e-01
-1.031250000000000000e+00
6.367187500000000000e-01
9.687500000000000000e-01
4.531250000000000000e-01
-1.789062500000000000e+00
-2.437500000000000000e+00
6.054687500000000000e-01
-2.500000000000000000e+00
-5.429687500000000000e-01
2.031250000000000000e-01
-1.382812500000000000e+00
3.187500000000000000e+00
1.351562500000000000e+00
-8.945312500000000000e-01
9.094238281250000000e-03
-2.250000000000000000e+00
-3.671875000000000000e-01
1.265625000000000000e+00
-2.953125000000000000e+00
-2.609375000000000000e+00
2.765625000000000000e+00
6.601562500000000000e-01
-2.250000000000000000e+00
-7.500000000000000000e-01
7.304687500000000000e-01
-3.247070312500000000e-02
-5.117187500000000000e-01
-1.085937500000000000e+00
4.418945312500000000e-02
-2.078125000000000000e+00
-2.421875000000000000e+00
-2.515625000000000000e+00
1.664062500000000000e+00
-1.976562500000000000e+00
2.140625000000000000e+00
-4.941406250000000000e-01
-2.500000000000000000e+00
-2.687500000000000000e+00
-1.468750000000000000e+00
-1.554687500000000000e+00
-1.960937500000000000e+00
1.351562500000000000e+00
-1.875000000000000000e+00
-7.070312500000000000e-01
1.093750000000000000e+00
-4.394531250000000000e-01
-1.750000000000000000e+00
4.082031250000000000e-01
1.460937500000000000e+00
-1.882812500000000000e+00
-4.609375000000000000e-01
-3.203125000000000000e-01
-2.093750000000000000e+00
1.710937500000000000e+00
2.832031250000000000e-01
-3.613281250000000000e-01
2.703125000000000000e+00
9.335937500000000000e-01
1.750000000000000000e+00
1.625000000000000000e+00
1.710937500000000000e+00
-1.906250000000000000e+00
2.921875000000000000e+00
-1.148437500000000000e+00
1.875000000000000000e+00
-1.196289062500000000e-01
1.164062500000000000e+00
1.320312500000000000e+00
-6.875000000000000000e-01
-2.125000000000000000e+00
1.507812500000000000e+00
1.523437500000000000e+00
-9.687500000000000000e-01
1.351562500000000000e+00
-2.046875000000000000e+00
2.734375000000000000e+00
1.695312500000000000e+00
8.125000000000000000e-01
2.375000000000000000e+00
7.500000000000000000e-01
8.437500000000000000e-01
1.015625000000000000e-01
2.828125000000000000e+00
3.000000000000000000e+00
1.312500000000000000e+00
1.781250000000000000e+00
-1.179687500000000000e+00
7.031250000000000000e-01
2.929687500000000000e-01
1.281250000000000000e+00
1.382812500000000000e+00
5.781250000000000000e-01
9.414062500000000000e-01
2.140625000000000000e+00
1.140625000000000000e+00
-2.046875000000000000e+00
-2.484375000000000000e+00
2.062500000000000000e+00
1.304687500000000000e+00
-2.125000000000000000e+00
-3.140625000000000000e+00
1.648437500000000000e+00
2.156250000000000000e+00
1.273437500000000000e+00
-2.375000000000000000e+00
-2.234375000000000000e+00
6.250000000000000000e-02
1.007812500000000000e+00
9.960937500000000000e-01
-2.375000000000000000e+00
1.132812500000000000e+00
2.078125000000000000e+00
1.750000000000000000e+00
1.281250000000000000e+00
-2.671875000000000000e+00
-3.484375000000000000e+00
2.070312500000000000e-01
4.375000000000000000e-01
6.132812500000000000e-01
-1.445312500000000000e-01
-2.250000000000000000e+00
1.960937500000000000e+00
2.828125000000000000e+00
1.710937500000000000e+00
-1.179687500000000000e+00
3.375000000000000000e+00
-8.476562500000000000e-01
5.195312500000000000e-01
-1.867187500000000000e+00
4.843750000000000000e-01
-1.835937500000000000e+00
1.507812500000000000e+00
-4.121093750000000000e-01
2.078125000000000000e+00
-2.060546875000000000e-01
7.812500000000000000e-01
-7.382812500000000000e-01
-8.945312500000000000e-01
-6.210937500000000000e-01
-4.062500000000000000e+00
-6.875000000000000000e-01
2.832031250000000000e-01
-2.578125000000000000e+00
2.093750000000000000e+00
1.398437500000000000e+00
9.531250000000000000e-01
5.820312500000000000e-01
-1.625000000000000000e+00
-3.250000000000000000e+00
2.546875000000000000e+00
1.476562500000000000e+00
-1.523437500000000000e+00
1.875000000000000000e+00
3.000000000000000000e+00
-6.914062500000000000e-01
1.437500000000000000e+00
-1.079101562500000000e-01
1.164062500000000000e+00
-8.281250000000000000e-01
-4.511718750000000000e-01
-2.359375000000000000e+00
2.046875000000000000e+00
4.667968750000000000e-01
1.218750000000000000e+00
