-2.140625000000000000e+00
-9.375000000000000000e-02
-1.312500000000000000e+00
6.406250000000000000e-01
-4.511718750000000000e-01
1.304687500000000000e+00
7.070312500000000000e-01
3.496093750000000000e-01
-8.398437500000000000e-01
-1.148437500000000000e+00
7.500000000000000000e-01
9.179687500000000000e-01
1.289062500000000000e+00
2.294921875000000000e-01
5.312500000000000000e-01
1.127929687500000000e-01
6.250000000000000000e-01
2.988281250000000000e-01
-7.382812500000000000e-01
-1.093750000000000000e+00
-3.261718750000000000e-01
3.000000000000000000e+00
-5.218750000000000000e+00
-5.664062500000000000e-01
4.296875000000000000e-01
-5.541992187500000000e-02
-3.250000000000000000e+00
-8.789062500000000000e-01
-1.845703125000000000e-01
-7.070312500000000000e-01
6.914062500000000000e-01
2.484375000000000000e+00
7.031250000000000000e-01
-7.304687500000000000e-01
-5.218505859375000000e-03
-1.351562500000000000e+00
1.562500000000000000e+00
-8.632812500000000000e-01
-1.835937500000000000e-01
-9.804687500000000000e-01
-2.695312500000000000e-01
1.101562500000000000e+00
4.785156250000000000e-01
-2.226562500000000000e-01
-1.367187500000000000e+00
9.687500000000000000e-01
1.070312500000000000e+00
-2.031250000000000000e-01
1.398437500000000000e+00
3.613281250000000000e-01
-6.289062500000000000e-01
-1.257812500000000000e+00
2.187500000000000000e+00
-3.222656250000000000e-01
5.156250000000000000e-01
-5.117187500000000000e-01
-4.121093750000000000e-01
-3.750000000000000000e+00
8.642578125000000000e-02
3.652343750000000000e-01
-1.218750000000000000e+00
7.695312500000000000e-01
-5.156250000000000000e-01
1.226562500000000000e+00
1.109375000000000000e+00
-1.251220703125000000e-02
3.066406250000000000e-01
-3.535156250000000000e-01
-1.396484375000000000e-01
6.054687500000000000e-01
-1.273437500000000000e+00
1.164062500000000000e+00
-5.859375000000000000e-03
-1.523437500000000000e+00
2.437500000000000000e+00
1.593750000000000000e+00
1.195312500000000000e+00
1.070312500000000000e+00
9.257812500000000000e-01
6.542968750000000000e-02
2.015625000000000000e+00
4.199218750000000000e-01
-1.437500000000000000e+00
-9.375000000000000000e-01
-1.687500000000000000e+00
1.367187500000000000e+00
-8.750000000000000000e-01
5.937500000000000000e-01
3.125000000000000000e-01
-1.812500000000000000e+00
-8.164062500000000000e-01
4.902343750000000000e-01
-5.429687500000000000e-01
-4.160156250000000000e-01
1.906250000000000000e+00
-3.535156250000000000e-01
-9.804687500000000000e-01
4.160156250000000000e-01
-7.187500000000000000e-01
1.007812500000000000e+00
-2.148437500000000000e-02
-1.570312500000000000e+00
-5.976562500000000000e-01
1.601562500000000000e+00
7.187500000000000000e-01
9.687500000000000000e-01
-1.357421875000000000e-01
1.851562500000000000e+00
-1.179687500000000000e+00
-7.070312500000000000e-01
9.687500000000000000e-01
-1.416015625000000000e-01
1.812500000000000000e+00
-6.757812500000000000e-01
-5.429687500000000000e-01
1.078125000000000000e+00
2.828125000000000000e+00
-8.906250000000000000e-01
-1.523437500000000000e+00
-1.533203125000000000e-01
-7.539062500000000000e-01
-1.148437500000000000e+00
-2.392578125000000000e-02
8.554687500000000000e-01
1.273437500000000000e+00
1.718750000000000000e-01
1.117187500000000000e+00
8.242187500000000000e-01
7.187500000000000000e-01
7.929687500000000000e-01
2.046875000000000000e+00
1.023437500000000000e+00
4.199218750000000000e-01
-8.554687500000000000e-01
-2.546875000000000000e+00
-3.437500000000000000e-01
-6.054687500000000000e-01
1.279296875000000000e-01
1.117187500000000000e+00
-1.375000000000000000e+00
-9.687500000000000000e-01
2.437500000000000000e+00
1.062500000000000000e+00
3.066406250000000000e-01
9.062500000000000000e-01
-2.265625000000000000e-01
-1.085937500000000000e+00
-1.085937500000000000e+00
6.562500000000000000e-01
8.750000000000000000e-01
-1.804687500000000000e+00
-3.144531250000000000e-01
-1.117187500000000000e+00
-1.445312500000000000e-01
-1.250000000000000000e+00
-3.484375000000000000e+00
-5.585937500000000000e-01
-9.023437500000000000e-01
2.470703125000000000e-01
-8.867187500000000000e-01
-6.718750000000000000e-01
-1.851562500000000000e+00
4.589843750000000000e-01
-2.578125000000000000e+00
-7.382812500000000000e-01
8.242187500000000000e-01
-1.093750000000000000e+00
-2.382812500000000000e-01
2.125000000000000000e+00
-3.066406250000000000e-01
6.992187500000000000e-01
-7.070312500000000000e-01
1.304687500000000000e+00
6.445312500000000000e-01
-1.337890625000000000e-01
8.554687500000000000e-01
-6.054687500000000000e-01
1.585937500000000000e+00
2.171875000000000000e+00
6.718750000000000000e-01
-1.695312500000000000e+00
7.460937500000000000e-01
9.179687500000000000e-02
-6.914062500000000000e-01
4.902343750000000000e-01
9.687500000000000000e-01
7.382812500000000000e-01
5.234375000000000000e-01
-7.695312500000000000e-01
4.785156250000000000e-01
8.554687500000000000e-01
-8.906250000000000000e-01
5.507812500000000000e-01
1.195312500000000000e+00
5.351562500000000000e-01
-2.593750000000000000e+00
3.457031250000000000e-01
-2.828125000000000000e+00
-1.250000000000000000e+00
-7.382812500000000000e-01
3.964843750000000000e-01
-2.140625000000000000e+00
-1.721191406250000000e-02
-2.070312500000000000e-01
3.535156250000000000e-01
4.687500000000000000e-01
2.373046875000000000e-01
-1.218750000000000000e+00
4.687500000000000000e-01
1.767578125000000000e-01
-9.648437500000000000e-01
4.472656250000000000e-01
-9.648437500000000000e-01
1.234375000000000000e+00
-3.671875000000000000e-01
8.125000000000000000e-01
-1.210937500000000000e+00
7.187500000000000000e-01
4.941406250000000000e-01
-3.015625000000000000e+00
-9.257812500000000000e-01
5.462646484375000000e-03
3.066406250000000000e-01
3.128051757812500000e-03
-4.031250000000000000e+00
-9.062500000000000000e-01
-7.187500000000000000e-01
-1.570312500000000000e+00
-2.484375000000000000e+00
1.445312500000000000e+00
-4.160156250000000000e-01
-1.320312500000000000e+00
-1.351562500000000000e+00
9.179687500000000000e-02
-5.000000000000000000e-01
-1.304687500000000000e+00
-4.609375000000000000e-01
8.125000000000000000e-01
-1.320312500000000000e+00
-1.132812500000000000e+00
1.101562500000000000e+00
1.523437500000000000e+00
2.828125000000000000e+00
-6.523437500000000000e-01
-7.148437500000000000e-01
-1.179687500000000000e+00
-1.148437500000000000e+00
-5.312500000000000000e-01
-7.695312500000000000e-01
-1.406250000000000000e+00
-4.125000000000000000e+00
-9.218750000000000000e-01
-1.226562500000000000e+00
-9.179687500000000000e-01
8.945312500000000000e-01
1.015625000000000000e+00
-1.304687500000000000e+00
-5.742187500000000000e-01
-3.359375000000000000e-01
-5.585937500000000000e-01
-7.851562500000000000e-01
-4.355468750000000000e-01
-9.960937500000000000e-01
-9.179687500000000000e-01
7.382812500000000000e-01
8.007812500000000000e-01
-7.617187500000000000e-01
-1.132812500000000000e+00
-4.687500000000000000e-01
-1.304687500000000000e+00
-1.273437500000000000e+00
-1.023437500000000000e+00
-6.601562500000000000e-01
6.367187500000000000e-01
-5.898437500000000000e-01
-1.968750000000000000e+00
6.601562500000000000e-01
-2.531250000000000000e+00
7.812500000000000000e-01
3.750000000000000000e-01
-2.421875000000000000e-01
-1.281250000000000000e+00
-1.000976562500000000e-01
-5.703125000000000000e-01
2.812500000000000000e-01
-4.550781250000000000e-01
9.521484375000000000e-02
6.054687500000000000e-01
-7.500000000000000000e-01
-7.460937500000000000e-01
1.031250000000000000e+00
7.617187500000000000e-01
-1.085937500000000000e+00
6.210937500000000000e-01
-5.273437500000000000e-01
1.179687500000000000e+00
4.375000000000000000e-01
3.964843750000000000e-01
6.757812500000000000e-01
5.346679687500000000e-02
1.507812500000000000e+00
1.328125000000000000e+00
-4.492187500000000000e-02
1.164062500000000000e+00
5.395507812500000000e-02
1.945312500000000000e+00
-1.171875000000000000e+00
-1.109375000000000000e+00
1.328125000000000000e+00
-5.273437500000000000e-01
1.308593750000000000e-01
-5.312500000000000000e-01
6.835937500000000000e-01
7.304687500000000000e-01
5.976562500000000000e-01
-1.226562500000000000e+00
-1.117187500000000000e+00
2.675781250000000000e-01
3.750000000000000000e-01
-9.062500000000000000e-01
-7.695312500000000000e-01
2.929687500000000000e-01
9.726562500000000000e-01
1.476562500000000000e+00
-3.765625000000000000e+00
-8.750000000000000000e-01
-8.164062500000000000e-01
6.289062500000000000e-01
7.070312500000000000e-01
-1.179687500000000000e+00
2.910156250000000000e-01
8.437500000000000000e-01
1.218750000000000000e+00
1.937500000000000000e+00
-1.742187500000000000e+00
-3.390625000000000000e+00
1.435546875000000000e-01
-3.296875000000000000e+00
-1.945312500000000000e+00
2.871093750000000000e-01
-1.195312500000000000e+00
9.570312500000000000e-01
-5.117187500000000000e-01
3.105468750000000000e-01
-1.195312500000000000e+00
1.054687500000000000e+00
-6.835937500000000000e-03
4.000000000000000000e+00
-1.218750000000000000e+00
-1.585937500000000000e+00
-7.070312500000000000e-01
1.259765625000000000e-01
1.721191406250000000e-02
5.786132812500000000e-02
-2.656250000000000000e-01
-2.046875000000000000e+00
2.687500000000000000e+00
-2.921875000000000000e+00
-1.347656250000000000e-01
-4.343750000000000000e+00
-2.890625000000000000e-01
-1.242187500000000000e+00
-4.250000000000000000e+00
5.000000000000000000e-01
8.750000000000000000e-01
-4.531250000000000000e-01
1.118164062500000000e-01
-6.250000000000000000e-01
-1.820312500000000000e+00
8.554687500000000000e-01
1.767578125000000000e-01
-8.398437500000000000e-01
8.437500000000000000e-01
6.210937500000000000e-01
-8.789062500000000000e-02
5.976562500000000000e-01
-6.093750000000000000e-01
4.687500000000000000e-01
-3.046875000000000000e-01
-9.375000000000000000e-01
-9.882812500000000000e-01
6.640625000000000000e-01
1.812500000000000000e+00
-1.875000000000000000e+00
