5.156250000000000000e-01
7.460937500000000000e-01
-1.867187500000000000e+00
1.492187500000000000e+00
-6.757812500000000000e-01
5.117187500000000000e-01
1.125000000000000000e+00
1.101562500000000000e+00
-1.148437500000000000e+00
-1.664062500000000000e+00
1.304687500000000000e+00
1.273437500000000000e+00
2.140625000000000000e+00
3.691406250000000000e-01
1.265625000000000000e+00
5.468750000000000000e-01
-8.320312500000000000e-01
1.070312500000000000e+00
1.468750000000000000e+00
-8.554687500000000000e-01
-4.199218750000000000e-01
2.296875000000000000e+00
-5.375000000000000000e+00
-4.062500000000000000e-01
1.156250000000000000e+00
7.226562500000000000e-01
-3.640625000000000000e+00
-1.414062500000000000e+00
4.062500000000000000e-01
-1.625000000000000000e+00
1.882812500000000000e+00
6.367187500000000000e-01
1.601562500000000000e+00
-7.773437500000000000e-01
-8.007812500000000000e-01
-1.875000000000000000e+00
4.902343750000000000e-01
1.300048828125000000e-02
2.890625000000000000e-01
-8.710937500000000000e-01
-8.750000000000000000e-01
2.265625000000000000e+00
1.343750000000000000e+00
-3.808593750000000000e-01
-2.078125000000000000e+00
1.148437500000000000e+00
1.070312500000000000e+00
6.787109375000000000e-02
7.695312500000000000e-01
1.289062500000000000e+00
9.228515625000000000e-02
-1.812500000000000000e+00
1.304687500000000000e+00
-9.492187500000000000e-01
1.476562500000000000e+00
1.195312500000000000e+00
2.539062500000000000e-01
-1.500000000000000000e+00
5.195312500000000000e-01
9.687500000000000000e-01
-2.138671875000000000e-01
9.414062500000000000e-01
2.255859375000000000e-01
2.390625000000000000e+00
2.140625000000000000e+00
-8.544921875000000000e-02
1.648437500000000000e+00
5.117187500000000000e-01
6.601562500000000000e-01
5.664062500000000000e-01
-1.625000000000000000e+00
1.164062500000000000e+00
4.746093750000000000e-01
-1.460937500000000000e+00
2.031250000000000000e+00
-5.195312500000000000e-01
2.390625000000000000e+00
1.226562500000000000e+00
2.000000000000000000e+00
-7.128906250000000000e-02
2.671875000000000000e+00
8.789062500000000000e-01
-4.609375000000000000e-01
-7.304687500000000000e-01
-2.171875000000000000e+00
7.929687500000000000e-01
2.792968750000000000e-01
1.601562500000000000e+00
8.125000000000000000e-01
-2.687500000000000000e+00
-1.650390625000000000e-01
1.437500000000000000e+00
-1.304687500000000000e+00
4.082031250000000000e-01
5.820312500000000000e-01
-1.500000000000000000e+00
1.898437500000000000e+00
1.226562500000000000e+00
-2.093750000000000000e+00
1.054687500000000000e+00
1.242187500000000000e+00
-2.312500000000000000e+00
-1.500000000000000000e+00
1.914062500000000000e+00
1.914062500000000000e+00
2.078125000000000000e+00
-2.890625000000000000e-01
1.679687500000000000e+00
-1.257812500000000000e+00
1.904296875000000000e-01
2.328125000000000000e+00
-1.460937500000000000e+00
1.000000000000000000e+00
3.750000000000000000e-01
-9.179687500000000000e-01
2.328125000000000000e+00
8.906250000000000000e-01
-4.511718750000000000e-01
-1.773437500000000000e+00
-6.132812500000000000e-01
-1.125000000000000000e+00
-1.929687500000000000e+00
-4.824218750000000000e-01
1.132812500000000000e+00
1.125000000000000000e+00
7.382812500000000000e-01
2.015625000000000000e+00
2.281250000000000000e+00
1.679687500000000000e+00
9.687500000000000000e-01
1.398437500000000000e+00
9.062500000000000000e-01
8.242187500000000000e-01
-1.296875000000000000e+00
-7.929687500000000000e-01
5.468750000000000000e-02
2.138671875000000000e-01
1.164062500000000000e+00
1.875000000000000000e+00
-1.132812500000000000e+00
-8.593750000000000000e-01
1.507812500000000000e+00
1.906250000000000000e+00
5.351562500000000000e-01
1.812500000000000000e+00
-1.382812500000000000e+00
1.164062500000000000e+00
-7.500000000000000000e-01
1.476562500000000000e+00
1.585937500000000000e+00
1.273437500000000000e+00
-7.304687500000000000e-01
-1.156250000000000000e+00
-3.847656250000000000e-01
-1.460937500000000000e+00
-1.570312500000000000e+00
-5.156250000000000000e-01
-2.314453125000000000e-01
8.203125000000000000e-02
-1.164062500000000000e+00
-3.808593750000000000e-01
-1.118164062500000000e-01
8.281250000000000000e-01
-2.390625000000000000e+00
2.187500000000000000e-01
2.062500000000000000e+00
-1.523437500000000000e+00
-1.923828125000000000e-01
2.000000000000000000e+00
-1.406250000000000000e+00
1.054687500000000000e+00
-8.164062500000000000e-01
2.390625000000000000e+00
1.648437500000000000e+00
-3.222656250000000000e-01
2.046875000000000000e+00
2.246093750000000000e-02
2.234375000000000000e+00
3.964843750000000000e-01
1.398437500000000000e+00
-1.845703125000000000e-01
1.789062500000000000e+00
4.956054687500000000e-02
-4.272460937500000000e-02
8.593750000000000000e-01
2.218750000000000000e+00
1.398437500000000000e+00
6.914062500000000000e-01
-1.806640625000000000e-01
8.125000000000000000e-01
1.679687500000000000e+00
-4.687500000000000000e-01
1.625000000000000000e+00
2.265625000000000000e+00
1.070312500000000000e+00
-5.156250000000000000e-01
-1.494140625000000000e-01
-1.367187500000000000e+00
-1.343750000000000000e+00
-8.867187500000000000e-01
7.304687500000000000e-01
2.792968750000000000e-01
-4.316406250000000000e-01
-8.867187500000000000e-01
-8.398437500000000000e-02
1.648437500000000000e+00
4.531250000000000000e-01
-1.539062500000000000e+00
1.343750000000000000e+00
1.234375000000000000e+00
-1.335937500000000000e+00
1.429687500000000000e+00
-1.656250000000000000e+00
1.179687500000000000e+00
-1.101562500000000000e+00
2.343750000000000000e+00
1.171875000000000000e+00
1.367187500000000000e+00
-6.093750000000000000e-01
-1.414062500000000000e+00
-9.648437500000000000e-01
3.637695312500000000e-02
7.617187500000000000e-01
6.982421875000000000e-02
-2.828125000000000000e+00
-1.585937500000000000e+00
-3.203125000000000000e-01
-2.437500000000000000e+00
-1.148437500000000000e+00
1.101562500000000000e+00
-8.125000000000000000e-01
1.585937500000000000e+00
1.533203125000000000e-01
-3.359375000000000000e-01
-1.127929687500000000e-01
-1.789062500000000000e+00
5.371093750000000000e-02
1.273437500000000000e+00
-1.906250000000000000e+00
-1.789062500000000000e+00
2.078125000000000000e+00
9.179687500000000000e-01
4.174804687500000000e-02
-2.871093750000000000e-01
-1.367187500000000000e-01
-7.929687500000000000e-01
-9.257812500000000000e-01
-9.062500000000000000e-01
-7.500000000000000000e-01
-1.851562500000000000e+00
-3.250000000000000000e+00
-1.406250000000000000e+00
5.117187500000000000e-01
-1.398437500000000000e+00
1.664062500000000000e+00
6.992187500000000000e-01
-1.539062500000000000e+00
-1.585937500000000000e+00
-6.523437500000000000e-01
-6.835937500000000000e-01
-1.007812500000000000e+00
4.589843750000000000e-01
-1.257812500000000000e+00
-3.808593750000000000e-01
9.179687500000000000e-01
1.235351562500000000e-01
-8.437500000000000000e-01
-4.375000000000000000e-01
4.003906250000000000e-01
-1.656250000000000000e+00
-1.304687500000000000e+00
-7.382812500000000000e-01
-1.093750000000000000e+00
1.132812500000000000e+00
-4.760742187500000000e-02
-1.398437500000000000e+00
1.875000000000000000e+00
-3.535156250000000000e-01
1.375000000000000000e+00
1.148437500000000000e+00
1.085937500000000000e+00
-1.804687500000000000e+00
1.273437500000000000e+00
-7.500000000000000000e-01
1.132812500000000000e+00
-5.078125000000000000e-01
6.679687500000000000e-01
1.164062500000000000e+00
-6.210937500000000000e-01
-1.179687500000000000e+00
1.445312500000000000e+00
1.289062500000000000e+00
-1.343750000000000000e+00
1.101562500000000000e+00
-1.367187500000000000e+00
1.960937500000000000e+00
1.203125000000000000e+00
2.080078125000000000e-01
1.585937500000000000e+00
1.796875000000000000e-01
1.328125000000000000e+00
7.929687500000000000e-01
1.750000000000000000e+00
2.125000000000000000e+00
8.710937500000000000e-01
1.937500000000000000e+00
-1.062500000000000000e+00
-5.218505859375000000e-03
8.242187500000000000e-01
6.875000000000000000e-01
8.242187500000000000e-01
-2.343750000000000000e-01
1.164062500000000000e+00
1.460937500000000000e+00
1.000000000000000000e+00
-1.281250000000000000e+00
-1.867187500000000000e+00
1.226562500000000000e+00
9.687500000000000000e-01
-1.726562500000000000e+00
-1.937500000000000000e+00
1.187500000000000000e+00
1.726562500000000000e+00
1.523437500000000000e+00
-3.109375000000000000e+00
-1.226562500000000000e+00
-1.591796875000000000e-01
4.062500000000000000e-01
1.023437500000000000e+00
-1.523437500000000000e+00
6.992187500000000000e-01
1.531250000000000000e+00
1.789062500000000000e+00
1.812500000000000000e+00
-2.078125000000000000e+00
-3.937500000000000000e+00
-2.255859375000000000e-01
-1.101562500000000000e+00
-5.625000000000000000e-01
7.031250000000000000e-01
-1.695312500000000000e+00
1.679687500000000000e+00
1.710937500000000000e+00
1.070312500000000000e+00
-1.054687500000000000e+00
2.375000000000000000e+00
-4.375000000000000000e-01
2.062500000000000000e+00
-1.617187500000000000e+00
-5.898437500000000000e-01
-1.476562500000000000e+00
1.054687500000000000e+00
5.371093750000000000e-03
1.406250000000000000e+00
-3.833007812500000000e-02
-3.730468750000000000e-01
7.500000000000000000e-01
-1.625000000000000000e+00
-3.984375000000000000e-01
-4.781250000000000000e+00
-7.968750000000000000e-01
-7.304687500000000000e-01
-3.515625000000000000e+00
1.398437500000000000e+00
1.437500000000000000e+00
1.118164062500000000e-01
4.082031250000000000e-01
-1.406250000000000000e+00
-2.390625000000000000e+00
1.914062500000000000e+00
9.843750000000000000e-01
-1.257812500000000000e+00
1.570312500000000000e+00
1.960937500000000000e+00
-2.041015625000000000e-01
1.070312500000000000e+00
-1.289062500000000000e-01
8.750000000000000000e-01
-4.355468750000000000e-01
-4.082031250000000000e-01
-1.312500000000000000e+00
1.414062500000000000e+00
1.140625000000000000e+00
1.513671875000000000e-01
