-7.656250000000000000e-01
3.515625000000000000e-01
-1.898437500000000000e+00
1.242187500000000000e+00
-3.085937500000000000e-01
1.164062500000000000e+00
1.273437500000000000e+00
9.062500000000000000e-01
-1.031250000000000000e+00
-1.437500000000000000e+00
1.351562500000000000e+00
1.398437500000000000e+00
2.062500000000000000e+00
4.746093750000000000e-01
1.148437500000000000e+00
5.312500000000000000e-01
-8.154296875000000000e-02
8.789062500000000000e-01
1.787109375000000000e-01
-1.210937500000000000e+00
-2.099609375000000000e-01
2.734375000000000000e+00
-5.593750000000000000e+00
-6.835937500000000000e-01
1.007812500000000000e+00
4.609375000000000000e-01
-3.796875000000000000e+00
-8.398437500000000000e-01
1.484375000000000000e-01
-1.265625000000000000e+00
1.375000000000000000e+00
1.679687500000000000e+00
1.328125000000000000e+00
-4.375000000000000000e-01
-3.613281250000000000e-01
-1.648437500000000000e+00
1.125000000000000000e+00
-6.132812500000000000e-01
1.513671875000000000e-01
-9.023437500000000000e-01
-1.865234375000000000e-01
1.937500000000000000e+00
1.210937500000000000e+00
-4.843750000000000000e-01
-1.476562500000000000e+00
1.335937500000000000e+00
1.289062500000000000e+00
4.565429687500000000e-02
1.265625000000000000e+00
8.632812500000000000e-01
-4.589843750000000000e-01
-1.625000000000000000e+00
1.781250000000000000e+00
-1.031250000000000000e+00
1.117187500000000000e+00
1.904296875000000000e-01
4.492187500000000000e-02
-2.890625000000000000e+00
4.589843750000000000e-01
8.125000000000000000e-01
-7.929687500000000000e-01
1.171875000000000000e+00
-1.660156250000000000e-01
2.203125000000000000e+00
1.898437500000000000e+00
1.298828125000000000e-01
1.093750000000000000e+00
-3.063964843750000000e-02
2.734375000000000000e-01
1.023437500000000000e+00
-1.710937500000000000e+00
1.898437500000000000e+00
2.343750000000000000e-01
-1.500000000000000000e+00
2.609375000000000000e+00
3.515625000000000000e-01
2.203125000000000000e+00
1.398437500000000000e+00
1.843750000000000000e+00
1.875000000000000000e-01
2.609375000000000000e+00
8.281250000000000000e-01
-1.296875000000000000e+00
-9.375000000000000000e-01
-2.375000000000000000e+00
1.312500000000000000e+00
-2.558593750000000000e-01
1.289062500000000000e+00
6.835937500000000000e-01
-2.046875000000000000e+00
-6.562500000000000000e-01
1.257812500000000000e+00
-1.593750000000000000e+00
-3.393554687500000000e-02
1.195312500000000000e+00
-8.437500000000000000e-01
7.070312500000000000e-01
1.023437500000000000e+00
-9.257812500000000000e-01
1.164062500000000000e+00
6.210937500000000000e-01
-1.773437500000000000e+00
-1.242187500000000000e+00
1.898437500000000000e+00
1.304687500000000000e+00
1.820312500000000000e+00
-2.929687500000000000e-01
2.000000000000000000e+00
-1.125000000000000000e+00
-4.531250000000000000e-01
1.906250000000000000e+00
-5.039062500000000000e-01
1.492187500000000000e+00
-6.445312500000000000e-01
-6.289062500000000000e-01
2.078125000000000000e+00
2.015625000000000000e+00
-1.179687500000000000e+00
-1.554687500000000000e+00
-6.054687500000000000e-01
-1.132812500000000000e+00
-1.476562500000000000e+00
-2.236328125000000000e-01
1.460937500000000000e+00
1.414062500000000000e+00
5.351562500000000000e-01
1.898437500000000000e+00
1.648437500000000000e+00
1.460937500000000000e+00
1.039062500000000000e+00
1.875000000000000000e+00
9.570312500000000000e-01
9.062500000000000000e-01
-1.132812500000000000e+00
-2.609375000000000000e+00
-3.144531250000000000e-01
-2.871093750000000000e-01
8.125000000000000000e-01
1.867187500000000000e+00
-1.492187500000000000e+00
-1.000000000000000000e+00
2.015625000000000000e+00
1.898437500000000000e+00
6.875000000000000000e-01
1.679687500000000000e+00
-5.429687500000000000e-01
2.373046875000000000e-01
-7.929687500000000000e-01
1.273437500000000000e+00
1.601562500000000000e+00
-3.496093750000000000e-01
-1.455078125000000000e-01
-1.367187500000000000e+00
-1.464843750000000000e-02
-1.148437500000000000e+00
-2.640625000000000000e+00
-4.121093750000000000e-01
-5.507812500000000000e-01
5.195312500000000000e-01
-1.007812500000000000e+00
-5.820312500000000000e-01
-1.328125000000000000e+00
7.304687500000000000e-01
-3.265625000000000000e+00
-2.431640625000000000e-01
1.625000000000000000e+00
-1.343750000000000000e+00
-2.675781250000000000e-01
2.281250000000000000e+00
-1.125000000000000000e+00
1.210937500000000000e+00
-1.054687500000000000e+00
2.203125000000000000e+00
1.335937500000000000e+00
1.953125000000000000e-02
1.664062500000000000e+00
-2.236328125000000000e-01
2.078125000000000000e+00
1.523437500000000000e+00
1.304687500000000000e+00
-8.437500000000000000e-01
1.507812500000000000e+00
1.826171875000000000e-01
-3.984375000000000000e-01
9.101562500000000000e-01
1.757812500000000000e+00
1.367187500000000000e+00
8.242187500000000000e-01
-6.875000000000000000e-01
8.164062500000000000e-01
1.554687500000000000e+00
-7.070312500000000000e-01
1.085937500000000000e+00
2.109375000000000000e+00
1.070312500000000000e+00
-1.562500000000000000e+00
1.435546875000000000e-01
-2.234375000000000000e+00
-1.320312500000000000e+00
-9.687500000000000000e-01
6.757812500000000000e-01
-9.375000000000000000e-01
-3.164062500000000000e-01
-4.531250000000000000e-01
4.628906250000000000e-01
1.007812500000000000e+00
2.255859375000000000e-01
-1.398437500000000000e+00
1.148437500000000000e+00
8.007812500000000000e-01
-1.226562500000000000e+00
1.039062500000000000e+00
-1.125000000000000000e+00
1.523437500000000000e+00
-4.746093750000000000e-01
1.820312500000000000e+00
6.494140625000000000e-02
1.492187500000000000e+00
6.523437500000000000e-01
-2.203125000000000000e+00
-1.117187500000000000e+00
3.339843750000000000e-01
7.343750000000000000e-01
6.982421875000000000e-02
-3.671875000000000000e+00
-1.500000000000000000e+00
-6.328125000000000000e-01
-1.726562500000000000e+00
-1.804687500000000000e+00
1.718750000000000000e+00
-9.062500000000000000e-01
2.187500000000000000e-01
-8.125000000000000000e-01
2.609252929687500000e-03
-4.218750000000000000e-01
-1.429687500000000000e+00
3.593750000000000000e-01
1.437500000000000000e+00
-2.000000000000000000e+00
-1.460937500000000000e+00
2.015625000000000000e+00
1.156250000000000000e+00
1.476562500000000000e+00
1.250000000000000000e-01
-3.359375000000000000e-01
-1.101562500000000000e+00
-1.187500000000000000e+00
-4.550781250000000000e-01
-8.125000000000000000e-01
-1.507812500000000000e+00
-3.687500000000000000e+00
-1.398437500000000000e+00
-1.953125000000000000e-02
-1.132812500000000000e+00
1.562500000000000000e+00
9.375000000000000000e-01
-1.625000000000000000e+00
-1.351562500000000000e+00
-5.625000000000000000e-01
-3.222656250000000000e-01
-6.523437500000000000e-01
-1.132812500000000000e-01
-1.187500000000000000e+00
-3.222656250000000000e-01
1.210937500000000000e+00
5.195312500000000000e-01
-7.929687500000000000e-01
-8.906250000000000000e-01
1.304626464843750000e-03
-1.460937500000000000e+00
-1.156250000000000000e+00
-8.632812500000000000e-01
-9.882812500000000000e-01
1.054687500000000000e+00
-4.433593750000000000e-01
-2.171875000000000000e+00
1.382812500000000000e+00
-1.523437500000000000e+00
1.343750000000000000e+00
1.039062500000000000e+00
6.601562500000000000e-01
-1.398437500000000000e+00
5.625000000000000000e-01
-6.875000000000000000e-01
7.070312500000000000e-01
-3.613281250000000000e-01
4.355468750000000000e-01
1.132812500000000000e+00
-8.789062500000000000e-01
-1.093750000000000000e+00
1.437500000000000000e+00
1.351562500000000000e+00
-1.773437500000000000e+00
1.125000000000000000e+00
-7.304687500000000000e-01
1.898437500000000000e+00
9.414062500000000000e-01
7.304687500000000000e-01
1.164062500000000000e+00
4.355468750000000000e-01
1.539062500000000000e+00
1.000000000000000000e+00
1.054687500000000000e+00
1.929687500000000000e+00
5.937500000000000000e-01
2.390625000000000000e+00
-1.257812500000000000e+00
-7.187500000000000000e-01
1.210937500000000000e+00
-3.735351562500000000e-02
6.679687500000000000e-01
-1.923828125000000000e-01
1.210937500000000000e+00
1.304687500000000000e+00
1.101562500000000000e+00
-1.281250000000000000e+00
-1.281250000000000000e+00
8.945312500000000000e-01
8.476562500000000000e-01
-1.343750000000000000e+00
-1.210937500000000000e+00
8.476562500000000000e-01
1.773437500000000000e+00
1.679687500000000000e+00
-3.750000000000000000e+00
-1.078125000000000000e+00
-4.375000000000000000e-01
8.242187500000000000e-01
1.132812500000000000e+00
-1.328125000000000000e+00
7.929687500000000000e-01
1.476562500000000000e+00
1.851562500000000000e+00
2.046875000000000000e+00
-2.203125000000000000e+00
-4.125000000000000000e+00
2.343750000000000000e-01
-2.328125000000000000e+00
-1.601562500000000000e+00
2.539062500000000000e-01
-1.601562500000000000e+00
1.664062500000000000e+00
5.507812500000000000e-01
7.812500000000000000e-01
-1.242187500000000000e+00
2.046875000000000000e+00
2.871093750000000000e-01
3.296875000000000000e+00
-1.289062500000000000e+00
-1.593750000000000000e+00
-7.304687500000000000e-01
6.367187500000000000e-01
-4.882812500000000000e-02
7.500000000000000000e-01
-2.656250000000000000e-01
-1.531250000000000000e+00
1.726562500000000000e+00
-2.312500000000000000e+00
6.500244140625000000e-03
-4.875000000000000000e+00
-3.750000000000000000e-01
-1.226562500000000000e+00
-3.953125000000000000e+00
1.132812500000000000e+00
1.375000000000000000e+00
-1.455078125000000000e-01
4.628906250000000000e-01
-1.062500000000000000e+00
-2.406250000000000000e+00
1.625000000000000000e+00
6.601562500000000000e-01
-8.320312500000000000e-01
1.507812500000000000e+00
1.335937500000000000e+00
-2.138671875000000000e-01
1.148437500000000000e+00
-4.433593750000000000e-01
8.750000000000000000e-01
-1.660156250000000000e-01
-1.000000000000000000e+00
-1.125000000000000000e+00
1.210937500000000000e+00
1.375000000000000000e+00
-8.789062500000000000e-01
