6.125000000000000000e+01
-2.921875000000000000e+00
-1.043750000000000000e+01
1.750000000000000000e+01
-4.781250000000000000e+00
-9.000000000000000000e+00
7.250000000000000000e+00
1.250000000000000000e+01
-5.343750000000000000e+00
-3.203125000000000000e+00
9.937500000000000000e+00
4.375000000000000000e+00
3.328125000000000000e+00
2.171875000000000000e+00
1.543750000000000000e+01
9.250000000000000000e+00
-1.318750000000000000e+01
1.200000000000000000e+01
5.400000000000000000e+01
2.158203125000000000e-01
-6.218750000000000000e+00
-1.875000000000000000e+00
3.400000000000000000e+01
-2.296875000000000000e+00
1.400000000000000000e+01
1.218750000000000000e+01
3.012500000000000000e+01
-3.171875000000000000e+00
3.671875000000000000e+00
-1.018750000000000000e+01
3.087500000000000000e+01
-1.700000000000000000e+01
1.875000000000000000e+01
-1.131250000000000000e+01
-3.484375000000000000e+00
-3.609375000000000000e+00
-4.625000000000000000e+00
4.687500000000000000e-01
1.356250000000000000e+01
-6.250000000000000000e+00
-5.156250000000000000e+00
2.762500000000000000e+01
4.406250000000000000e+00
-7.593750000000000000e+00
-4.531250000000000000e+00
2.625000000000000000e+00
3.578125000000000000e+00
-5.781250000000000000e+00
-4.468750000000000000e+00
3.012500000000000000e+01
8.125000000000000000e-01
-2.328125000000000000e+00
-8.062500000000000000e+00
-7.500000000000000000e+00
2.037500000000000000e+01
4.025000000000000000e+01
-1.037500000000000000e+01
5.625000000000000000e+01
2.953125000000000000e+00
1.025000000000000000e+01
-2.671875000000000000e+00
1.687500000000000000e+00
3.062500000000000000e+00
1.837500000000000000e+01
5.218750000000000000e+00
-6.343750000000000000e+00
2.762500000000000000e+01
-6.093750000000000000e+00
3.964843750000000000e-01
-1.431250000000000000e+01
-1.335937500000000000e+00
-3.828125000000000000e+00
1.562500000000000000e+00
-1.612500000000000000e+01
-7.906250000000000000e+00
-1.937500000000000000e+01
1.712500000000000000e+01
2.421875000000000000e+00
1.500000000000000000e+01
4.312500000000000000e+00
3.796875000000000000e+00
1.300000000000000000e+01
-5.156250000000000000e+00
-1.625000000000000000e+00
-1.368750000000000000e+01
-5.968750000000000000e+00
4.225000000000000000e+01
2.462500000000000000e+01
1.031250000000000000e+01
-2.765625000000000000e+00
-9.335937500000000000e-01
-2.187500000000000000e+00
-1.431250000000000000e+01
2.484375000000000000e+00
-1.268750000000000000e+01
-8.562500000000000000e+00
6.325000000000000000e+01
1.468750000000000000e+01
-5.750000000000000000e+00
-1.093750000000000000e+00
3.825000000000000000e+01
-2.671875000000000000e+00
-7.875000000000000000e+00
2.156250000000000000e+00
3.375000000000000000e+01
1.862500000000000000e+01
-3.828125000000000000e+00
3.906250000000000000e-01
-2.015625000000000000e+00
-3.515625000000000000e-01
2.900000000000000000e+01
-1.031250000000000000e+01
-3.984375000000000000e+00
-1.773437500000000000e+00
-2.953125000000000000e+00
1.431250000000000000e+01
-2.937500000000000000e+01
-6.843750000000000000e+00
-3.015625000000000000e+00
-3.421875000000000000e+00
-1.018750000000000000e+01
-2.281250000000000000e+00
-9.062500000000000000e+00
9.625000000000000000e+00
-2.078125000000000000e+00
1.662500000000000000e+01
9.437500000000000000e+00
3.800000000000000000e+01
1.787500000000000000e+01
-2.015625000000000000e+00
-3.953125000000000000e+00
-1.625000000000000000e+01
7.156250000000000000e+00
-7.875000000000000000e+00
5.125000000000000000e+01
-3.109375000000000000e+00
-8.593750000000000000e-01
2.662500000000000000e+01
9.500000000000000000e+00
-9.937500000000000000e+00
2.390625000000000000e+00
-8.562500000000000000e+00
1.750000000000000000e+01
7.343750000000000000e+00
1.468750000000000000e+01
-6.156250000000000000e+00
4.250000000000000000e+01
-1.056250000000000000e+01
2.012500000000000000e+01
1.550000000000000000e+01
5.925000000000000000e+01
-7.000000000000000000e+00
-5.875000000000000000e+00
4.843750000000000000e+00
-3.453125000000000000e+00
3.875000000000000000e+01
-8.250000000000000000e+00
-1.445312500000000000e+00
-3.921875000000000000e+00
-8.937500000000000000e+00
1.585937500000000000e+00
1.762500000000000000e+01
1.075000000000000000e+01
3.325000000000000000e+01
1.367187500000000000e+00
3.100000000000000000e+01
-3.046875000000000000e+00
2.796875000000000000e+00
1.054687500000000000e+00
-9.312500000000000000e+00
2.765625000000000000e+00
1.632812500000000000e+00
1.937500000000000000e+01
2.262500000000000000e+01
-3.062500000000000000e+00
1.887500000000000000e+01
3.500000000000000000e+00
7.250000000000000000e+00
-5.593750000000000000e+00
1.556250000000000000e+01
3.275000000000000000e+01
2.112500000000000000e+01
-9.375000000000000000e+00
-8.593750000000000000e-01
-1.131250000000000000e+01
3.675000000000000000e+01
5.656250000000000000e+00
1.726562500000000000e+00
-5.281250000000000000e+00
3.812500000000000000e+00
1.350000000000000000e+01
-4.187500000000000000e+00
2.412500000000000000e+01
1.812500000000000000e+01
8.250000000000000000e+00
4.525000000000000000e+01
-1.062500000000000000e+00
5.300000000000000000e+01
-3.453125000000000000e+00
-1.320312500000000000e+00
1.523437500000000000e+00
4.150000000000000000e+01
-3.312500000000000000e+00
-1.118750000000000000e+01
2.671875000000000000e+00
3.225000000000000000e+01
-1.662500000000000000e+01
-6.093750000000000000e+00
1.662500000000000000e+01
2.237500000000000000e+01
-6.468750000000000000e+00
2.387500000000000000e+01
-4.468750000000000000e+00
1.898437500000000000e+00
-7.031250000000000000e+00
3.375000000000000000e+01
3.700000000000000000e+01
1.043750000000000000e+01
-2.637500000000000000e+01
5.375000000000000000e+01
-6.757812500000000000e-01
2.875000000000000000e+00
4.500000000000000000e+00
7.177734375000000000e-02
3.900000000000000000e+01
-7.906250000000000000e+00
1.132812500000000000e+00
-2.250000000000000000e+00
2.637500000000000000e+01
-2.765625000000000000e+00
-4.718750000000000000e+00
5.225000000000000000e+01
5.075000000000000000e+01
-2.765625000000000000e+00
-4.785156250000000000e-01
-2.562500000000000000e+00
-1.100000000000000000e+01
6.093750000000000000e+00
-9.750000000000000000e+00
-3.000000000000000000e+00
1.018750000000000000e+01
-9.521484375000000000e-02
-3.100000000000000000e+01
-3.937500000000000000e+00
-6.914062500000000000e-01
6.210937500000000000e-01
2.234375000000000000e+00
-2.296875000000000000e+00
1.148437500000000000e+00
-3.125000000000000000e+00
5.075000000000000000e+01
-8.625000000000000000e+00
5.200000000000000000e+01
-3.453125000000000000e+00
1.062500000000000000e+01
-3.671875000000000000e+00
-1.006250000000000000e+01
-1.293750000000000000e+01
-9.250000000000000000e+00
-1.331250000000000000e+01
-1.581250000000000000e+01
-6.406250000000000000e+00
-3.578125000000000000e+00
-5.343750000000000000e+00
-5.906250000000000000e+00
-1.554687500000000000e+00
-1.218750000000000000e+01
1.164062500000000000e+00
3.265625000000000000e+00
-2.000000000000000000e+00
2.597656250000000000e-01
5.218505859375000000e-03
-8.312500000000000000e+00
1.175000000000000000e+01
-9.882812500000000000e-01
3.012500000000000000e+01
2.337500000000000000e+01
5.175000000000000000e+01
1.037500000000000000e+01
2.450000000000000000e+01
1.550000000000000000e+01
-1.164062500000000000e+00
-4.875000000000000000e+00
-1.617187500000000000e+00
-1.960937500000000000e+00
7.812500000000000000e-01
1.531250000000000000e+01
8.062500000000000000e+00
-8.281250000000000000e-01
-9.187500000000000000e+00
1.812500000000000000e+00
8.875000000000000000e+00
-4.218750000000000000e+00
-2.812500000000000000e+00
-4.968750000000000000e+00
1.081250000000000000e+01
1.862500000000000000e+01
-6.906250000000000000e+00
1.762500000000000000e+01
1.429687500000000000e+00
3.925781250000000000e-01
-6.875000000000000000e+00
4.400000000000000000e+01
2.112500000000000000e+01
1.675000000000000000e+01
5.031250000000000000e+00
-2.734375000000000000e-02
4.400000000000000000e+01
-8.867187500000000000e-01
1.015625000000000000e-01
1.525000000000000000e+01
-4.093750000000000000e+00
-6.000000000000000000e+00
1.812500000000000000e+01
6.500000000000000000e+00
-1.231250000000000000e+01
-4.093750000000000000e+00
2.700000000000000000e+01
1.550000000000000000e+01
-2.859375000000000000e+00
-8.937500000000000000e+00
1.837500000000000000e+01
1.331250000000000000e+01
1.312500000000000000e+00
2.362500000000000000e+01
-1.056250000000000000e+01
4.902343750000000000e-01
-4.875000000000000000e+00
1.750000000000000000e+00
-1.281250000000000000e+01
4.000000000000000000e+00
5.250000000000000000e+00
8.000000000000000000e+00
8.320312500000000000e-01
-8.812500000000000000e+00
3.875000000000000000e+01
-2.714843750000000000e-01
5.275000000000000000e+01
1.381250000000000000e+01
-8.000000000000000000e+00
-1.687500000000000000e+00
1.431250000000000000e+01
1.168750000000000000e+01
1.750000000000000000e+01
-2.140625000000000000e+00
2.537500000000000000e+01
-1.031250000000000000e+01
-1.450000000000000000e+01
-3.546875000000000000e+00
9.937500000000000000e+00
-6.031250000000000000e+00
2.050000000000000000e+01
-9.625000000000000000e+00
3.187500000000000000e+01
-5.656250000000000000e+00
1.950000000000000000e+01
-1.481250000000000000e+01
2.412500000000000000e+01
-9.437500000000000000e+00
3.200000000000000000e+01
-2.109375000000000000e+00
1.875000000000000000e-01
3.325000000000000000e+01
2.437500000000000000e+01
2.921875000000000000e+00
-2.140625000000000000e+00
1.600000000000000000e+01
-1.218750000000000000e+00
-1.450000000000000000e+01
1.637500000000000000e+01
2.287500000000000000e+01
-4.875000000000000000e+00
8.750000000000000000e+00
4.225000000000000000e+01
-7.968750000000000000e+00
1.193750000000000000e+01
-8.937500000000000000e+00
4.312500000000000000e+00
-2.765625000000000000e+00
-5.273437500000000000e-01
-1.375000000000000000e+01
1.850000000000000000e+01
-9.562500000000000000e+00
4.125000000000000000e+01
