-4.687500000000000000e-01
3.515625000000000000e-01
-1.875000000000000000e+00
1.304687500000000000e+00
-7.812500000000000000e-01
8.554687500000000000e-01
1.070312500000000000e+00
8.750000000000000000e-01
-1.078125000000000000e+00
-1.523437500000000000e+00
1.304687500000000000e+00
1.226562500000000000e+00
2.015625000000000000e+00
3.652343750000000000e-01
1.101562500000000000e+00
5.351562500000000000e-01
-7.812500000000000000e-01
9.218750000000000000e-01
7.695312500000000000e-01
-8.867187500000000000e-01
-6.132812500000000000e-01
2.531250000000000000e+00
-5.906250000000000000e+00
-6.367187500000000000e-01
1.070312500000000000e+00
5.507812500000000000e-01
-3.937500000000000000e+00
-1.242187500000000000e+00
1.826171875000000000e-01
-1.351562500000000000e+00
1.656250000000000000e+00
1.164062500000000000e+00
1.476562500000000000e+00
-8.789062500000000000e-01
-4.160156250000000000e-01
-1.710937500000000000e+00
7.460937500000000000e-01
-3.359375000000000000e-01
9.912109375000000000e-02
-9.023437500000000000e-01
-8.007812500000000000e-01
2.062500000000000000e+00
1.289062500000000000e+00
-4.218750000000000000e-01
-2.046875000000000000e+00
1.195312500000000000e+00
1.062500000000000000e+00
2.753906250000000000e-01
1.070312500000000000e+00
9.804687500000000000e-01
-2.832031250000000000e-01
-1.687500000000000000e+00
1.664062500000000000e+00
-1.000000000000000000e+00
1.343750000000000000e+00
5.429687500000000000e-01
-1.689453125000000000e-01
-2.640625000000000000e+00
4.785156250000000000e-01
8.437500000000000000e-01
-8.945312500000000000e-01
1.054687500000000000e+00
-6.787109375000000000e-02
2.171875000000000000e+00
2.015625000000000000e+00
1.647949218750000000e-02
1.289062500000000000e+00
1.660156250000000000e-01
2.343750000000000000e-01
7.773437500000000000e-01
-1.726562500000000000e+00
1.257812500000000000e+00
2.714843750000000000e-01
-1.632812500000000000e+00
2.140625000000000000e+00
-1.435546875000000000e-01
2.265625000000000000e+00
1.312500000000000000e+00
1.960937500000000000e+00
1.679687500000000000e-01
2.546875000000000000e+00
8.242187500000000000e-01
-8.906250000000000000e-01
-7.382812500000000000e-01
-2.125000000000000000e+00
1.023437500000000000e+00
-1.982421875000000000e-01
1.351562500000000000e+00
6.562500000000000000e-01
-2.578125000000000000e+00
-3.652343750000000000e-01
1.476562500000000000e+00
-1.335937500000000000e+00
5.786132812500000000e-02
7.812500000000000000e-01
-1.257812500000000000e+00
1.046875000000000000e+00
1.070312500000000000e+00
-1.507812500000000000e+00
1.187500000000000000e+00
8.320312500000000000e-01
-2.062500000000000000e+00
-1.531250000000000000e+00
1.835937500000000000e+00
1.625000000000000000e+00
1.898437500000000000e+00
-1.669921875000000000e-01
1.789062500000000000e+00
-1.320312500000000000e+00
-2.255859375000000000e-01
2.078125000000000000e+00
-9.648437500000000000e-01
1.492187500000000000e+00
-1.611328125000000000e-01
-1.023437500000000000e+00
2.218750000000000000e+00
1.351562500000000000e+00
-7.031250000000000000e-01
-1.648437500000000000e+00
-5.585937500000000000e-01
-1.195312500000000000e+00
-1.742187500000000000e+00
-3.378906250000000000e-01
1.257812500000000000e+00
1.445312500000000000e+00
5.156250000000000000e-01
1.851562500000000000e+00
1.937500000000000000e+00
1.500000000000000000e+00
1.062500000000000000e+00
1.781250000000000000e+00
1.164062500000000000e+00
8.632812500000000000e-01
-1.257812500000000000e+00
-1.648437500000000000e+00
-2.031250000000000000e-01
-6.787109375000000000e-02
9.570312500000000000e-01
1.820312500000000000e+00
-1.476562500000000000e+00
-7.851562500000000000e-01
1.992187500000000000e+00
1.851562500000000000e+00
5.781250000000000000e-01
1.664062500000000000e+00
-1.132812500000000000e+00
4.550781250000000000e-01
-1.101562500000000000e+00
1.351562500000000000e+00
1.656250000000000000e+00
1.601562500000000000e-01
-7.304687500000000000e-01
-1.140625000000000000e+00
-2.675781250000000000e-01
-1.437500000000000000e+00
-2.343750000000000000e+00
-8.164062500000000000e-01
-6.367187500000000000e-01
-3.125000000000000000e-02
-1.101562500000000000e+00
-4.589843750000000000e-01
-8.007812500000000000e-01
7.460937500000000000e-01
-2.796875000000000000e+00
-1.235351562500000000e-01
1.812500000000000000e+00
-1.414062500000000000e+00
-1.108398437500000000e-01
2.062500000000000000e+00
-1.257812500000000000e+00
1.062500000000000000e+00
-8.750000000000000000e-01
2.265625000000000000e+00
1.445312500000000000e+00
-2.697753906250000000e-02
1.875000000000000000e+00
-1.689453125000000000e-01
2.187500000000000000e+00
8.867187500000000000e-01
1.265625000000000000e+00
-7.773437500000000000e-01
1.570312500000000000e+00
1.069335937500000000e-01
-3.496093750000000000e-01
7.773437500000000000e-01
2.031250000000000000e+00
1.289062500000000000e+00
6.523437500000000000e-01
-4.082031250000000000e-01
7.851562500000000000e-01
1.539062500000000000e+00
-7.851562500000000000e-01
1.281250000000000000e+00
2.140625000000000000e+00
1.023437500000000000e+00
-1.414062500000000000e+00
1.015625000000000000e-01
-2.171875000000000000e+00
-1.320312500000000000e+00
-8.945312500000000000e-01
6.757812500000000000e-01
-5.156250000000000000e-01
-1.806640625000000000e-01
-6.914062500000000000e-01
1.621093750000000000e-01
1.257812500000000000e+00
2.675781250000000000e-01
-1.507812500000000000e+00
1.257812500000000000e+00
9.492187500000000000e-01
-1.273437500000000000e+00
1.148437500000000000e+00
-1.539062500000000000e+00
1.320312500000000000e+00
-9.687500000000000000e-01
2.046875000000000000e+00
4.394531250000000000e-01
1.320312500000000000e+00
-7.812500000000000000e-02
-2.218750000000000000e+00
-9.804687500000000000e-01
1.069335937500000000e-01
7.460937500000000000e-01
-6.127929687500000000e-02
-3.687500000000000000e+00
-1.437500000000000000e+00
-4.746093750000000000e-01
-1.960937500000000000e+00
-1.843750000000000000e+00
1.406250000000000000e+00
-7.070312500000000000e-01
6.289062500000000000e-01
-4.316406250000000000e-01
-6.500244140625000000e-03
-1.679687500000000000e-01
-1.585937500000000000e+00
-3.515625000000000000e-01
1.257812500000000000e+00
-1.710937500000000000e+00
-1.476562500000000000e+00
2.046875000000000000e+00
1.085937500000000000e+00
7.148437500000000000e-01
-4.355468750000000000e-01
-2.597656250000000000e-01
-9.335937500000000000e-01
-7.929687500000000000e-01
-7.968750000000000000e-01
-7.382812500000000000e-01
-1.718750000000000000e+00
-4.125000000000000000e+00
-1.242187500000000000e+00
1.562500000000000000e-02
-1.375000000000000000e+00
1.593750000000000000e+00
1.093750000000000000e+00
-1.601562500000000000e+00
-1.335937500000000000e+00
-4.980468750000000000e-01
-8.945312500000000000e-01
-1.164062500000000000e+00
1.796875000000000000e-01
-1.289062500000000000e+00
-4.238281250000000000e-01
1.093750000000000000e+00
3.750000000000000000e-01
-9.101562500000000000e-01
-6.875000000000000000e-01
1.953125000000000000e-02
-1.476562500000000000e+00
-1.335937500000000000e+00
-6.445312500000000000e-01
-9.882812500000000000e-01
1.070312500000000000e+00
-4.140625000000000000e-01
-1.898437500000000000e+00
1.554687500000000000e+00
-1.257812500000000000e+00
1.375000000000000000e+00
1.000000000000000000e+00
7.226562500000000000e-01
-1.476562500000000000e+00
7.539062500000000000e-01
-7.617187500000000000e-01
8.476562500000000000e-01
-5.273437500000000000e-01
4.121093750000000000e-01
1.109375000000000000e+00
-5.898437500000000000e-01
-1.187500000000000000e+00
1.492187500000000000e+00
1.257812500000000000e+00
-1.351562500000000000e+00
1.023437500000000000e+00
-1.250000000000000000e+00
1.875000000000000000e+00
9.687500000000000000e-01
2.177734375000000000e-01
1.304687500000000000e+00
2.558593750000000000e-01
1.414062500000000000e+00
1.117187500000000000e+00
1.304687500000000000e+00
1.968750000000000000e+00
6.992187500000000000e-01
2.015625000000000000e+00
-1.117187500000000000e+00
-5.039062500000000000e-01
9.882812500000000000e-01
1.210937500000000000e-01
7.070312500000000000e-01
-4.687500000000000000e-01
1.460937500000000000e+00
1.335937500000000000e+00
9.882812500000000000e-01
-1.523437500000000000e+00
-1.750000000000000000e+00
9.492187500000000000e-01
8.125000000000000000e-01
-1.437500000000000000e+00
-1.835937500000000000e+00
9.375000000000000000e-01
1.710937500000000000e+00
1.593750000000000000e+00
-3.625000000000000000e+00
-1.125000000000000000e+00
-5.664062500000000000e-01
6.132812500000000000e-01
9.804687500000000000e-01
-1.664062500000000000e+00
6.718750000000000000e-01
1.523437500000000000e+00
1.664062500000000000e+00
1.976562500000000000e+00
-2.093750000000000000e+00
-4.500000000000000000e+00
1.367187500000000000e-02
-2.140625000000000000e+00
-1.054687500000000000e+00
6.914062500000000000e-01
-1.710937500000000000e+00
1.648437500000000000e+00
1.187500000000000000e+00
8.632812500000000000e-01
-1.125000000000000000e+00
2.109375000000000000e+00
-1.601562500000000000e-01
2.640625000000000000e+00
-1.476562500000000000e+00
-1.000000000000000000e+00
-1.531250000000000000e+00
7.617187500000000000e-01
7.421875000000000000e-02
1.031250000000000000e+00
-1.962890625000000000e-01
-9.687500000000000000e-01
1.320312500000000000e+00
-2.296875000000000000e+00
-4.843750000000000000e-01
-5.312500000000000000e+00
-6.132812500000000000e-01
-8.164062500000000000e-01
-4.156250000000000000e+00
1.210937500000000000e+00
1.375000000000000000e+00
-2.890625000000000000e-01
3.203125000000000000e-01
-1.406250000000000000e+00
-2.265625000000000000e+00
1.687500000000000000e+00
8.593750000000000000e-01
-1.195312500000000000e+00
1.500000000000000000e+00
1.710937500000000000e+00
-1.455078125000000000e-01
1.085937500000000000e+00
-2.558593750000000000e-01
8.125000000000000000e-01
-4.863281250000000000e-01
-6.835937500000000000e-01
-1.500000000000000000e+00
1.289062500000000000e+00
1.226562500000000000e+00
-6.054687500000000000e-01
