1.648437500000000000e+00
6.250000000000000000e-02
-2.343750000000000000e+00
2.093750000000000000e+00
-2.001953125000000000e-01
1.976562500000000000e+00
2.125000000000000000e+00
1.632812500000000000e+00
-1.148437500000000000e+00
-1.414062500000000000e+00
2.140625000000000000e+00
1.500000000000000000e+00
2.453125000000000000e+00
6.914062500000000000e-01
2.046875000000000000e+00
1.398437500000000000e+00
-1.460937500000000000e+00
1.648437500000000000e+00
2.375000000000000000e+00
-1.750000000000000000e+00
-4.121093750000000000e-01
3.046875000000000000e+00
-4.718750000000000000e+00
-1.179687500000000000e+00
1.750000000000000000e+00
1.148437500000000000e+00
-2.750000000000000000e+00
-6.718750000000000000e-01
-2.910156250000000000e-01
-1.523437500000000000e+00
2.765625000000000000e+00
1.625000000000000000e+00
2.171875000000000000e+00
-7.617187500000000000e-01
1.875000000000000000e-01
-1.773437500000000000e+00
1.531250000000000000e+00
-8.320312500000000000e-01
8.007812500000000000e-01
-2.218750000000000000e+00
-2.871093750000000000e-01
3.203125000000000000e+00
1.289062500000000000e+00
-9.101562500000000000e-01
-1.210937500000000000e+00
2.140625000000000000e+00
1.523437500000000000e+00
-6.132812500000000000e-01
1.507812500000000000e+00
2.078125000000000000e+00
-9.687500000000000000e-01
-1.554687500000000000e+00
2.140625000000000000e+00
-1.757812500000000000e+00
2.000000000000000000e+00
1.960937500000000000e+00
-1.398437500000000000e+00
-1.070312500000000000e+00
2.578125000000000000e-01
1.375000000000000000e+00
-1.398437500000000000e+00
1.664062500000000000e+00
-6.875000000000000000e-01
3.421875000000000000e+00
2.484375000000000000e+00
-3.886718750000000000e-01
2.328125000000000000e+00
-2.695312500000000000e-01
-5.820312500000000000e-01
1.437500000000000000e+00
-1.898437500000000000e+00
2.687500000000000000e+00
-3.593750000000000000e-01
-1.882812500000000000e+00
2.765625000000000000e+00
6.347656250000000000e-02
3.328125000000000000e+00
2.125000000000000000e+00
2.937500000000000000e+00
9.179687500000000000e-02
3.296875000000000000e+00
1.679687500000000000e+00
-1.500000000000000000e+00
-1.148437500000000000e+00
-3.296875000000000000e+00
2.078125000000000000e+00
1.781250000000000000e+00
2.484375000000000000e+00
1.531250000000000000e+00
-1.851562500000000000e+00
-1.289062500000000000e+00
1.070312500000000000e+00
-3.046875000000000000e+00
-5.312500000000000000e-01
8.437500000000000000e-01
-1.023437500000000000e+00
3.625000000000000000e+00
1.820312500000000000e+00
1.259765625000000000e-01
1.648437500000000000e+00
2.328125000000000000e+00
-1.625000000000000000e+00
-1.937500000000000000e+00
2.171875000000000000e+00
2.921875000000000000e+00
2.875000000000000000e+00
-5.590820312500000000e-02
2.421875000000000000e+00
-1.085937500000000000e+00
-1.054687500000000000e+00
3.421875000000000000e+00
-2.392578125000000000e-02
1.656250000000000000e+00
-1.570312500000000000e+00
-7.968750000000000000e-01
3.203125000000000000e+00
1.062500000000000000e+00
-1.625000000000000000e+00
-1.351562500000000000e+00
-6.093750000000000000e-01
-1.257812500000000000e+00
-1.257812500000000000e+00
-8.632812500000000000e-01
2.453125000000000000e+00
1.960937500000000000e+00
1.460937500000000000e+00
2.578125000000000000e+00
3.359375000000000000e+00
2.390625000000000000e+00
1.335937500000000000e+00
2.359375000000000000e+00
7.617187500000000000e-01
1.601562500000000000e+00
-1.468750000000000000e+00
-1.843750000000000000e+00
-9.335937500000000000e-01
-7.695312500000000000e-01
2.250000000000000000e+00
2.500000000000000000e+00
-1.460937500000000000e+00
-1.101562500000000000e+00
2.453125000000000000e+00
3.140625000000000000e+00
1.539062500000000000e+00
2.703125000000000000e+00
-6.445312500000000000e-01
2.312500000000000000e+00
-1.507812500000000000e+00
2.453125000000000000e+00
2.828125000000000000e+00
1.726562500000000000e+00
-2.041015625000000000e-01
-1.218750000000000000e+00
8.710937500000000000e-01
-1.085937500000000000e+00
-1.250000000000000000e+00
-7.304687500000000000e-01
-9.687500000000000000e-01
6.210937500000000000e-01
-7.539062500000000000e-01
-1.195312500000000000e+00
-1.195312500000000000e+00
1.039062500000000000e+00
-2.937500000000000000e+00
-6.679687500000000000e-01
3.015625000000000000e+00
-1.210937500000000000e+00
-4.218750000000000000e-01
2.703125000000000000e+00
-1.726562500000000000e+00
1.648437500000000000e+00
-1.726562500000000000e+00
3.375000000000000000e+00
2.453125000000000000e+00
-3.105468750000000000e-01
2.687500000000000000e+00
-6.132812500000000000e-01
3.000000000000000000e+00
2.093750000000000000e+00
2.250000000000000000e+00
8.437500000000000000e-01
2.671875000000000000e+00
-5.898437500000000000e-01
-1.367187500000000000e+00
5.820312500000000000e-01
3.437500000000000000e+00
1.937500000000000000e+00
1.023437500000000000e+00
-2.148437500000000000e-01
1.289062500000000000e+00
2.609375000000000000e+00
-1.085937500000000000e+00
2.046875000000000000e+00
3.125000000000000000e+00
1.687500000000000000e+00
3.886718750000000000e-01
5.937500000000000000e-01
-1.669921875000000000e-01
-1.187500000000000000e+00
-1.132812500000000000e+00
1.085937500000000000e+00
7.929687500000000000e-01
1.127929687500000000e-01
-1.464843750000000000e-01
2.871093750000000000e-01
2.250000000000000000e+00
-1.054687500000000000e+00
-1.523437500000000000e+00
2.109375000000000000e+00
1.804687500000000000e+00
-1.164062500000000000e+00
1.976562500000000000e+00
-9.257812500000000000e-01
2.328125000000000000e+00
-1.040039062500000000e-01
3.515625000000000000e+00
1.500000000000000000e+00
2.515625000000000000e+00
9.960937500000000000e-01
7.812500000000000000e-03
-1.218750000000000000e+00
5.117187500000000000e-01
1.179687500000000000e+00
-5.000000000000000000e-01
-2.437500000000000000e+00
-1.710937500000000000e+00
-1.492187500000000000e+00
-1.929687500000000000e+00
-6.132812500000000000e-01
2.796875000000000000e+00
-1.320312500000000000e+00
2.375000000000000000e+00
1.015625000000000000e+00
5.976562500000000000e-01
-4.453125000000000000e-01
-1.101562500000000000e+00
3.261718750000000000e-01
2.484375000000000000e+00
-2.140625000000000000e+00
-8.632812500000000000e-01
2.828125000000000000e+00
8.867187500000000000e-01
1.914062500000000000e-01
1.039062500000000000e+00
-6.875000000000000000e-01
-1.531250000000000000e+00
-9.570312500000000000e-01
-2.119140625000000000e-01
-1.476562500000000000e+00
-1.375000000000000000e+00
-1.867187500000000000e+00
-1.406250000000000000e+00
2.484375000000000000e+00
-1.023437500000000000e+00
2.265625000000000000e+00
2.125000000000000000e+00
-1.726562500000000000e+00
-1.914062500000000000e+00
-2.734375000000000000e-01
-3.300781250000000000e-01
-1.031250000000000000e+00
-1.585937500000000000e+00
-1.039062500000000000e+00
4.614257812500000000e-02
1.343750000000000000e+00
9.218750000000000000e-01
-1.000000000000000000e+00
-1.562500000000000000e+00
-6.992187500000000000e-01
-1.250000000000000000e+00
-2.000000000000000000e+00
-7.382812500000000000e-01
-9.101562500000000000e-01
1.601562500000000000e+00
-1.039062500000000000e+00
-1.789062500000000000e+00
2.437500000000000000e+00
4.843750000000000000e-01
2.203125000000000000e+00
2.453125000000000000e+00
1.625000000000000000e+00
-1.304687500000000000e+00
-7.773437500000000000e-01
-7.617187500000000000e-01
-1.367187500000000000e-01
-6.445312500000000000e-01
9.882812500000000000e-01
1.882812500000000000e+00
-1.054687500000000000e+00
-1.242187500000000000e+00
1.742187500000000000e+00
2.234375000000000000e+00
-3.312500000000000000e+00
1.039062500000000000e+00
-6.914062500000000000e-01
2.359375000000000000e+00
1.820312500000000000e+00
7.861328125000000000e-02
1.648437500000000000e+00
4.765625000000000000e-01
1.882812500000000000e+00
1.070312500000000000e+00
3.140625000000000000e+00
2.875000000000000000e+00
1.476562500000000000e+00
3.250000000000000000e+00
-1.250000000000000000e+00
1.078125000000000000e+00
1.398437500000000000e+00
-5.664062500000000000e-01
1.437500000000000000e+00
-1.054687500000000000e+00
1.507812500000000000e+00
2.140625000000000000e+00
1.789062500000000000e+00
-1.500000000000000000e+00
-9.570312500000000000e-01
2.046875000000000000e+00
1.789062500000000000e+00
-1.414062500000000000e+00
-1.257812500000000000e+00
1.851562500000000000e+00
2.890625000000000000e+00
2.046875000000000000e+00
-3.187500000000000000e+00
-1.062500000000000000e+00
-6.835937500000000000e-01
3.437500000000000000e-01
1.593750000000000000e+00
-1.679687500000000000e+00
1.093750000000000000e+00
1.820312500000000000e+00
2.828125000000000000e+00
2.656250000000000000e+00
-2.671875000000000000e+00
-3.375000000000000000e+00
-3.442382812500000000e-02
-4.433593750000000000e-01
-1.679687500000000000e+00
-2.949218750000000000e-01
-1.601562500000000000e+00
2.921875000000000000e+00
1.023437500000000000e+00
1.445312500000000000e+00
-1.218750000000000000e+00
3.296875000000000000e+00
2.275390625000000000e-01
3.296875000000000000e+00
-1.179687500000000000e+00
-2.046875000000000000e+00
-6.523437500000000000e-01
1.632812500000000000e+00
-2.382812500000000000e-01
2.296875000000000000e+00
-5.507812500000000000e-01
-1.218750000000000000e+00
1.648437500000000000e+00
-1.250000000000000000e+00
-2.470703125000000000e-01
-4.468750000000000000e+00
-4.667968750000000000e-01
-2.031250000000000000e+00
-2.828125000000000000e+00
2.312500000000000000e+00
1.906250000000000000e+00
-9.687500000000000000e-01
1.414062500000000000e+00
-1.375000000000000000e+00
-3.000000000000000000e+00
2.609375000000000000e+00
2.000000000000000000e+00
-7.187500000000000000e-01
2.312500000000000000e+00
3.250000000000000000e+00
-2.470703125000000000e-01
2.109375000000000000e+00
-9.687500000000000000e-01
1.265625000000000000e+00
2.792968750000000000e-01
-1.210937500000000000e+00
-1.367187500000000000e+00
2.171875000000000000e+00
3.925781250000000000e-01
8.320312500000000000e-01
