3.475000000000000000e+01
-2.156250000000000000e+00
-7.500000000000000000e+00
1.118750000000000000e+01
-2.046875000000000000e+00
-3.921875000000000000e+00
5.843750000000000000e+00
7.875000000000000000e+00
-3.796875000000000000e+00
-2.500000000000000000e+00
7.593750000000000000e+00
4.593750000000000000e+00
4.093750000000000000e+00
2.375000000000000000e+00
1.031250000000000000e+01
6.750000000000000000e+00
-9.250000000000000000e+00
8.250000000000000000e+00
3.062500000000000000e+01
-5.195312500000000000e-01
-2.812500000000000000e+00
-3.359375000000000000e-01
1.593750000000000000e+01
-2.109375000000000000e+00
9.562500000000000000e+00
8.187500000000000000e+00
1.443750000000000000e+01
-4.121093750000000000e-01
3.078125000000000000e+00
-7.000000000000000000e+00
1.862500000000000000e+01
-1.043750000000000000e+01
1.250000000000000000e+01
-6.375000000000000000e+00
-2.750000000000000000e+00
-2.140625000000000000e+00
-2.109375000000000000e+00
5.273437500000000000e-01
8.000000000000000000e+00
-4.250000000000000000e+00
-1.093750000000000000e+00
1.762500000000000000e+01
4.968750000000000000e+00
-5.187500000000000000e+00
-1.992187500000000000e+00
3.125000000000000000e+00
2.593750000000000000e+00
-1.750000000000000000e+00
-1.773437500000000000e+00
1.750000000000000000e+01
8.242187500000000000e-01
-1.914062500000000000e+00
-4.125000000000000000e+00
-6.468750000000000000e+00
1.343750000000000000e+01
2.262500000000000000e+01
-6.000000000000000000e+00
3.012500000000000000e+01
2.890625000000000000e+00
7.156250000000000000e+00
-1.781250000000000000e+00
2.796875000000000000e+00
2.578125000000000000e+00
1.325000000000000000e+01
5.218750000000000000e+00
-3.078125000000000000e+00
1.675000000000000000e+01
-3.609375000000000000e+00
1.617187500000000000e+00
-5.062500000000000000e+00
-2.015625000000000000e+00
1.625000000000000000e+00
1.523437500000000000e+00
-9.750000000000000000e+00
-2.390625000000000000e+00
-1.368750000000000000e+01
1.250000000000000000e+01
2.921875000000000000e+00
1.131250000000000000e+01
4.343750000000000000e+00
4.250000000000000000e+00
8.750000000000000000e+00
-3.671875000000000000e+00
-1.257812500000000000e+00
-1.018750000000000000e+01
-1.742187500000000000e+00
2.400000000000000000e+01
1.506250000000000000e+01
6.843750000000000000e+00
-1.476562500000000000e+00
-1.414062500000000000e+00
1.406250000000000000e+00
-1.231250000000000000e+01
1.960937500000000000e+00
-7.781250000000000000e+00
-6.031250000000000000e+00
3.775000000000000000e+01
9.437500000000000000e+00
-1.601562500000000000e+00
5.976562500000000000e-01
2.212500000000000000e+01
-9.570312500000000000e-01
-5.843750000000000000e+00
2.125000000000000000e+00
2.000000000000000000e+01
1.331250000000000000e+01
-2.953125000000000000e+00
1.273437500000000000e+00
-1.007812500000000000e+00
-5.429687500000000000e-01
1.850000000000000000e+01
-5.906250000000000000e+00
-2.671875000000000000e+00
-3.171875000000000000e+00
-2.000000000000000000e+00
1.125000000000000000e+01
-1.662500000000000000e+01
-6.156250000000000000e+00
-8.437500000000000000e-01
-2.875000000000000000e+00
-7.750000000000000000e+00
-1.101562500000000000e+00
-5.375000000000000000e+00
7.750000000000000000e+00
5.468750000000000000e-01
9.687500000000000000e+00
7.843750000000000000e+00
2.250000000000000000e+01
1.181250000000000000e+01
5.468750000000000000e-01
-1.820312500000000000e+00
-9.250000000000000000e+00
6.156250000000000000e+00
-5.093750000000000000e+00
2.550000000000000000e+01
-2.171875000000000000e+00
-2.714843750000000000e-01
1.612500000000000000e+01
7.843750000000000000e+00
-7.156250000000000000e+00
1.414062500000000000e+00
-5.000000000000000000e+00
1.231250000000000000e+01
5.593750000000000000e+00
1.075000000000000000e+01
-3.609375000000000000e+00
2.550000000000000000e+01
-5.968750000000000000e+00
1.318750000000000000e+01
1.100000000000000000e+01
3.375000000000000000e+01
-2.875000000000000000e+00
-4.156250000000000000e+00
2.875000000000000000e+00
-7.460937500000000000e-01
2.162500000000000000e+01
-4.843750000000000000e+00
-1.070312500000000000e+00
-1.375000000000000000e+00
-5.156250000000000000e+00
1.000000000000000000e+00
9.875000000000000000e+00
7.531250000000000000e+00
1.575000000000000000e+01
1.320312500000000000e+00
1.900000000000000000e+01
-2.421875000000000000e+00
2.312500000000000000e+00
1.851562500000000000e+00
-7.250000000000000000e+00
3.500000000000000000e+00
-4.824218750000000000e-01
1.368750000000000000e+01
1.450000000000000000e+01
-3.906250000000000000e-01
1.268750000000000000e+01
3.000000000000000000e+00
6.156250000000000000e+00
-2.500000000000000000e+00
1.043750000000000000e+01
1.887500000000000000e+01
1.375000000000000000e+01
-4.031250000000000000e+00
-5.820312500000000000e-01
-3.953125000000000000e+00
2.237500000000000000e+01
5.156250000000000000e+00
1.789062500000000000e+00
-3.546875000000000000e+00
3.921875000000000000e+00
9.437500000000000000e+00
-2.640625000000000000e+00
1.431250000000000000e+01
1.268750000000000000e+01
6.500000000000000000e+00
2.562500000000000000e+01
-8.632812500000000000e-01
2.862500000000000000e+01
-2.250000000000000000e+00
-5.937500000000000000e-01
1.812500000000000000e+00
2.412500000000000000e+01
-2.750000000000000000e+00
-6.093750000000000000e+00
2.671875000000000000e+00
1.850000000000000000e+01
-1.081250000000000000e+01
-2.875000000000000000e+00
1.150000000000000000e+01
1.381250000000000000e+01
-4.093750000000000000e+00
1.468750000000000000e+01
-2.359375000000000000e+00
2.453125000000000000e+00
-4.031250000000000000e+00
2.162500000000000000e+01
2.212500000000000000e+01
8.312500000000000000e+00
-1.150000000000000000e+01
2.937500000000000000e+01
-6.718750000000000000e-01
3.437500000000000000e+00
4.031250000000000000e+00
5.742187500000000000e-01
2.062500000000000000e+01
-5.906250000000000000e+00
3.437500000000000000e-01
-2.070312500000000000e-01
1.481250000000000000e+01
8.789062500000000000e-01
-3.500000000000000000e+00
3.062500000000000000e+01
2.762500000000000000e+01
-1.898437500000000000e+00
2.578125000000000000e-01
-8.398437500000000000e-01
-4.906250000000000000e+00
5.406250000000000000e+00
-7.843750000000000000e+00
-1.945312500000000000e+00
9.000000000000000000e+00
-6.132812500000000000e-01
-1.950000000000000000e+01
5.429687500000000000e-01
7.343750000000000000e-01
3.515625000000000000e-01
2.062500000000000000e+00
-5.507812500000000000e-01
4.296875000000000000e-01
-1.218750000000000000e+00
2.650000000000000000e+01
-6.500000000000000000e+00
3.100000000000000000e+01
-2.234375000000000000e+00
7.906250000000000000e+00
-4.218750000000000000e-01
-6.843750000000000000e+00
-9.437500000000000000e+00
-6.125000000000000000e+00
-6.656250000000000000e+00
-9.062500000000000000e+00
-4.593750000000000000e+00
-2.671875000000000000e+00
-1.476562500000000000e+00
-2.714843750000000000e-01
-1.125000000000000000e+00
-7.750000000000000000e+00
5.156250000000000000e-01
2.562500000000000000e+00
-5.156250000000000000e-01
6.835937500000000000e-01
6.445312500000000000e-01
-5.312500000000000000e+00
8.562500000000000000e+00
-1.062500000000000000e+00
1.568750000000000000e+01
1.481250000000000000e+01
2.862500000000000000e+01
8.187500000000000000e+00
1.518750000000000000e+01
1.100000000000000000e+01
3.984375000000000000e-01
-1.625000000000000000e+00
-1.625000000000000000e+00
-8.476562500000000000e-01
5.976562500000000000e-01
9.187500000000000000e+00
6.281250000000000000e+00
-1.718750000000000000e+00
-6.406250000000000000e+00
2.359375000000000000e+00
7.000000000000000000e+00
-5.750000000000000000e+00
5.507812500000000000e-01
-2.875000000000000000e+00
8.312500000000000000e+00
1.118750000000000000e+01
-2.328125000000000000e+00
1.106250000000000000e+01
3.687500000000000000e+00
6.523437500000000000e-01
-4.093750000000000000e+00
2.637500000000000000e+01
1.393750000000000000e+01
1.062500000000000000e+01
5.125000000000000000e+00
-5.039062500000000000e-01
2.362500000000000000e+01
-9.179687500000000000e-01
5.507812500000000000e-01
9.812500000000000000e+00
-1.710937500000000000e+00
-1.304687500000000000e+00
1.181250000000000000e+01
5.750000000000000000e+00
-7.843750000000000000e+00
-1.968750000000000000e+00
1.625000000000000000e+01
1.000000000000000000e+01
-2.328125000000000000e+00
-6.250000000000000000e+00
1.131250000000000000e+01
1.018750000000000000e+01
1.687500000000000000e+00
1.181250000000000000e+01
-6.906250000000000000e+00
6.210937500000000000e-01
-7.500000000000000000e-01
2.437500000000000000e+00
-8.687500000000000000e+00
3.953125000000000000e+00
5.125000000000000000e+00
6.406250000000000000e+00
1.679687500000000000e+00
-7.093750000000000000e+00
1.812500000000000000e+01
6.132812500000000000e-01
2.937500000000000000e+01
7.875000000000000000e+00
-5.656250000000000000e+00
-1.757812500000000000e+00
1.018750000000000000e+01
8.812500000000000000e+00
1.100000000000000000e+01
-1.335937500000000000e+00
1.662500000000000000e+01
-4.375000000000000000e+00
-7.843750000000000000e+00
-1.710937500000000000e+00
5.187500000000000000e+00
-2.578125000000000000e+00
1.231250000000000000e+01
-4.656250000000000000e+00
1.862500000000000000e+01
-3.046875000000000000e+00
1.125000000000000000e+01
-9.312500000000000000e+00
1.393750000000000000e+01
-5.031250000000000000e+00
1.500000000000000000e+01
-8.242187500000000000e-01
-4.531250000000000000e-01
1.775000000000000000e+01
1.481250000000000000e+01
3.359375000000000000e+00
-8.242187500000000000e-01
9.437500000000000000e+00
-1.375000000000000000e+00
-1.006250000000000000e+01
1.100000000000000000e+01
1.418750000000000000e+01
-1.773437500000000000e+00
6.843750000000000000e+00
2.450000000000000000e+01
-4.718750000000000000e+00
8.687500000000000000e+00
-5.125000000000000000e+00
4.218750000000000000e+00
6.054687500000000000e-01
-6.210937500000000000e-01
-9.000000000000000000e+00
1.218750000000000000e+01
-6.843750000000000000e+00
2.337500000000000000e+01
