7.304687500000000000e-01
7.343750000000000000e-01
-2.171875000000000000e+00
1.523437500000000000e+00
-4.589843750000000000e-01
1.826171875000000000e-01
1.023437500000000000e+00
9.687500000000000000e-01
-1.093750000000000000e+00
-1.625000000000000000e+00
1.226562500000000000e+00
1.382812500000000000e+00
1.960937500000000000e+00
3.222656250000000000e-01
1.289062500000000000e+00
4.531250000000000000e-01
-9.023437500000000000e-01
1.054687500000000000e+00
1.656250000000000000e+00
-5.273437500000000000e-01
-4.218750000000000000e-01
1.976562500000000000e+00
-4.968750000000000000e+00
-6.875000000000000000e-01
1.210937500000000000e+00
6.757812500000000000e-01
-3.375000000000000000e+00
-1.078125000000000000e+00
7.617187500000000000e-01
-1.710937500000000000e+00
1.976562500000000000e+00
3.063964843750000000e-02
1.710937500000000000e+00
-1.062500000000000000e+00
-9.101562500000000000e-01
-1.632812500000000000e+00
3.457031250000000000e-01
-1.298828125000000000e-01
3.222656250000000000e-01
-5.195312500000000000e-01
-4.589843750000000000e-01
2.421875000000000000e+00
1.585937500000000000e+00
-5.742187500000000000e-01
-1.789062500000000000e+00
9.414062500000000000e-01
1.023437500000000000e+00
2.451171875000000000e-01
6.210937500000000000e-01
1.445312500000000000e+00
1.845703125000000000e-01
-1.812500000000000000e+00
9.687500000000000000e-01
-1.062500000000000000e+00
1.554687500000000000e+00
1.242187500000000000e+00
4.980468750000000000e-01
-1.234375000000000000e+00
9.218750000000000000e-01
9.257812500000000000e-01
-3.164062500000000000e-01
9.179687500000000000e-01
3.808593750000000000e-01
2.437500000000000000e+00
1.976562500000000000e+00
1.235351562500000000e-01
1.648437500000000000e+00
2.314453125000000000e-01
1.070312500000000000e+00
2.636718750000000000e-01
-1.625000000000000000e+00
1.039062500000000000e+00
8.007812500000000000e-01
-1.976562500000000000e+00
1.710937500000000000e+00
-1.085937500000000000e+00
2.359375000000000000e+00
1.070312500000000000e+00
2.078125000000000000e+00
2.714843750000000000e-01
2.296875000000000000e+00
8.320312500000000000e-01
-6.562500000000000000e-01
-7.773437500000000000e-01
-2.453125000000000000e+00
3.437500000000000000e-01
4.062500000000000000e-01
1.656250000000000000e+00
6.054687500000000000e-01
-2.296875000000000000e+00
-8.984375000000000000e-02
1.695312500000000000e+00
-1.539062500000000000e+00
4.628906250000000000e-01
2.021484375000000000e-01
-1.476562500000000000e+00
1.992187500000000000e+00
1.195312500000000000e+00
-2.046875000000000000e+00
8.867187500000000000e-01
1.398437500000000000e+00
-2.000000000000000000e+00
-1.695312500000000000e+00
1.710937500000000000e+00
1.906250000000000000e+00
2.203125000000000000e+00
-3.691406250000000000e-01
1.507812500000000000e+00
-1.101562500000000000e+00
1.445312500000000000e-01
2.359375000000000000e+00
-1.617187500000000000e+00
9.023437500000000000e-01
3.437500000000000000e-01
-7.617187500000000000e-01
2.281250000000000000e+00
4.628906250000000000e-01
-7.929687500000000000e-01
-1.648437500000000000e+00
-5.664062500000000000e-01
-1.585937500000000000e+00
-1.789062500000000000e+00
-5.859375000000000000e-01
1.226562500000000000e+00
9.687500000000000000e-01
6.992187500000000000e-01
1.914062500000000000e+00
2.359375000000000000e+00
1.726562500000000000e+00
7.617187500000000000e-01
1.117187500000000000e+00
3.300781250000000000e-01
8.750000000000000000e-01
-1.445312500000000000e+00
-4.589843750000000000e-01
-6.640625000000000000e-02
2.294921875000000000e-01
1.171875000000000000e+00
2.000000000000000000e+00
-1.617187500000000000e+00
-7.812500000000000000e-01
1.078125000000000000e+00
1.937500000000000000e+00
4.785156250000000000e-01
1.781250000000000000e+00
-1.132812500000000000e+00
1.062500000000000000e+00
-8.750000000000000000e-01
1.531250000000000000e+00
1.585937500000000000e+00
1.445312500000000000e+00
-5.156250000000000000e-01
-1.468750000000000000e+00
-5.195312500000000000e-01
-1.164062500000000000e+00
-1.398437500000000000e+00
-5.000000000000000000e-01
-2.373046875000000000e-01
2.021484375000000000e-01
-1.585937500000000000e+00
-4.467773437500000000e-02
-1.225585937500000000e-01
9.570312500000000000e-01
-1.960937500000000000e+00
4.238281250000000000e-01
2.218750000000000000e+00
-1.539062500000000000e+00
1.239013671875000000e-02
1.726562500000000000e+00
-1.375000000000000000e+00
1.023437500000000000e+00
-3.964843750000000000e-01
2.421875000000000000e+00
1.757812500000000000e+00
9.619140625000000000e-02
2.109375000000000000e+00
2.890625000000000000e-01
1.937500000000000000e+00
3.637695312500000000e-02
1.382812500000000000e+00
-2.871093750000000000e-01
1.750000000000000000e+00
1.298828125000000000e-01
2.490234375000000000e-01
9.179687500000000000e-01
2.390625000000000000e+00
1.281250000000000000e+00
5.859375000000000000e-01
-2.421875000000000000e-01
7.500000000000000000e-01
1.562500000000000000e+00
-5.585937500000000000e-01
1.625000000000000000e+00
2.390625000000000000e+00
1.046875000000000000e+00
-4.375000000000000000e-01
-1.835937500000000000e-01
-1.210937500000000000e+00
-1.304687500000000000e+00
-8.945312500000000000e-01
5.429687500000000000e-01
3.339843750000000000e-01
-6.093750000000000000e-01
-1.304687500000000000e+00
5.000000000000000000e-01
1.742187500000000000e+00
1.601562500000000000e-01
-1.398437500000000000e+00
1.414062500000000000e+00
1.257812500000000000e+00
-1.617187500000000000e+00
1.570312500000000000e+00
-1.507812500000000000e+00
1.000000000000000000e+00
-1.382812500000000000e+00
2.500000000000000000e+00
1.179687500000000000e+00
1.343750000000000000e+00
-8.789062500000000000e-01
-1.125000000000000000e+00
-8.867187500000000000e-01
4.941406250000000000e-01
6.914062500000000000e-01
1.962890625000000000e-01
-2.625000000000000000e+00
-1.804687500000000000e+00
-2.087402343750000000e-02
-2.000000000000000000e+00
-1.281250000000000000e+00
7.539062500000000000e-01
-9.687500000000000000e-01
1.632812500000000000e+00
5.039062500000000000e-01
-4.277343750000000000e-01
-2.031250000000000000e-01
-1.648437500000000000e+00
-9.130859375000000000e-02
1.164062500000000000e+00
-2.265625000000000000e+00
-1.929687500000000000e+00
2.171875000000000000e+00
8.320312500000000000e-01
-5.585937500000000000e-01
-4.531250000000000000e-01
-5.004882812500000000e-02
-5.820312500000000000e-01
-8.789062500000000000e-01
-7.226562500000000000e-01
-3.828125000000000000e-01
-1.664062500000000000e+00
-2.890625000000000000e+00
-1.835937500000000000e+00
7.617187500000000000e-01
-1.375000000000000000e+00
1.617187500000000000e+00
1.689453125000000000e-01
-1.914062500000000000e+00
-1.773437500000000000e+00
-9.218750000000000000e-01
-1.125000000000000000e+00
-1.257812500000000000e+00
5.078125000000000000e-01
-1.335937500000000000e+00
-5.781250000000000000e-01
9.492187500000000000e-01
9.619140625000000000e-02
-1.343750000000000000e+00
-3.066406250000000000e-01
7.304687500000000000e-01
-1.562500000000000000e+00
-7.695312500000000000e-01
-6.132812500000000000e-01
-1.500000000000000000e+00
1.289062500000000000e+00
4.272460937500000000e-02
-9.960937500000000000e-01
1.898437500000000000e+00
-3.222656250000000000e-01
1.351562500000000000e+00
1.226562500000000000e+00
1.007812500000000000e+00
-1.625000000000000000e+00
1.539062500000000000e+00
-6.562500000000000000e-01
1.445312500000000000e+00
-2.304687500000000000e-01
7.031250000000000000e-01
1.023437500000000000e+00
-5.703125000000000000e-01
-1.632812500000000000e+00
1.367187500000000000e+00
1.226562500000000000e+00
-8.789062500000000000e-01
1.250000000000000000e+00
-1.210937500000000000e+00
2.109375000000000000e+00
1.148437500000000000e+00
7.460937500000000000e-01
1.656250000000000000e+00
3.906250000000000000e-01
1.125000000000000000e+00
5.429687500000000000e-01
1.929687500000000000e+00
2.250000000000000000e+00
8.554687500000000000e-01
1.812500000000000000e+00
-1.031250000000000000e+00
2.236328125000000000e-01
7.148437500000000000e-01
6.875000000000000000e-01
8.906250000000000000e-01
-1.104736328125000000e-02
1.062500000000000000e+00
1.531250000000000000e+00
8.750000000000000000e-01
-1.781250000000000000e+00
-1.656250000000000000e+00
1.375000000000000000e+00
9.179687500000000000e-01
-1.585937500000000000e+00
-2.046875000000000000e+00
1.117187500000000000e+00
1.726562500000000000e+00
1.351562500000000000e+00
-2.828125000000000000e+00
-1.664062500000000000e+00
-2.265625000000000000e-01
8.632812500000000000e-01
8.281250000000000000e-01
-1.867187500000000000e+00
8.007812500000000000e-01
1.687500000000000000e+00
1.539062500000000000e+00
1.539062500000000000e+00
-2.375000000000000000e+00
-3.390625000000000000e+00
2.060546875000000000e-01
-8.437500000000000000e-01
-4.589843750000000000e-01
5.898437500000000000e-01
-1.664062500000000000e+00
1.585937500000000000e+00
1.539062500000000000e+00
1.187500000000000000e+00
-1.070312500000000000e+00
2.437500000000000000e+00
-5.117187500000000000e-01
1.742187500000000000e+00
-1.476562500000000000e+00
-4.121093750000000000e-01
-1.109375000000000000e+00
1.007812500000000000e+00
-3.652343750000000000e-01
1.429687500000000000e+00
-3.750000000000000000e-01
-3.671875000000000000e-01
4.062500000000000000e-01
-1.601562500000000000e+00
-1.845703125000000000e-01
-4.093750000000000000e+00
-5.585937500000000000e-01
-3.339843750000000000e-01
-3.171875000000000000e+00
1.492187500000000000e+00
1.195312500000000000e+00
3.183593750000000000e-01
4.296875000000000000e-01
-1.117187500000000000e+00
-2.750000000000000000e+00
1.835937500000000000e+00
1.039062500000000000e+00
-1.085937500000000000e+00
1.437500000000000000e+00
2.109375000000000000e+00
-6.914062500000000000e-01
1.101562500000000000e+00
-1.591796875000000000e-01
8.437500000000000000e-01
-4.531250000000000000e-01
-5.820312500000000000e-01
-1.695312500000000000e+00
1.414062500000000000e+00
8.593750000000000000e-01
1.562500000000000000e-01
