9.800000000000000000e+01
-6.000000000000000000e+00
-1.481250000000000000e+01
2.650000000000000000e+01
-6.343750000000000000e+00
-1.075000000000000000e+01
1.056250000000000000e+01
1.962500000000000000e+01
-6.906250000000000000e+00
-4.468750000000000000e+00
1.431250000000000000e+01
4.625000000000000000e+00
3.171875000000000000e+00
3.140625000000000000e+00
2.400000000000000000e+01
1.400000000000000000e+01
-1.800000000000000000e+01
1.737500000000000000e+01
8.550000000000000000e+01
5.273437500000000000e-01
-9.562500000000000000e+00
-3.625000000000000000e+00
6.025000000000000000e+01
-4.875000000000000000e+00
2.062500000000000000e+01
1.925000000000000000e+01
5.325000000000000000e+01
-6.093750000000000000e+00
3.171875000000000000e+00
-1.450000000000000000e+01
4.725000000000000000e+01
-2.187500000000000000e+01
2.762500000000000000e+01
-1.600000000000000000e+01
-1.835937500000000000e+00
-6.093750000000000000e+00
-4.468750000000000000e+00
8.554687500000000000e-01
2.150000000000000000e+01
-1.118750000000000000e+01
-9.750000000000000000e+00
4.225000000000000000e+01
4.218750000000000000e+00
-1.143750000000000000e+01
-6.156250000000000000e+00
3.937500000000000000e+00
4.906250000000000000e+00
-1.168750000000000000e+01
-5.875000000000000000e+00
4.725000000000000000e+01
3.378906250000000000e-01
-2.703125000000000000e+00
-1.131250000000000000e+01
-1.100000000000000000e+01
2.987500000000000000e+01
6.450000000000000000e+01
-1.837500000000000000e+01
9.250000000000000000e+01
1.648437500000000000e+00
1.500000000000000000e+01
-4.718750000000000000e+00
1.648437500000000000e+00
2.640625000000000000e+00
2.712500000000000000e+01
6.406250000000000000e+00
-1.181250000000000000e+01
4.275000000000000000e+01
-8.812500000000000000e+00
-2.562500000000000000e+00
-2.237500000000000000e+01
-9.101562500000000000e-01
-6.593750000000000000e+00
9.257812500000000000e-01
-2.300000000000000000e+01
-1.300000000000000000e+01
-2.262500000000000000e+01
2.537500000000000000e+01
3.828125000000000000e+00
2.212500000000000000e+01
2.546875000000000000e+00
4.093750000000000000e+00
1.962500000000000000e+01
-9.312500000000000000e+00
-4.031250000000000000e+00
-1.987500000000000000e+01
-7.593750000000000000e+00
6.850000000000000000e+01
3.800000000000000000e+01
1.581250000000000000e+01
-3.578125000000000000e+00
-3.140625000000000000e+00
-7.625000000000000000e+00
-2.050000000000000000e+01
1.429687500000000000e+00
-1.812500000000000000e+01
-9.937500000000000000e+00
1.005000000000000000e+02
2.262500000000000000e+01
-6.250000000000000000e+00
-1.976562500000000000e+00
6.000000000000000000e+01
-4.718750000000000000e+00
-1.075000000000000000e+01
1.960937500000000000e+00
5.275000000000000000e+01
2.800000000000000000e+01
-3.375000000000000000e+00
6.494140625000000000e-02
-3.609375000000000000e+00
-2.000000000000000000e+00
4.475000000000000000e+01
-1.368750000000000000e+01
-5.250000000000000000e+00
-3.125000000000000000e+00
-3.812500000000000000e+00
2.012500000000000000e+01
-4.325000000000000000e+01
-8.312500000000000000e+00
-5.281250000000000000e+00
-3.546875000000000000e+00
-1.193750000000000000e+01
-2.734375000000000000e+00
-1.381250000000000000e+01
1.500000000000000000e+01
-4.156250000000000000e+00
2.662500000000000000e+01
1.250000000000000000e+01
5.875000000000000000e+01
2.700000000000000000e+01
-4.531250000000000000e+00
-4.968750000000000000e+00
-2.450000000000000000e+01
1.043750000000000000e+01
-1.143750000000000000e+01
8.150000000000000000e+01
-6.656250000000000000e+00
-2.734375000000000000e+00
4.200000000000000000e+01
1.293750000000000000e+01
-1.193750000000000000e+01
1.664062500000000000e+00
-1.156250000000000000e+01
2.637500000000000000e+01
1.125000000000000000e+01
2.137500000000000000e+01
-7.750000000000000000e+00
6.750000000000000000e+01
-1.712500000000000000e+01
3.062500000000000000e+01
2.350000000000000000e+01
9.400000000000000000e+01
-1.018750000000000000e+01
-7.343750000000000000e+00
9.750000000000000000e+00
-6.468750000000000000e+00
6.400000000000000000e+01
-1.256250000000000000e+01
-2.390625000000000000e+00
-5.343750000000000000e+00
-1.118750000000000000e+01
5.742187500000000000e-01
2.700000000000000000e+01
1.525000000000000000e+01
5.625000000000000000e+01
1.914062500000000000e-01
4.775000000000000000e+01
-3.250000000000000000e+00
1.648437500000000000e+00
7.500000000000000000e-01
-1.231250000000000000e+01
3.578125000000000000e+00
1.476562500000000000e+00
2.862500000000000000e+01
3.475000000000000000e+01
-7.125000000000000000e+00
2.812500000000000000e+01
2.578125000000000000e+00
1.025000000000000000e+01
-6.156250000000000000e+00
2.362500000000000000e+01
5.275000000000000000e+01
3.225000000000000000e+01
-1.762500000000000000e+01
-3.062500000000000000e+00
-1.937500000000000000e+01
5.600000000000000000e+01
7.750000000000000000e+00
1.406250000000000000e+00
-8.437500000000000000e+00
4.750000000000000000e+00
2.150000000000000000e+01
-6.156250000000000000e+00
3.775000000000000000e+01
2.700000000000000000e+01
1.175000000000000000e+01
7.550000000000000000e+01
4.418945312500000000e-02
8.650000000000000000e+01
-4.531250000000000000e+00
-3.062500000000000000e+00
1.710937500000000000e+00
6.750000000000000000e+01
-3.921875000000000000e+00
-1.506250000000000000e+01
1.312500000000000000e+00
5.075000000000000000e+01
-2.600000000000000000e+01
-1.006250000000000000e+01
2.462500000000000000e+01
3.500000000000000000e+01
-8.250000000000000000e+00
3.575000000000000000e+01
-5.750000000000000000e+00
3.671875000000000000e+00
-8.437500000000000000e+00
5.275000000000000000e+01
5.875000000000000000e+01
1.568750000000000000e+01
-3.900000000000000000e+01
8.850000000000000000e+01
-1.085937500000000000e+00
1.531250000000000000e+00
6.093750000000000000e+00
-2.078125000000000000e+00
6.650000000000000000e+01
-1.031250000000000000e+01
-4.687500000000000000e-01
-5.656250000000000000e+00
4.375000000000000000e+01
-3.671875000000000000e+00
-7.406250000000000000e+00
8.250000000000000000e+01
8.050000000000000000e+01
-1.375000000000000000e+00
-1.343750000000000000e+00
-3.890625000000000000e+00
-1.506250000000000000e+01
9.937500000000000000e+00
-1.218750000000000000e+01
-2.640625000000000000e+00
1.381250000000000000e+01
-1.257812500000000000e+00
-4.275000000000000000e+01
-5.656250000000000000e+00
-3.625000000000000000e+00
-3.613281250000000000e-01
9.570312500000000000e-01
-3.671875000000000000e+00
2.714843750000000000e-01
-5.656250000000000000e+00
8.600000000000000000e+01
-1.181250000000000000e+01
8.250000000000000000e+01
-4.031250000000000000e+00
1.531250000000000000e+01
-3.953125000000000000e+00
-1.375000000000000000e+01
-1.950000000000000000e+01
-1.231250000000000000e+01
-1.900000000000000000e+01
-2.200000000000000000e+01
-1.250000000000000000e+01
-3.750000000000000000e+00
-8.937500000000000000e+00
-1.156250000000000000e+01
-9.218750000000000000e-01
-1.662500000000000000e+01
-1.171875000000000000e-01
2.421875000000000000e+00
-4.375000000000000000e+00
-3.984375000000000000e+00
-1.437500000000000000e+00
-1.118750000000000000e+01
1.712500000000000000e+01
-2.312500000000000000e+00
4.975000000000000000e+01
3.500000000000000000e+01
8.350000000000000000e+01
1.500000000000000000e+01
3.825000000000000000e+01
2.437500000000000000e+01
-3.765625000000000000e+00
-1.181250000000000000e+01
-1.726562500000000000e+00
-6.156250000000000000e+00
6.250000000000000000e-02
2.387500000000000000e+01
1.231250000000000000e+01
-6.289062500000000000e-01
-1.193750000000000000e+01
1.851562500000000000e+00
1.343750000000000000e+01
-6.593750000000000000e+00
-6.656250000000000000e+00
-6.156250000000000000e+00
1.543750000000000000e+01
2.937500000000000000e+01
-1.318750000000000000e+01
2.637500000000000000e+01
-1.593750000000000000e+00
2.910156250000000000e-01
-9.687500000000000000e+00
6.850000000000000000e+01
3.100000000000000000e+01
2.600000000000000000e+01
7.156250000000000000e+00
-1.357421875000000000e-01
7.050000000000000000e+01
-8.554687500000000000e-01
-2.000000000000000000e+00
2.337500000000000000e+01
-8.750000000000000000e+00
-1.131250000000000000e+01
2.750000000000000000e+01
8.875000000000000000e+00
-1.712500000000000000e+01
-4.781250000000000000e+00
4.125000000000000000e+01
2.387500000000000000e+01
-4.375000000000000000e+00
-9.750000000000000000e+00
2.900000000000000000e+01
2.037500000000000000e+01
1.281250000000000000e+00
4.075000000000000000e+01
-1.400000000000000000e+01
8.632812500000000000e-01
-1.093750000000000000e+01
1.976562500000000000e+00
-1.650000000000000000e+01
5.343750000000000000e+00
7.250000000000000000e+00
1.156250000000000000e+01
4.765625000000000000e-01
-1.156250000000000000e+01
6.750000000000000000e+01
-2.984375000000000000e+00
8.650000000000000000e+01
2.012500000000000000e+01
-1.306250000000000000e+01
-2.015625000000000000e+00
2.212500000000000000e+01
1.737500000000000000e+01
2.712500000000000000e+01
-3.203125000000000000e+00
3.825000000000000000e+01
-1.400000000000000000e+01
-2.062500000000000000e+01
-5.625000000000000000e+00
1.456250000000000000e+01
-8.187500000000000000e+00
3.275000000000000000e+01
-1.450000000000000000e+01
5.025000000000000000e+01
-9.437500000000000000e+00
3.000000000000000000e+01
-1.962500000000000000e+01
4.075000000000000000e+01
-1.350000000000000000e+01
5.700000000000000000e+01
-4.062500000000000000e+00
-6.875000000000000000e-01
5.675000000000000000e+01
3.725000000000000000e+01
3.187500000000000000e+00
-5.625000000000000000e+00
2.700000000000000000e+01
-1.679687500000000000e+00
-2.037500000000000000e+01
2.437500000000000000e+01
3.550000000000000000e+01
-7.875000000000000000e+00
1.243750000000000000e+01
6.550000000000000000e+01
-1.206250000000000000e+01
1.787500000000000000e+01
-1.550000000000000000e+01
5.500000000000000000e+00
-4.593750000000000000e+00
-5.039062500000000000e-01
-1.812500000000000000e+01
2.737500000000000000e+01
-1.268750000000000000e+01
6.700000000000000000e+01
