-1.531250000000000000e+00
5.468750000000000000e-01
-1.476562500000000000e+00
7.070312500000000000e-01
-2.636718750000000000e-01
1.398437500000000000e+00
7.304687500000000000e-01
5.273437500000000000e-01
-5.585937500000000000e-01
-1.039062500000000000e+00
8.320312500000000000e-01
6.406250000000000000e-01
1.562500000000000000e+00
5.493164062500000000e-02
5.898437500000000000e-01
1.962890625000000000e-01
-9.570312500000000000e-02
4.433593750000000000e-01
-9.912109375000000000e-02
-1.406250000000000000e+00
-6.601562500000000000e-01
2.921875000000000000e+00
-5.718750000000000000e+00
-6.835937500000000000e-01
4.785156250000000000e-01
-4.296875000000000000e-02
-3.562500000000000000e+00
-9.414062500000000000e-01
-3.808593750000000000e-01
-7.343750000000000000e-01
8.632812500000000000e-01
1.851562500000000000e+00
7.617187500000000000e-01
-7.382812500000000000e-01
-1.152343750000000000e-01
-1.445312500000000000e+00
1.523437500000000000e+00
-7.617187500000000000e-01
-1.069335937500000000e-01
-1.460937500000000000e+00
-5.742187500000000000e-01
1.140625000000000000e+00
4.980468750000000000e-01
-1.132812500000000000e-01
-1.242187500000000000e+00
1.062500000000000000e+00
8.242187500000000000e-01
-3.652343750000000000e-01
1.226562500000000000e+00
5.000000000000000000e-01
-7.695312500000000000e-01
-1.320312500000000000e+00
2.218750000000000000e+00
-3.496093750000000000e-01
5.742187500000000000e-01
5.981445312500000000e-02
-6.445312500000000000e-01
-3.312500000000000000e+00
1.923828125000000000e-01
3.007812500000000000e-01
-1.218750000000000000e+00
7.617187500000000000e-01
-6.875000000000000000e-01
1.539062500000000000e+00
1.351562500000000000e+00
-1.348876953125000000e-02
5.195312500000000000e-01
3.417968750000000000e-01
-4.042968750000000000e-01
3.437500000000000000e-01
-1.187500000000000000e+00
1.078125000000000000e+00
-1.718750000000000000e-01
-1.601562500000000000e+00
2.171875000000000000e+00
6.054687500000000000e-01
1.351562500000000000e+00
1.148437500000000000e+00
1.164062500000000000e+00
-1.767578125000000000e-01
2.265625000000000000e+00
4.316406250000000000e-01
-6.093750000000000000e-01
-7.070312500000000000e-01
-2.015625000000000000e+00
1.023437500000000000e+00
-6.210937500000000000e-01
7.187500000000000000e-01
3.964843750000000000e-01
-1.648437500000000000e+00
-7.656250000000000000e-01
7.343750000000000000e-01
-7.187500000000000000e-01
-5.585937500000000000e-01
1.468750000000000000e+00
-4.980468750000000000e-01
-4.433593750000000000e-01
4.941406250000000000e-01
-1.046875000000000000e+00
1.210937500000000000e+00
2.968750000000000000e-01
-1.757812500000000000e+00
-1.007812500000000000e+00
1.789062500000000000e+00
9.335937500000000000e-01
1.070312500000000000e+00
3.906250000000000000e-03
2.000000000000000000e+00
-1.156250000000000000e+00
-9.570312500000000000e-01
1.187500000000000000e+00
-5.429687500000000000e-01
1.835937500000000000e+00
-6.787109375000000000e-02
-5.742187500000000000e-01
1.320312500000000000e+00
2.078125000000000000e+00
-5.039062500000000000e-01
-1.601562500000000000e+00
-1.796875000000000000e-01
-5.898437500000000000e-01
-1.289062500000000000e+00
-6.210937500000000000e-01
7.382812500000000000e-01
1.375000000000000000e+00
3.378906250000000000e-01
1.320312500000000000e+00
1.070312500000000000e+00
8.750000000000000000e-01
8.085937500000000000e-01
2.062500000000000000e+00
9.335937500000000000e-01
4.707031250000000000e-01
-1.101562500000000000e+00
-2.234375000000000000e+00
-3.964843750000000000e-01
-5.976562500000000000e-01
2.382812500000000000e-01
1.148437500000000000e+00
-8.906250000000000000e-01
-1.523437500000000000e+00
2.203125000000000000e+00
1.132812500000000000e+00
3.007812500000000000e-01
1.054687500000000000e+00
-6.093750000000000000e-01
-5.664062500000000000e-01
-1.398437500000000000e+00
7.617187500000000000e-01
9.570312500000000000e-01
-1.117187500000000000e+00
-3.437500000000000000e-01
-8.710937500000000000e-01
-2.099609375000000000e-01
-1.226562500000000000e+00
-3.015625000000000000e+00
-6.406250000000000000e-01
-7.695312500000000000e-01
2.421875000000000000e-01
-1.031250000000000000e+00
-1.101562500000000000e+00
-1.375000000000000000e+00
2.851562500000000000e-01
-3.109375000000000000e+00
-1.000000000000000000e+00
1.007812500000000000e+00
-9.570312500000000000e-01
-1.826171875000000000e-01
2.203125000000000000e+00
-5.585937500000000000e-01
5.585937500000000000e-01
-6.289062500000000000e-01
1.468750000000000000e+00
7.226562500000000000e-01
-2.294921875000000000e-01
1.023437500000000000e+00
-7.812500000000000000e-01
1.812500000000000000e+00
1.476562500000000000e+00
6.875000000000000000e-01
-1.367187500000000000e+00
8.593750000000000000e-01
-2.597656250000000000e-01
-1.023437500000000000e+00
2.929687500000000000e-01
1.125000000000000000e+00
7.929687500000000000e-01
4.609375000000000000e-01
2.373046875000000000e-01
4.902343750000000000e-01
1.039062500000000000e+00
-9.101562500000000000e-01
7.031250000000000000e-01
1.257812500000000000e+00
4.277343750000000000e-01
-2.078125000000000000e+00
4.062500000000000000e-01
-2.609375000000000000e+00
-1.039062500000000000e+00
-8.125000000000000000e-01
5.156250000000000000e-01
-1.632812500000000000e+00
3.417968750000000000e-02
-4.531250000000000000e-01
3.088378906250000000e-02
5.976562500000000000e-01
-3.833007812500000000e-02
-1.367187500000000000e+00
5.585937500000000000e-01
3.183593750000000000e-01
-1.132812500000000000e+00
5.351562500000000000e-01
-9.257812500000000000e-01
1.210937500000000000e+00
-6.054687500000000000e-01
1.000000000000000000e+00
-6.992187500000000000e-01
7.187500000000000000e-01
-1.406250000000000000e-01
-2.875000000000000000e+00
-7.031250000000000000e-01
-6.787109375000000000e-02
3.046875000000000000e-01
-2.460937500000000000e-01
-3.921875000000000000e+00
-8.554687500000000000e-01
-9.570312500000000000e-01
-1.960937500000000000e+00
-2.265625000000000000e+00
1.375000000000000000e+00
-4.765625000000000000e-01
-6.132812500000000000e-01
-1.031250000000000000e+00
7.861328125000000000e-02
-2.304687500000000000e-01
-1.250000000000000000e+00
9.619140625000000000e-02
9.570312500000000000e-01
-1.039062500000000000e+00
-1.156250000000000000e+00
1.226562500000000000e+00
1.304687500000000000e+00
1.351562500000000000e+00
-3.437500000000000000e-01
-1.117187500000000000e+00
-1.460937500000000000e+00
-1.476562500000000000e+00
-3.847656250000000000e-01
-1.164062500000000000e+00
-1.492187500000000000e+00
-4.281250000000000000e+00
-7.382812500000000000e-01
-9.335937500000000000e-01
-8.007812500000000000e-01
9.687500000000000000e-01
1.070312500000000000e+00
-1.242187500000000000e+00
-7.187500000000000000e-01
-2.636718750000000000e-01
-7.343750000000000000e-01
-7.695312500000000000e-01
-3.964843750000000000e-01
-7.968750000000000000e-01
-4.550781250000000000e-01
7.695312500000000000e-01
7.070312500000000000e-01
-6.875000000000000000e-01
-1.296875000000000000e+00
-5.429687500000000000e-01
-1.257812500000000000e+00
-1.593750000000000000e+00
-9.179687500000000000e-01
-7.539062500000000000e-01
5.273437500000000000e-01
-4.746093750000000000e-01
-2.234375000000000000e+00
8.867187500000000000e-01
-2.140625000000000000e+00
8.750000000000000000e-01
4.687500000000000000e-01
-1.157226562500000000e-01
-1.500000000000000000e+00
-9.570312500000000000e-02
-2.734375000000000000e-01
3.769531250000000000e-01
-4.316406250000000000e-01
1.030273437500000000e-01
6.718750000000000000e-01
-4.316406250000000000e-01
-9.882812500000000000e-01
1.187500000000000000e+00
8.164062500000000000e-01
-1.312500000000000000e+00
6.875000000000000000e-01
-5.429687500000000000e-01
1.179687500000000000e+00
4.824218750000000000e-01
1.728515625000000000e-01
6.679687500000000000e-01
-1.049804687500000000e-01
1.601562500000000000e+00
1.210937500000000000e+00
2.636718750000000000e-01
1.140625000000000000e+00
1.865234375000000000e-01
1.773437500000000000e+00
-8.789062500000000000e-01
-7.460937500000000000e-01
1.257812500000000000e+00
-1.611328125000000000e-01
1.640625000000000000e-01
-1.289062500000000000e+00
1.054687500000000000e+00
6.835937500000000000e-01
5.625000000000000000e-01
-1.445312500000000000e+00
-1.039062500000000000e+00
3.691406250000000000e-01
4.824218750000000000e-01
-1.062500000000000000e+00
-8.476562500000000000e-01
4.296875000000000000e-01
9.531250000000000000e-01
1.648437500000000000e+00
-3.828125000000000000e+00
-9.570312500000000000e-01
-1.023437500000000000e+00
3.750000000000000000e-01
6.875000000000000000e-01
-1.375000000000000000e+00
1.904296875000000000e-01
8.632812500000000000e-01
1.460937500000000000e+00
2.078125000000000000e+00
-1.781250000000000000e+00
-3.921875000000000000e+00
-1.796875000000000000e-01
-2.937500000000000000e+00
-1.726562500000000000e+00
1.007812500000000000e+00
-1.062500000000000000e+00
1.039062500000000000e+00
-7.171630859375000000e-03
3.066406250000000000e-01
-9.570312500000000000e-01
1.218750000000000000e+00
-5.585937500000000000e-01
3.578125000000000000e+00
-1.320312500000000000e+00
-1.648437500000000000e+00
-5.976562500000000000e-01
3.027343750000000000e-01
-2.138671875000000000e-01
3.691406250000000000e-01
-2.851562500000000000e-01
-1.625000000000000000e+00
1.992187500000000000e+00
-2.703125000000000000e+00
2.148437500000000000e-01
-4.968750000000000000e+00
-5.585937500000000000e-01
-1.414062500000000000e+00
-4.312500000000000000e+00
6.171875000000000000e-01
1.101562500000000000e+00
-9.101562500000000000e-01
7.275390625000000000e-02
-7.343750000000000000e-01
-2.468750000000000000e+00
1.101562500000000000e+00
3.730468750000000000e-01
-1.007812500000000000e+00
1.054687500000000000e+00
8.164062500000000000e-01
-3.652343750000000000e-01
5.820312500000000000e-01
-1.406250000000000000e-01
4.277343750000000000e-01
-3.339843750000000000e-01
-7.070312500000000000e-01
-1.054687500000000000e+00
6.601562500000000000e-01
1.468750000000000000e+00
-1.414062500000000000e+00
