2.600097656250000000e-02
-1.875000000000000000e-01
-1.132812500000000000e+00
9.335937500000000000e-01
1.992187500000000000e-01
1.093750000000000000e+00
5.273437500000000000e-01
7.070312500000000000e-01
-7.539062500000000000e-01
-3.535156250000000000e-01
8.398437500000000000e-01
5.273437500000000000e-01
1.164062500000000000e+00
7.275390625000000000e-02
5.312500000000000000e-01
3.066406250000000000e-01
3.066406250000000000e-01
6.445312500000000000e-01
2.375000000000000000e+00
-1.375000000000000000e+00
6.494140625000000000e-02
3.171875000000000000e+00
-3.265625000000000000e+00
2.734375000000000000e-01
7.851562500000000000e-01
2.070312500000000000e-01
-9.804687500000000000e-01
4.121093750000000000e-01
-3.242187500000000000e-01
-5.507812500000000000e-01
1.531250000000000000e+00
1.414062500000000000e+00
1.242187500000000000e+00
-1.398437500000000000e+00
-3.574218750000000000e-01
-5.742187500000000000e-01
1.687500000000000000e+00
-1.562500000000000000e+00
2.265625000000000000e-01
-1.046875000000000000e+00
5.117187500000000000e-01
1.585937500000000000e+00
-1.650390625000000000e-01
3.515625000000000000e-02
1.767578125000000000e-01
1.023437500000000000e+00
4.316406250000000000e-01
-7.304687500000000000e-01
1.273437500000000000e+00
1.195312500000000000e+00
-8.007812500000000000e-01
-8.554687500000000000e-01
2.203125000000000000e+00
2.597656250000000000e-01
1.171875000000000000e+00
1.351562500000000000e+00
-1.304687500000000000e+00
-1.492187500000000000e+00
2.558593750000000000e-01
5.117187500000000000e-01
-1.835937500000000000e+00
6.054687500000000000e-01
-6.367187500000000000e-01
1.312500000000000000e+00
1.054687500000000000e+00
-1.337890625000000000e-01
8.789062500000000000e-01
-7.070312500000000000e-01
-7.343750000000000000e-01
-3.105468750000000000e-01
-2.060546875000000000e-01
-8.349609375000000000e-02
-6.757812500000000000e-01
-1.710937500000000000e+00
2.015625000000000000e+00
-1.455078125000000000e-01
1.304687500000000000e+00
9.648437500000000000e-01
1.046875000000000000e+00
6.289062500000000000e-01
2.109375000000000000e+00
7.226562500000000000e-01
-1.611328125000000000e-01
2.519531250000000000e-01
-1.820312500000000000e+00
8.281250000000000000e-01
1.257812500000000000e+00
9.414062500000000000e-01
5.742187500000000000e-01
4.687500000000000000e-02
-8.789062500000000000e-01
5.859375000000000000e-03
-5.468750000000000000e-01
-5.507812500000000000e-01
1.625000000000000000e+00
-3.750000000000000000e-01
9.570312500000000000e-01
6.679687500000000000e-01
-8.632812500000000000e-01
1.054687500000000000e+00
1.492187500000000000e+00
-3.637695312500000000e-02
-2.080078125000000000e-01
1.875000000000000000e+00
1.835937500000000000e+00
1.148437500000000000e+00
-8.320312500000000000e-01
1.812500000000000000e+00
4.418945312500000000e-02
-1.039062500000000000e+00
1.437500000000000000e+00
-4.472656250000000000e-01
1.320312500000000000e+00
-7.851562500000000000e-01
-4.956054687500000000e-02
1.226562500000000000e+00
1.140625000000000000e+00
-4.824218750000000000e-01
-9.130859375000000000e-02
-6.396484375000000000e-02
-9.179687500000000000e-01
-2.421875000000000000e-01
1.582031250000000000e-01
5.781250000000000000e-01
1.406250000000000000e+00
5.742187500000000000e-01
1.257812500000000000e+00
2.000000000000000000e+00
9.414062500000000000e-01
4.921875000000000000e-01
1.750000000000000000e+00
8.349609375000000000e-02
7.031250000000000000e-01
-5.898437500000000000e-01
1.335937500000000000e+00
2.314453125000000000e-01
-6.914062500000000000e-01
6.523437500000000000e-01
9.843750000000000000e-01
-1.687500000000000000e+00
-1.242187500000000000e+00
1.601562500000000000e+00
1.218750000000000000e+00
2.949218750000000000e-01
1.039062500000000000e+00
-1.118164062500000000e-01
1.669921875000000000e-01
-1.312500000000000000e+00
1.039062500000000000e+00
1.171875000000000000e+00
4.160156250000000000e-01
2.949218750000000000e-01
-3.183593750000000000e-01
-7.568359375000000000e-02
2.910156250000000000e-01
-1.406250000000000000e+00
-8.906250000000000000e-01
-8.867187500000000000e-01
4.843750000000000000e-01
-9.687500000000000000e-01
-8.750000000000000000e-01
-8.593750000000000000e-01
7.070312500000000000e-01
0.000000000000000000e+00
-1.328125000000000000e+00
1.601562500000000000e+00
-5.625000000000000000e-01
2.868652343750000000e-02
2.078125000000000000e+00
-4.687500000000000000e-02
1.953125000000000000e-01
-2.031250000000000000e-01
1.468750000000000000e+00
9.687500000000000000e-01
2.968750000000000000e-01
1.140625000000000000e+00
-4.589843750000000000e-01
2.015625000000000000e+00
1.710937500000000000e+00
9.375000000000000000e-01
-8.007812500000000000e-01
1.023437500000000000e+00
-1.845703125000000000e-01
-1.085937500000000000e+00
-7.500000000000000000e-01
2.234375000000000000e+00
7.070312500000000000e-01
4.609375000000000000e-01
-6.875000000000000000e-01
6.523437500000000000e-01
1.070312500000000000e+00
-7.304687500000000000e-01
1.054687500000000000e+00
1.210937500000000000e+00
4.687500000000000000e-01
-9.179687500000000000e-01
3.828125000000000000e-01
-4.199218750000000000e-01
-7.773437500000000000e-01
4.277343750000000000e-01
5.546875000000000000e-01
-7.304687500000000000e-01
-8.642578125000000000e-02
-7.031250000000000000e-01
6.132812500000000000e-01
1.179687500000000000e+00
-8.437500000000000000e-01
-2.451171875000000000e-01
8.554687500000000000e-01
6.210937500000000000e-01
-9.882812500000000000e-01
1.125000000000000000e+00
-5.468750000000000000e-02
9.257812500000000000e-01
-1.140625000000000000e+00
1.601562500000000000e+00
2.109375000000000000e-01
5.585937500000000000e-01
-1.804687500000000000e+00
-1.054687500000000000e+00
-1.043701171875000000e-02
8.164062500000000000e-01
2.314453125000000000e-01
3.320312500000000000e-02
-1.960937500000000000e+00
-5.898437500000000000e-01
-8.437500000000000000e-01
5.218505859375000000e-03
-1.500000000000000000e+00
9.179687500000000000e-01
-7.958984375000000000e-02
4.316406250000000000e-01
1.570312500000000000e+00
-4.433593750000000000e-01
-2.949218750000000000e-01
2.988281250000000000e-01
-2.500000000000000000e+00
4.941406250000000000e-01
-1.195312500000000000e+00
-4.121093750000000000e-01
9.843750000000000000e-01
1.679687500000000000e+00
4.062500000000000000e-01
-8.750000000000000000e-01
-1.312500000000000000e+00
-1.156250000000000000e+00
-1.148437500000000000e+00
3.784179687500000000e-02
-8.867187500000000000e-01
2.392578125000000000e-01
-2.218750000000000000e+00
-8.632812500000000000e-01
3.691406250000000000e-01
-1.225585937500000000e-01
8.281250000000000000e-01
1.101562500000000000e+00
-1.164062500000000000e+00
-3.378906250000000000e-01
-6.992187500000000000e-01
-1.156250000000000000e+00
-1.945312500000000000e+00
-5.820312500000000000e-01
-5.078125000000000000e-01
-7.695312500000000000e-01
1.748046875000000000e-01
5.781250000000000000e-01
-8.242187500000000000e-01
-1.148437500000000000e+00
-6.718750000000000000e-01
5.981445312500000000e-02
4.531250000000000000e-01
-8.554687500000000000e-01
-6.992187500000000000e-01
8.398437500000000000e-01
-2.226562500000000000e-01
3.593750000000000000e-01
1.226562500000000000e+00
-6.250000000000000000e-01
1.164062500000000000e+00
8.476562500000000000e-01
-7.275390625000000000e-02
4.687500000000000000e-02
-3.828125000000000000e-01
1.826171875000000000e-01
1.611328125000000000e-01
-3.984375000000000000e-01
4.160156250000000000e-01
7.148437500000000000e-01
-2.753906250000000000e-01
-1.062500000000000000e+00
1.015625000000000000e+00
6.054687500000000000e-01
-1.500000000000000000e+00
-4.902343750000000000e-01
-7.812500000000000000e-02
9.257812500000000000e-01
7.226562500000000000e-01
6.132812500000000000e-01
1.039062500000000000e+00
5.585937500000000000e-01
1.500000000000000000e+00
1.085937500000000000e+00
1.289062500000000000e+00
1.500000000000000000e+00
3.222656250000000000e-01
1.601562500000000000e+00
9.375000000000000000e-02
1.375000000000000000e+00
8.125000000000000000e-01
-9.257812500000000000e-01
5.156250000000000000e-01
-9.804687500000000000e-01
-3.085937500000000000e-01
9.101562500000000000e-01
6.718750000000000000e-01
-1.468750000000000000e+00
8.349609375000000000e-02
9.101562500000000000e-01
6.718750000000000000e-01
-5.273437500000000000e-01
-6.484375000000000000e-01
7.460937500000000000e-01
8.750000000000000000e-01
1.664062500000000000e+00
-2.296875000000000000e+00
-9.062500000000000000e-01
-1.773437500000000000e+00
9.804687500000000000e-01
6.601562500000000000e-01
-1.835937500000000000e+00
5.218505859375000000e-03
6.015625000000000000e-01
1.320312500000000000e+00
2.046875000000000000e+00
-1.562500000000000000e+00
-8.593750000000000000e-01
4.628906250000000000e-01
-1.085937500000000000e+00
-1.218750000000000000e+00
-2.343750000000000000e-01
-1.826171875000000000e-01
1.093750000000000000e+00
-6.992187500000000000e-01
5.117187500000000000e-01
7.812500000000000000e-02
1.429687500000000000e+00
-1.179687500000000000e+00
2.937500000000000000e+00
-8.593750000000000000e-02
2.265625000000000000e-01
1.669921875000000000e-01
6.445312500000000000e-01
8.154296875000000000e-02
1.023437500000000000e+00
5.820312500000000000e-01
-8.867187500000000000e-01
1.382812500000000000e+00
-1.492187500000000000e+00
-3.457031250000000000e-01
-2.359375000000000000e+00
2.753906250000000000e-01
-1.203125000000000000e+00
-2.484375000000000000e+00
1.234375000000000000e+00
9.414062500000000000e-01
-6.875000000000000000e-01
1.826171875000000000e-01
-1.040039062500000000e-01
-2.406250000000000000e+00
1.226562500000000000e+00
1.335937500000000000e+00
4.824218750000000000e-01
1.078125000000000000e+00
2.265625000000000000e+00
-4.121093750000000000e-01
5.546875000000000000e-01
-1.507812500000000000e+00
4.394531250000000000e-01
4.746093750000000000e-01
-3.046875000000000000e-01
-1.664062500000000000e+00
1.179687500000000000e+00
1.210937500000000000e+00
-4.609375000000000000e-01
