-1.281250000000000000e+00
-1.250000000000000000e-01
-8.945312500000000000e-01
6.054687500000000000e-01
-6.250000000000000000e-02
1.023437500000000000e+00
4.687500000000000000e-01
4.453125000000000000e-01
-8.281250000000000000e-01
-6.367187500000000000e-01
6.601562500000000000e-01
6.679687500000000000e-01
1.195312500000000000e+00
1.196289062500000000e-01
3.574218750000000000e-01
7.031250000000000000e-02
6.679687500000000000e-01
3.906250000000000000e-01
7.226562500000000000e-01
-1.320312500000000000e+00
3.710937500000000000e-02
3.171875000000000000e+00
-4.281250000000000000e+00
3.261718750000000000e-01
4.609375000000000000e-01
-1.118164062500000000e-01
-2.203125000000000000e+00
-5.981445312500000000e-02
-1.040039062500000000e-01
-5.820312500000000000e-01
8.437500000000000000e-01
1.851562500000000000e+00
8.398437500000000000e-01
-9.687500000000000000e-01
-5.234375000000000000e-01
-8.750000000000000000e-01
1.531250000000000000e+00
-1.054687500000000000e+00
-1.455078125000000000e-01
-1.164062500000000000e+00
3.183593750000000000e-01
1.015625000000000000e+00
8.984375000000000000e-02
1.591796875000000000e-01
-4.394531250000000000e-01
8.945312500000000000e-01
6.562500000000000000e-01
-3.964843750000000000e-01
1.304687500000000000e+00
5.781250000000000000e-01
-4.550781250000000000e-01
-9.960937500000000000e-01
2.171875000000000000e+00
2.558593750000000000e-01
7.070312500000000000e-01
3.906250000000000000e-01
-7.304687500000000000e-01
-2.734375000000000000e+00
3.261718750000000000e-01
3.574218750000000000e-01
-1.562500000000000000e+00
4.628906250000000000e-01
-3.320312500000000000e-01
1.039062500000000000e+00
9.492187500000000000e-01
0.000000000000000000e+00
3.457031250000000000e-01
-3.222656250000000000e-01
-2.158203125000000000e-01
2.158203125000000000e-01
-5.976562500000000000e-01
4.433593750000000000e-01
-1.650390625000000000e-01
-1.437500000000000000e+00
2.234375000000000000e+00
5.898437500000000000e-01
9.492187500000000000e-01
8.085937500000000000e-01
6.367187500000000000e-01
3.671875000000000000e-01
2.125000000000000000e+00
4.589843750000000000e-01
-5.234375000000000000e-01
-4.418945312500000000e-02
-1.476562500000000000e+00
1.054687500000000000e+00
-2.868652343750000000e-02
5.156250000000000000e-01
3.847656250000000000e-01
-6.835937500000000000e-01
-7.070312500000000000e-01
2.832031250000000000e-01
-1.069335937500000000e-01
-1.923828125000000000e-01
1.843750000000000000e+00
-5.117187500000000000e-01
-3.906250000000000000e-01
3.593750000000000000e-01
-1.023437500000000000e+00
9.570312500000000000e-01
5.195312500000000000e-01
-6.445312500000000000e-01
5.859375000000000000e-03
1.789062500000000000e+00
1.093750000000000000e+00
8.320312500000000000e-01
-6.757812500000000000e-01
1.664062500000000000e+00
-3.574218750000000000e-01
-7.343750000000000000e-01
9.062500000000000000e-01
-6.289062500000000000e-01
1.375000000000000000e+00
-4.902343750000000000e-01
-3.183593750000000000e-01
9.023437500000000000e-01
2.109375000000000000e+00
-4.062500000000000000e-01
-6.289062500000000000e-01
-2.392578125000000000e-01
-8.007812500000000000e-01
-5.234375000000000000e-01
8.398437500000000000e-02
3.066406250000000000e-01
1.210937500000000000e+00
2.617187500000000000e-01
1.117187500000000000e+00
1.093750000000000000e+00
5.937500000000000000e-01
7.617187500000000000e-01
1.710937500000000000e+00
8.632812500000000000e-01
3.730468750000000000e-01
-6.132812500000000000e-01
-4.921875000000000000e-01
3.828125000000000000e-01
-4.394531250000000000e-01
9.912109375000000000e-02
8.242187500000000000e-01
-1.593750000000000000e+00
-1.148437500000000000e+00
1.789062500000000000e+00
8.125000000000000000e-01
1.030273437500000000e-01
7.851562500000000000e-01
-3.339843750000000000e-01
-7.070312500000000000e-01
-1.101562500000000000e+00
5.937500000000000000e-01
6.757812500000000000e-01
-8.007812500000000000e-01
7.177734375000000000e-02
-4.277343750000000000e-01
-3.281250000000000000e-01
-2.558593750000000000e-01
-2.390625000000000000e+00
-7.773437500000000000e-01
-8.867187500000000000e-01
3.750000000000000000e-01
-7.929687500000000000e-01
-7.500000000000000000e-01
-1.226562500000000000e+00
5.742187500000000000e-01
-1.351562500000000000e+00
-1.031250000000000000e+00
9.062500000000000000e-01
-8.710937500000000000e-01
1.623535156250000000e-02
2.109375000000000000e+00
-3.066406250000000000e-01
2.675781250000000000e-01
-3.691406250000000000e-01
1.117187500000000000e+00
5.585937500000000000e-01
1.845703125000000000e-01
7.304687500000000000e-01
-3.066406250000000000e-01
1.843750000000000000e+00
1.937500000000000000e+00
5.703125000000000000e-01
-1.445312500000000000e+00
6.679687500000000000e-01
1.914062500000000000e-01
-7.617187500000000000e-01
-1.748046875000000000e-01
1.242187500000000000e+00
6.445312500000000000e-01
4.980468750000000000e-01
-7.187500000000000000e-01
5.546875000000000000e-01
7.500000000000000000e-01
-7.460937500000000000e-01
6.757812500000000000e-01
9.023437500000000000e-01
3.535156250000000000e-01
-2.015625000000000000e+00
1.186523437500000000e-01
-1.710937500000000000e+00
-9.531250000000000000e-01
2.197265625000000000e-01
5.507812500000000000e-01
-1.632812500000000000e+00
-2.236328125000000000e-01
-4.218750000000000000e-01
5.078125000000000000e-01
6.367187500000000000e-01
-3.535156250000000000e-01
-5.312500000000000000e-01
4.433593750000000000e-01
2.392578125000000000e-01
-8.554687500000000000e-01
6.523437500000000000e-01
-4.453125000000000000e-01
8.007812500000000000e-01
-7.382812500000000000e-01
8.632812500000000000e-01
-6.210937500000000000e-01
3.066406250000000000e-01
-6.914062500000000000e-01
-2.359375000000000000e+00
-2.753906250000000000e-01
4.589843750000000000e-01
1.357421875000000000e-01
1.357421875000000000e-01
-3.000000000000000000e+00
-5.625000000000000000e-01
-6.640625000000000000e-01
-5.312500000000000000e-01
-2.109375000000000000e+00
8.906250000000000000e-01
9.912109375000000000e-02
-6.523437500000000000e-01
-5.468750000000000000e-02
-4.472656250000000000e-01
-3.906250000000000000e-01
-3.046875000000000000e-01
-1.554687500000000000e+00
3.574218750000000000e-01
-1.132812500000000000e+00
-7.929687500000000000e-01
7.695312500000000000e-01
1.750000000000000000e+00
1.773437500000000000e+00
-7.695312500000000000e-01
-9.648437500000000000e-01
-1.125000000000000000e+00
-1.195312500000000000e+00
-1.757812500000000000e-01
-8.554687500000000000e-01
-3.378906250000000000e-01
-3.500000000000000000e+00
-7.031250000000000000e-01
-8.710937500000000000e-01
-4.218750000000000000e-01
6.289062500000000000e-01
1.000000000000000000e+00
-1.007812500000000000e+00
-2.910156250000000000e-01
-7.187500000000000000e-01
-6.875000000000000000e-01
-1.335937500000000000e+00
-3.652343750000000000e-01
-6.328125000000000000e-01
-7.617187500000000000e-01
3.515625000000000000e-01
4.160156250000000000e-01
-5.664062500000000000e-01
-9.179687500000000000e-01
-3.535156250000000000e-01
-3.203125000000000000e-01
2.868652343750000000e-02
-9.570312500000000000e-01
-4.843750000000000000e-01
6.210937500000000000e-01
-2.138671875000000000e-01
-6.718750000000000000e-01
8.164062500000000000e-01
-1.789062500000000000e+00
8.476562500000000000e-01
2.597656250000000000e-01
-2.792968750000000000e-01
-3.437500000000000000e-01
-6.396484375000000000e-02
-3.515625000000000000e-02
2.949218750000000000e-01
-5.156250000000000000e-01
1.196289062500000000e-01
5.351562500000000000e-01
-4.687500000000000000e-01
-7.187500000000000000e-01
8.125000000000000000e-01
4.667968750000000000e-01
-1.250000000000000000e+00
1.347656250000000000e-01
-3.593750000000000000e-01
9.257812500000000000e-01
3.964843750000000000e-01
6.093750000000000000e-01
7.812500000000000000e-01
3.359375000000000000e-01
1.460937500000000000e+00
1.250000000000000000e+00
2.265625000000000000e-01
1.085937500000000000e+00
2.609252929687500000e-03
1.601562500000000000e+00
-3.847656250000000000e-01
2.209472656250000000e-02
8.320312500000000000e-01
-3.652343750000000000e-01
1.552734375000000000e-01
-5.976562500000000000e-01
1.992187500000000000e-01
6.328125000000000000e-01
5.468750000000000000e-01
-1.226562500000000000e+00
-4.667968750000000000e-01
3.847656250000000000e-01
3.847656250000000000e-01
-6.992187500000000000e-01
-8.242187500000000000e-01
3.320312500000000000e-01
5.742187500000000000e-01
1.476562500000000000e+00
-3.000000000000000000e+00
-7.851562500000000000e-01
-1.265625000000000000e+00
1.039062500000000000e+00
6.445312500000000000e-01
-1.445312500000000000e+00
2.209472656250000000e-02
5.351562500000000000e-01
1.195312500000000000e+00
1.976562500000000000e+00
-1.468750000000000000e+00
-2.125000000000000000e+00
3.125000000000000000e-01
-2.328125000000000000e+00
-1.273437500000000000e+00
-1.055908203125000000e-02
-4.394531250000000000e-01
7.187500000000000000e-01
-5.664062500000000000e-01
2.460937500000000000e-01
-2.451171875000000000e-01
9.960937500000000000e-01
-8.281250000000000000e-01
3.390625000000000000e+00
-5.351562500000000000e-01
-5.117187500000000000e-01
-1.914062500000000000e-01
2.314453125000000000e-01
3.437500000000000000e-01
3.339843750000000000e-01
6.132812500000000000e-01
-1.218750000000000000e+00
1.898437500000000000e+00
-2.250000000000000000e+00
-3.281250000000000000e-01
-3.375000000000000000e+00
1.030273437500000000e-01
-1.242187500000000000e+00
-3.484375000000000000e+00
6.210937500000000000e-01
8.906250000000000000e-01
-3.750000000000000000e-01
-1.298828125000000000e-01
-1.845703125000000000e-01
-1.960937500000000000e+00
9.257812500000000000e-01
5.546875000000000000e-01
2.868652343750000000e-02
7.929687500000000000e-01
1.117187500000000000e+00
-8.349609375000000000e-02
3.300781250000000000e-01
-1.070312500000000000e+00
3.886718750000000000e-01
2.333984375000000000e-01
-3.164062500000000000e-01
-1.289062500000000000e+00
8.007812500000000000e-01
1.968750000000000000e+00
-1.414062500000000000e+00
