5.025000000000000000e+01
-3.375000000000000000e+00
-9.500000000000000000e+00
1.450000000000000000e+01
-5.500000000000000000e+00
-8.312500000000000000e+00
5.781250000000000000e+00
1.031250000000000000e+01
-5.406250000000000000e+00
-3.312500000000000000e+00
8.187500000000000000e+00
4.125000000000000000e+00
2.953125000000000000e+00
2.140625000000000000e+00
1.300000000000000000e+01
7.656250000000000000e+00
-1.168750000000000000e+01
9.937500000000000000e+00
4.475000000000000000e+01
1.039062500000000000e+00
-6.906250000000000000e+00
-2.296875000000000000e+00
2.637500000000000000e+01
-2.671875000000000000e+00
1.175000000000000000e+01
1.000000000000000000e+01
2.350000000000000000e+01
-4.750000000000000000e+00
2.875000000000000000e+00
-9.625000000000000000e+00
2.562500000000000000e+01
-1.550000000000000000e+01
1.600000000000000000e+01
-1.100000000000000000e+01
-3.359375000000000000e+00
-2.765625000000000000e+00
-4.687500000000000000e+00
6.757812500000000000e-01
1.100000000000000000e+01
-5.593750000000000000e+00
-6.656250000000000000e+00
2.337500000000000000e+01
4.093750000000000000e+00
-6.406250000000000000e+00
-5.750000000000000000e+00
1.710937500000000000e+00
3.109375000000000000e+00
-5.125000000000000000e+00
-4.968750000000000000e+00
2.462500000000000000e+01
1.187500000000000000e+00
-2.500000000000000000e+00
-7.000000000000000000e+00
-5.781250000000000000e+00
1.712500000000000000e+01
3.325000000000000000e+01
-8.000000000000000000e+00
4.575000000000000000e+01
1.656250000000000000e+00
8.562500000000000000e+00
-2.484375000000000000e+00
9.492187500000000000e-01
3.265625000000000000e+00
1.525000000000000000e+01
4.562500000000000000e+00
-5.750000000000000000e+00
2.300000000000000000e+01
-4.875000000000000000e+00
1.043701171875000000e-02
-1.206250000000000000e+01
-1.226562500000000000e+00
-4.093750000000000000e+00
1.632812500000000000e+00
-1.381250000000000000e+01
-7.250000000000000000e+00
-1.650000000000000000e+01
1.431250000000000000e+01
1.687500000000000000e+00
1.268750000000000000e+01
2.812500000000000000e+00
3.000000000000000000e+00
1.062500000000000000e+01
-5.000000000000000000e+00
-1.289062500000000000e+00
-1.143750000000000000e+01
-6.250000000000000000e+00
3.400000000000000000e+01
2.037500000000000000e+01
8.312500000000000000e+00
-4.000000000000000000e+00
1.513671875000000000e-01
-1.335937500000000000e+00
-1.200000000000000000e+01
2.218750000000000000e+00
-1.150000000000000000e+01
-9.187500000000000000e+00
5.275000000000000000e+01
1.218750000000000000e+01
-5.531250000000000000e+00
-1.218750000000000000e+00
3.100000000000000000e+01
-3.875000000000000000e+00
-6.500000000000000000e+00
1.664062500000000000e+00
2.837500000000000000e+01
1.575000000000000000e+01
-3.000000000000000000e+00
-3.393554687500000000e-02
-2.343750000000000000e+00
5.195312500000000000e-01
2.437500000000000000e+01
-1.000000000000000000e+01
-3.437500000000000000e+00
-1.507812500000000000e+00
-3.453125000000000000e+00
1.250000000000000000e+01
-2.450000000000000000e+01
-4.406250000000000000e+00
-3.578125000000000000e+00
-2.500000000000000000e+00
-9.187500000000000000e+00
-2.000000000000000000e+00
-8.625000000000000000e+00
7.593750000000000000e+00
-2.171875000000000000e+00
1.331250000000000000e+01
7.781250000000000000e+00
3.187500000000000000e+01
1.475000000000000000e+01
-1.664062500000000000e+00
-3.328125000000000000e+00
-1.281250000000000000e+01
5.781250000000000000e+00
-7.531250000000000000e+00
4.175000000000000000e+01
-2.437500000000000000e+00
-7.500000000000000000e-01
2.212500000000000000e+01
8.000000000000000000e+00
-8.687500000000000000e+00
2.359375000000000000e+00
-6.968750000000000000e+00
1.450000000000000000e+01
5.906250000000000000e+00
1.218750000000000000e+01
-7.250000000000000000e+00
3.525000000000000000e+01
-9.437500000000000000e+00
1.662500000000000000e+01
1.281250000000000000e+01
4.925000000000000000e+01
-8.187500000000000000e+00
-5.031250000000000000e+00
3.265625000000000000e+00
-4.156250000000000000e+00
3.112500000000000000e+01
-7.593750000000000000e+00
-1.593750000000000000e+00
-4.875000000000000000e+00
-7.781250000000000000e+00
1.023437500000000000e+00
1.481250000000000000e+01
9.000000000000000000e+00
2.662500000000000000e+01
1.523437500000000000e+00
2.600000000000000000e+01
-3.734375000000000000e+00
2.312500000000000000e+00
4.316406250000000000e-01
-8.187500000000000000e+00
2.484375000000000000e+00
1.695312500000000000e+00
1.637500000000000000e+01
1.900000000000000000e+01
-3.078125000000000000e+00
1.600000000000000000e+01
3.437500000000000000e+00
6.125000000000000000e+00
-6.500000000000000000e+00
1.268750000000000000e+01
2.650000000000000000e+01
1.762500000000000000e+01
-7.843750000000000000e+00
-5.218505859375000000e-03
-8.312500000000000000e+00
3.062500000000000000e+01
4.718750000000000000e+00
1.148437500000000000e+00
-5.125000000000000000e+00
3.078125000000000000e+00
1.118750000000000000e+01
-3.703125000000000000e+00
2.037500000000000000e+01
1.550000000000000000e+01
6.781250000000000000e+00
3.700000000000000000e+01
-1.273437500000000000e+00
4.275000000000000000e+01
-2.671875000000000000e+00
-1.101562500000000000e+00
1.093750000000000000e+00
3.425000000000000000e+01
-2.750000000000000000e+00
-1.043750000000000000e+01
1.078125000000000000e+00
2.687500000000000000e+01
-1.331250000000000000e+01
-5.031250000000000000e+00
1.393750000000000000e+01
1.837500000000000000e+01
-6.343750000000000000e+00
2.000000000000000000e+01
-5.500000000000000000e+00
1.156250000000000000e+00
-7.000000000000000000e+00
2.837500000000000000e+01
3.062500000000000000e+01
8.687500000000000000e+00
-2.200000000000000000e+01
4.300000000000000000e+01
-4.316406250000000000e-01
7.187500000000000000e-01
3.671875000000000000e+00
-3.515625000000000000e-01
3.100000000000000000e+01
-6.843750000000000000e+00
9.804687500000000000e-01
-3.687500000000000000e+00
2.100000000000000000e+01
-3.625000000000000000e+00
-3.875000000000000000e+00
4.325000000000000000e+01
4.075000000000000000e+01
-2.578125000000000000e+00
-3.750000000000000000e-01
-3.500000000000000000e+00
-1.081250000000000000e+01
5.000000000000000000e+00
-8.437500000000000000e+00
-2.921875000000000000e+00
8.750000000000000000e+00
-6.210937500000000000e-01
-2.687500000000000000e+01
-4.750000000000000000e+00
-3.828125000000000000e-01
1.140625000000000000e+00
2.171875000000000000e+00
-2.609375000000000000e+00
7.773437500000000000e-01
-3.921875000000000000e+00
3.950000000000000000e+01
-7.906250000000000000e+00
4.200000000000000000e+01
-4.031250000000000000e+00
8.812500000000000000e+00
-3.984375000000000000e+00
-9.187500000000000000e+00
-1.156250000000000000e+01
-7.468750000000000000e+00
-1.200000000000000000e+01
-1.500000000000000000e+01
-4.843750000000000000e+00
-3.734375000000000000e+00
-6.000000000000000000e+00
-5.031250000000000000e+00
-1.679687500000000000e+00
-1.106250000000000000e+01
1.914062500000000000e+00
2.953125000000000000e+00
-2.250000000000000000e+00
-3.125000000000000000e-01
1.147460937500000000e-01
-8.062500000000000000e+00
1.000000000000000000e+01
-8.007812500000000000e-01
2.412500000000000000e+01
1.987500000000000000e+01
4.175000000000000000e+01
8.937500000000000000e+00
2.012500000000000000e+01
1.300000000000000000e+01
-2.015625000000000000e+00
-3.234375000000000000e+00
-1.812500000000000000e+00
-1.804687500000000000e+00
1.357421875000000000e-01
1.250000000000000000e+01
6.750000000000000000e+00
-8.320312500000000000e-01
-8.437500000000000000e+00
1.585937500000000000e+00
7.156250000000000000e+00
-3.296875000000000000e+00
-1.882812500000000000e+00
-6.281250000000000000e+00
9.375000000000000000e+00
1.556250000000000000e+01
-7.093750000000000000e+00
1.468750000000000000e+01
1.669921875000000000e-01
2.575683593750000000e-02
-5.531250000000000000e+00
3.625000000000000000e+01
1.762500000000000000e+01
1.368750000000000000e+01
3.765625000000000000e+00
6.176757812500000000e-02
3.525000000000000000e+01
-1.312500000000000000e+00
8.242187500000000000e-01
1.268750000000000000e+01
-2.953125000000000000e+00
-4.906250000000000000e+00
1.518750000000000000e+01
5.062500000000000000e+00
-1.075000000000000000e+01
-5.500000000000000000e+00
2.237500000000000000e+01
1.268750000000000000e+01
-3.046875000000000000e+00
-1.018750000000000000e+01
1.500000000000000000e+01
1.100000000000000000e+01
7.304687500000000000e-01
1.887500000000000000e+01
-9.875000000000000000e+00
1.875000000000000000e-01
-5.250000000000000000e+00
1.117187500000000000e+00
-1.125000000000000000e+01
3.250000000000000000e+00
4.843750000000000000e+00
6.093750000000000000e+00
2.294921875000000000e-01
-7.906250000000000000e+00
3.000000000000000000e+01
-1.343750000000000000e+00
4.300000000000000000e+01
1.206250000000000000e+01
-7.375000000000000000e+00
-1.250000000000000000e+00
1.175000000000000000e+01
1.081250000000000000e+01
1.456250000000000000e+01
-1.585937500000000000e+00
2.112500000000000000e+01
-8.937500000000000000e+00
-1.250000000000000000e+01
-4.187500000000000000e+00
8.062500000000000000e+00
-7.156250000000000000e+00
1.712500000000000000e+01
-8.312500000000000000e+00
2.637500000000000000e+01
-5.500000000000000000e+00
1.662500000000000000e+01
-1.268750000000000000e+01
1.925000000000000000e+01
-9.187500000000000000e+00
2.450000000000000000e+01
-2.750000000000000000e+00
1.085937500000000000e+00
2.600000000000000000e+01
1.987500000000000000e+01
2.312500000000000000e+00
-1.406250000000000000e+00
1.318750000000000000e+01
-1.585937500000000000e+00
-1.181250000000000000e+01
1.381250000000000000e+01
1.887500000000000000e+01
-6.500000000000000000e+00
7.250000000000000000e+00
3.500000000000000000e+01
-6.656250000000000000e+00
9.812500000000000000e+00
-7.656250000000000000e+00
3.687500000000000000e+00
-3.421875000000000000e+00
1.435546875000000000e-01
-1.243750000000000000e+01
1.550000000000000000e+01
-8.312500000000000000e+00
3.375000000000000000e+01
