8.000000000000000000e+00
-5.546875000000000000e-01
-3.453125000000000000e+00
3.750000000000000000e+00
-1.773437500000000000e+00
-1.617187500000000000e+00
1.875000000000000000e+00
2.296875000000000000e+00
-2.265625000000000000e+00
-2.328125000000000000e+00
2.703125000000000000e+00
2.578125000000000000e+00
2.484375000000000000e+00
1.085937500000000000e+00
3.375000000000000000e+00
1.898437500000000000e+00
-3.796875000000000000e+00
2.812500000000000000e+00
8.062500000000000000e+00
4.746093750000000000e-01
-1.617187500000000000e+00
5.507812500000000000e-01
-1.718750000000000000e+00
-1.398437500000000000e+00
3.296875000000000000e+00
2.531250000000000000e+00
-6.250000000000000000e-01
-1.906250000000000000e+00
1.789062500000000000e+00
-3.609375000000000000e+00
5.968750000000000000e+00
-3.515625000000000000e+00
4.656250000000000000e+00
-2.750000000000000000e+00
-1.882812500000000000e+00
-1.929687500000000000e+00
-1.210937500000000000e+00
6.562500000000000000e-01
1.789062500000000000e+00
-8.476562500000000000e-01
-1.882812500000000000e+00
6.093750000000000000e+00
3.046875000000000000e+00
-1.718750000000000000e+00
-3.171875000000000000e+00
1.054687500000000000e+00
1.164062500000000000e+00
4.687500000000000000e-01
-4.218750000000000000e-01
4.781250000000000000e+00
9.257812500000000000e-01
-2.187500000000000000e+00
-6.093750000000000000e-01
-2.437500000000000000e+00
4.781250000000000000e+00
5.625000000000000000e+00
-6.914062500000000000e-01
5.093750000000000000e+00
1.601562500000000000e+00
2.640625000000000000e+00
-6.757812500000000000e-01
1.367187500000000000e+00
1.742187500000000000e+00
4.750000000000000000e+00
2.953125000000000000e+00
-7.031250000000000000e-01
5.218750000000000000e+00
-2.031250000000000000e-01
1.562500000000000000e+00
-5.078125000000000000e-01
-2.218750000000000000e+00
6.367187500000000000e-01
1.445312500000000000e+00
-3.671875000000000000e+00
1.289062500000000000e-01
-5.125000000000000000e+00
4.875000000000000000e+00
1.132812500000000000e+00
4.531250000000000000e+00
1.507812500000000000e+00
2.296875000000000000e+00
2.734375000000000000e+00
-1.312500000000000000e+00
-8.632812500000000000e-01
-3.625000000000000000e+00
-5.976562500000000000e-01
5.000000000000000000e+00
4.593750000000000000e+00
1.664062500000000000e+00
-3.328125000000000000e+00
4.589843750000000000e-01
2.515625000000000000e+00
-4.125000000000000000e+00
1.351562500000000000e+00
-2.390625000000000000e+00
-3.875000000000000000e+00
1.000000000000000000e+01
3.171875000000000000e+00
-2.375000000000000000e+00
6.171875000000000000e-01
5.750000000000000000e+00
-2.609375000000000000e+00
-3.062500000000000000e+00
1.304687500000000000e+00
6.125000000000000000e+00
5.156250000000000000e+00
-8.632812500000000000e-01
8.437500000000000000e-01
-1.562500000000000000e+00
7.695312500000000000e-01
6.218750000000000000e+00
-3.421875000000000000e+00
-3.593750000000000000e-01
-2.753906250000000000e-01
-1.992187500000000000e+00
4.968750000000000000e+00
-4.000000000000000000e+00
-1.648437500000000000e+00
-1.976562500000000000e+00
-1.023437500000000000e+00
-3.421875000000000000e+00
-1.875000000000000000e+00
-1.375000000000000000e+00
2.531250000000000000e+00
7.812500000000000000e-01
2.265625000000000000e+00
3.203125000000000000e+00
7.125000000000000000e+00
4.093750000000000000e+00
8.632812500000000000e-01
9.094238281250000000e-03
-1.148437500000000000e+00
2.109375000000000000e+00
-2.515625000000000000e+00
5.281250000000000000e+00
-5.742187500000000000e-01
5.429687500000000000e-01
4.687500000000000000e+00
3.515625000000000000e+00
-3.203125000000000000e+00
6.093750000000000000e-01
-5.312500000000000000e-01
4.375000000000000000e+00
1.507812500000000000e+00
3.796875000000000000e+00
-3.109375000000000000e+00
6.531250000000000000e+00
-1.562500000000000000e+00
4.281250000000000000e+00
3.859375000000000000e+00
8.687500000000000000e+00
-2.265625000000000000e+00
-2.171875000000000000e+00
-6.054687500000000000e-01
-1.789062500000000000e+00
3.453125000000000000e+00
-1.976562500000000000e+00
-5.312500000000000000e-01
-1.132812500000000000e+00
-2.359375000000000000e+00
7.226562500000000000e-01
2.750000000000000000e+00
2.765625000000000000e+00
1.757812500000000000e+00
1.460937500000000000e+00
6.218750000000000000e+00
-2.453125000000000000e+00
8.632812500000000000e-01
9.179687500000000000e-01
-2.921875000000000000e+00
1.710937500000000000e+00
-2.910156250000000000e-01
5.281250000000000000e+00
4.781250000000000000e+00
1.298828125000000000e-01
4.843750000000000000e+00
1.757812500000000000e+00
2.546875000000000000e+00
-1.898437500000000000e+00
3.296875000000000000e+00
3.671875000000000000e+00
4.500000000000000000e+00
-3.750000000000000000e-01
7.382812500000000000e-01
2.558593750000000000e-01
7.125000000000000000e+00
2.140625000000000000e+00
4.707031250000000000e-01
-1.500000000000000000e+00
1.562500000000000000e+00
3.125000000000000000e+00
-1.242187500000000000e+00
4.531250000000000000e+00
5.093750000000000000e+00
2.500000000000000000e+00
4.750000000000000000e+00
-8.750000000000000000e-01
4.468750000000000000e+00
-1.343750000000000000e+00
-8.320312500000000000e-01
5.898437500000000000e-01
5.781250000000000000e+00
-1.335937500000000000e+00
-2.625000000000000000e+00
7.773437500000000000e-01
5.500000000000000000e+00
-1.789062500000000000e+00
-1.992187500000000000e+00
3.953125000000000000e+00
4.125000000000000000e+00
-2.296875000000000000e+00
4.656250000000000000e+00
-2.875000000000000000e+00
7.656250000000000000e-01
-2.625000000000000000e+00
7.093750000000000000e+00
5.968750000000000000e+00
2.875000000000000000e+00
-3.296875000000000000e+00
4.750000000000000000e+00
-9.179687500000000000e-01
5.625000000000000000e-01
1.585937500000000000e+00
2.392578125000000000e-01
1.523437500000000000e+00
-3.062500000000000000e+00
6.718750000000000000e-01
-2.000000000000000000e+00
1.835937500000000000e+00
1.640625000000000000e-01
-1.234375000000000000e+00
8.250000000000000000e+00
6.093750000000000000e+00
-1.148437500000000000e+00
2.675781250000000000e-01
-2.187500000000000000e+00
-1.992187500000000000e+00
1.937500000000000000e+00
-3.765625000000000000e+00
-2.125000000000000000e+00
4.125000000000000000e+00
-5.395507812500000000e-02
-6.125000000000000000e+00
-7.070312500000000000e-01
8.476562500000000000e-01
5.078125000000000000e-01
8.398437500000000000e-01
-1.179687500000000000e+00
3.593750000000000000e-01
-2.265625000000000000e+00
1.898437500000000000e+00
-3.250000000000000000e+00
7.156250000000000000e+00
-2.437500000000000000e+00
3.187500000000000000e+00
-2.265625000000000000e-01
-3.296875000000000000e+00
-4.031250000000000000e+00
-1.882812500000000000e+00
-2.703125000000000000e+00
-3.578125000000000000e+00
-7.812500000000000000e-02
-2.078125000000000000e+00
-1.085937500000000000e+00
9.687500000000000000e-01
-6.757812500000000000e-01
-3.203125000000000000e+00
8.554687500000000000e-01
1.812500000000000000e+00
-1.656250000000000000e+00
-4.277343750000000000e-01
2.060546875000000000e-01
-2.578125000000000000e+00
3.312500000000000000e+00
-1.474609375000000000e-01
2.562500000000000000e+00
5.125000000000000000e+00
5.750000000000000000e+00
3.140625000000000000e+00
4.156250000000000000e+00
3.546875000000000000e+00
-1.273437500000000000e+00
1.718750000000000000e+00
-1.445312500000000000e+00
1.335937500000000000e+00
-1.748046875000000000e-01
2.453125000000000000e+00
2.171875000000000000e+00
-9.570312500000000000e-01
-2.828125000000000000e+00
1.726562500000000000e+00
2.390625000000000000e+00
-1.500000000000000000e+00
1.375000000000000000e+00
-3.000000000000000000e+00
3.859375000000000000e+00
3.296875000000000000e+00
-4.296875000000000000e-01
4.031250000000000000e+00
1.351562500000000000e+00
4.218750000000000000e-01
-5.976562500000000000e-01
7.468750000000000000e+00
5.156250000000000000e+00
3.125000000000000000e+00
2.000000000000000000e+00
-1.054687500000000000e+00
4.781250000000000000e+00
-4.296875000000000000e-01
1.140625000000000000e+00
3.125000000000000000e+00
1.030273437500000000e-01
9.804687500000000000e-01
4.000000000000000000e+00
1.914062500000000000e+00
-3.265625000000000000e+00
-3.125000000000000000e+00
4.718750000000000000e+00
2.703125000000000000e+00
-2.250000000000000000e+00
-4.656250000000000000e+00
3.250000000000000000e+00
3.796875000000000000e+00
9.843750000000000000e-01
1.767578125000000000e-01
-3.046875000000000000e+00
2.187500000000000000e-01
3.515625000000000000e-01
8.867187500000000000e-01
-3.703125000000000000e+00
1.648437500000000000e+00
2.890625000000000000e+00
2.078125000000000000e+00
9.882812500000000000e-01
-3.500000000000000000e+00
-2.812500000000000000e-01
1.591796875000000000e-01
5.343750000000000000e+00
2.515625000000000000e+00
-8.789062500000000000e-01
-2.078125000000000000e+00
3.390625000000000000e+00
4.281250000000000000e+00
3.515625000000000000e+00
-1.398437500000000000e+00
5.750000000000000000e+00
-1.164062500000000000e+00
-1.710937500000000000e+00
-2.187500000000000000e+00
1.523437500000000000e+00
-3.187500000000000000e+00
3.500000000000000000e+00
-6.093750000000000000e-01
5.281250000000000000e+00
-1.289062500000000000e+00
3.015625000000000000e+00
-2.640625000000000000e+00
1.414062500000000000e+00
-2.171875000000000000e+00
-1.273437500000000000e+00
-1.140625000000000000e+00
7.539062500000000000e-01
5.000000000000000000e-01
4.406250000000000000e+00
1.562500000000000000e+00
3.750000000000000000e-01
2.015625000000000000e+00
-1.843750000000000000e+00
-3.578125000000000000e+00
3.875000000000000000e+00
4.031250000000000000e+00
-2.390625000000000000e+00
2.671875000000000000e+00
7.343750000000000000e+00
-1.125000000000000000e+00
2.796875000000000000e+00
-1.164062500000000000e+00
1.851562500000000000e+00
-5.351562500000000000e-01
-2.617187500000000000e-01
-3.750000000000000000e+00
4.093750000000000000e+00
-1.195312500000000000e+00
5.093750000000000000e+00
