1.837500000000000000e+01
-3.593750000000000000e-01
-5.000000000000000000e+00
6.625000000000000000e+00
-8.007812500000000000e-01
-1.054687500000000000e+00
3.750000000000000000e+00
4.625000000000000000e+00
-1.773437500000000000e+00
-2.046875000000000000e+00
4.656250000000000000e+00
2.796875000000000000e+00
3.171875000000000000e+00
1.351562500000000000e+00
6.156250000000000000e+00
3.875000000000000000e+00
-5.656250000000000000e+00
4.843750000000000000e+00
1.637500000000000000e+01
-6.289062500000000000e-01
-1.812500000000000000e+00
6.523437500000000000e-01
5.781250000000000000e+00
-1.960937500000000000e+00
5.531250000000000000e+00
4.656250000000000000e+00
5.718750000000000000e+00
-7.070312500000000000e-01
1.976562500000000000e+00
-4.281250000000000000e+00
1.050000000000000000e+01
-5.125000000000000000e+00
7.343750000000000000e+00
-3.562500000000000000e+00
-1.429687500000000000e+00
-1.937500000000000000e+00
-2.519531250000000000e-01
4.765625000000000000e-01
4.375000000000000000e+00
-2.828125000000000000e+00
-8.437500000000000000e-01
1.031250000000000000e+01
3.578125000000000000e+00
-2.921875000000000000e+00
-1.562500000000000000e+00
2.343750000000000000e+00
1.851562500000000000e+00
-6.445312500000000000e-01
-1.845703125000000000e-01
9.625000000000000000e+00
5.976562500000000000e-01
-1.851562500000000000e+00
-1.382812500000000000e+00
-4.218750000000000000e+00
7.656250000000000000e+00
1.225000000000000000e+01
-3.203125000000000000e+00
1.500000000000000000e+01
2.171875000000000000e+00
4.093750000000000000e+00
-7.343750000000000000e-01
2.265625000000000000e+00
1.257812500000000000e+00
8.437500000000000000e+00
3.750000000000000000e+00
-1.570312500000000000e+00
9.437500000000000000e+00
-1.226562500000000000e+00
1.664062500000000000e+00
-1.960937500000000000e+00
-1.929687500000000000e+00
2.000000000000000000e+00
1.210937500000000000e+00
-5.781250000000000000e+00
-3.457031250000000000e-01
-7.593750000000000000e+00
7.843750000000000000e+00
2.453125000000000000e+00
7.250000000000000000e+00
2.125000000000000000e+00
3.250000000000000000e+00
5.000000000000000000e+00
-2.062500000000000000e+00
-1.398437500000000000e+00
-6.843750000000000000e+00
-2.490234375000000000e-01
1.275000000000000000e+01
8.625000000000000000e+00
3.796875000000000000e+00
-1.687500000000000000e+00
-1.187500000000000000e+00
1.945312500000000000e+00
-7.593750000000000000e+00
9.218750000000000000e-01
-4.031250000000000000e+00
-3.421875000000000000e+00
2.037500000000000000e+01
5.531250000000000000e+00
-1.289062500000000000e+00
1.023437500000000000e+00
1.218750000000000000e+01
-1.585937500000000000e+00
-4.500000000000000000e+00
1.906250000000000000e+00
1.106250000000000000e+01
8.187500000000000000e+00
-1.257812500000000000e+00
1.507812500000000000e+00
-1.164062500000000000e+00
-6.523437500000000000e-01
1.068750000000000000e+01
-3.453125000000000000e+00
-5.664062500000000000e-01
-1.031250000000000000e+00
-1.289062500000000000e+00
7.343750000000000000e+00
-8.062500000000000000e+00
-3.640625000000000000e+00
-1.273437500000000000e+00
-1.617187500000000000e+00
-4.218750000000000000e+00
-1.539062500000000000e+00
-3.453125000000000000e+00
5.156250000000000000e+00
9.492187500000000000e-01
5.500000000000000000e+00
4.906250000000000000e+00
1.268750000000000000e+01
7.156250000000000000e+00
6.289062500000000000e-01
-7.568359375000000000e-02
-4.343750000000000000e+00
3.859375000000000000e+00
-3.437500000000000000e+00
1.206250000000000000e+01
-1.812500000000000000e+00
-1.396484375000000000e-01
9.000000000000000000e+00
5.187500000000000000e+00
-3.687500000000000000e+00
9.179687500000000000e-02
-2.062500000000000000e+00
7.406250000000000000e+00
3.296875000000000000e+00
6.593750000000000000e+00
-2.171875000000000000e+00
1.393750000000000000e+01
-3.875000000000000000e+00
7.750000000000000000e+00
6.656250000000000000e+00
1.812500000000000000e+01
-1.437500000000000000e+00
-2.750000000000000000e+00
1.375000000000000000e+00
-9.804687500000000000e-01
1.075000000000000000e+01
-2.593750000000000000e+00
-5.585937500000000000e-01
-3.125000000000000000e-01
-3.203125000000000000e+00
4.062500000000000000e-01
5.031250000000000000e+00
4.156250000000000000e+00
6.781250000000000000e+00
8.867187500000000000e-01
1.068750000000000000e+01
-1.539062500000000000e+00
1.164062500000000000e+00
1.695312500000000000e+00
-4.406250000000000000e+00
2.515625000000000000e+00
-5.585937500000000000e-01
8.437500000000000000e+00
8.437500000000000000e+00
-1.767578125000000000e-01
7.718750000000000000e+00
1.320312500000000000e+00
4.218750000000000000e+00
-1.195312500000000000e+00
6.093750000000000000e+00
1.006250000000000000e+01
8.062500000000000000e+00
-2.218750000000000000e+00
-5.429687500000000000e-01
-1.257812500000000000e+00
1.243750000000000000e+01
3.421875000000000000e+00
1.148437500000000000e+00
-9.882812500000000000e-01
2.484375000000000000e+00
5.843750000000000000e+00
-1.718750000000000000e+00
8.062500000000000000e+00
7.906250000000000000e+00
3.953125000000000000e+00
1.343750000000000000e+01
-1.396484375000000000e-01
1.400000000000000000e+01
-1.687500000000000000e+00
-1.148437500000000000e+00
1.210937500000000000e+00
1.281250000000000000e+01
-1.523437500000000000e+00
-3.578125000000000000e+00
1.601562500000000000e+00
1.031250000000000000e+01
-5.625000000000000000e+00
-2.312500000000000000e+00
6.656250000000000000e+00
7.843750000000000000e+00
-2.625000000000000000e+00
8.062500000000000000e+00
-1.601562500000000000e+00
2.187500000000000000e+00
-2.453125000000000000e+00
1.250000000000000000e+01
1.218750000000000000e+01
5.250000000000000000e+00
-5.750000000000000000e+00
1.481250000000000000e+01
-8.906250000000000000e-01
2.265625000000000000e+00
2.546875000000000000e+00
1.611328125000000000e-01
9.437500000000000000e+00
-4.000000000000000000e+00
-2.478027343750000000e-02
-1.531250000000000000e+00
7.281250000000000000e+00
1.398437500000000000e+00
-2.750000000000000000e+00
1.687500000000000000e+01
1.425000000000000000e+01
-6.875000000000000000e-01
3.144531250000000000e-01
-1.226562500000000000e+00
-1.273437500000000000e+00
3.812500000000000000e+00
-4.968750000000000000e+00
-1.750000000000000000e+00
6.000000000000000000e+00
-3.808593750000000000e-01
-1.075000000000000000e+01
8.164062500000000000e-01
-4.956054687500000000e-02
-4.003906250000000000e-01
2.656250000000000000e-01
-3.730468750000000000e-01
-1.054687500000000000e-01
-1.625000000000000000e+00
1.231250000000000000e+01
-4.406250000000000000e+00
1.662500000000000000e+01
-1.617187500000000000e+00
5.000000000000000000e+00
3.203125000000000000e-01
-4.343750000000000000e+00
-5.906250000000000000e+00
-3.171875000000000000e+00
-3.953125000000000000e+00
-4.593750000000000000e+00
-2.515625000000000000e+00
-1.664062500000000000e+00
-4.746093750000000000e-01
8.007812500000000000e-01
-2.001953125000000000e-01
-4.750000000000000000e+00
-2.470703125000000000e-01
1.539062500000000000e+00
-1.351562500000000000e+00
-1.031250000000000000e+00
1.357421875000000000e-01
-3.328125000000000000e+00
5.187500000000000000e+00
-6.835937500000000000e-01
7.218750000000000000e+00
8.562500000000000000e+00
1.468750000000000000e+01
5.000000000000000000e+00
8.562500000000000000e+00
6.406250000000000000e+00
-8.476562500000000000e-01
4.174804687500000000e-02
-1.164062500000000000e+00
3.652343750000000000e-01
1.069335937500000000e-01
5.000000000000000000e+00
3.875000000000000000e+00
-9.726562500000000000e-01
-4.093750000000000000e+00
2.015625000000000000e+00
4.531250000000000000e+00
-3.750000000000000000e+00
1.476562500000000000e+00
-1.687500000000000000e+00
5.281250000000000000e+00
6.343750000000000000e+00
-8.007812500000000000e-01
6.343750000000000000e+00
2.125000000000000000e+00
1.023437500000000000e+00
-1.757812500000000000e+00
1.450000000000000000e+01
8.125000000000000000e+00
6.000000000000000000e+00
3.703125000000000000e+00
-8.242187500000000000e-01
1.231250000000000000e+01
1.279296875000000000e-01
8.320312500000000000e-01
5.531250000000000000e+00
-1.789062500000000000e+00
3.339843750000000000e-01
6.843750000000000000e+00
3.500000000000000000e+00
-4.812500000000000000e+00
-1.398437500000000000e+00
8.937500000000000000e+00
5.656250000000000000e+00
-2.015625000000000000e+00
-3.546875000000000000e+00
6.468750000000000000e+00
6.468750000000000000e+00
1.625000000000000000e+00
4.750000000000000000e+00
-4.093750000000000000e+00
4.062500000000000000e-01
-1.196289062500000000e-01
1.773437500000000000e+00
-5.281250000000000000e+00
2.578125000000000000e+00
3.796875000000000000e+00
4.343750000000000000e+00
1.726562500000000000e+00
-4.906250000000000000e+00
7.468750000000000000e+00
3.164062500000000000e-01
1.500000000000000000e+01
3.500000000000000000e+00
-2.015625000000000000e+00
-1.914062500000000000e+00
6.343750000000000000e+00
5.656250000000000000e+00
6.375000000000000000e+00
-1.312500000000000000e+00
9.875000000000000000e+00
-2.234375000000000000e+00
-2.859375000000000000e+00
-1.648437500000000000e+00
2.250000000000000000e+00
-1.289062500000000000e+00
6.968750000000000000e+00
-2.921875000000000000e+00
1.043750000000000000e+01
-1.976562500000000000e+00
5.500000000000000000e+00
-4.406250000000000000e+00
6.750000000000000000e+00
-1.937500000000000000e+00
5.750000000000000000e+00
-8.867187500000000000e-01
-5.742187500000000000e-01
7.843750000000000000e+00
8.312500000000000000e+00
2.390625000000000000e+00
-8.632812500000000000e-01
5.250000000000000000e+00
-1.218750000000000000e+00
-6.906250000000000000e+00
6.718750000000000000e+00
7.906250000000000000e+00
-1.398437500000000000e+00
4.312500000000000000e+00
1.331250000000000000e+01
-3.140625000000000000e+00
5.281250000000000000e+00
-2.218750000000000000e+00
2.765625000000000000e+00
1.875000000000000000e-01
-5.429687500000000000e-01
-5.000000000000000000e+00
6.781250000000000000e+00
-3.546875000000000000e+00
1.231250000000000000e+01
