7.968750000000000000e-01
7.304687500000000000e-01
-2.375000000000000000e+00
1.773437500000000000e+00
-8.125000000000000000e-01
3.125000000000000000e-01
1.234375000000000000e+00
1.156250000000000000e+00
-1.218750000000000000e+00
-1.835937500000000000e+00
1.507812500000000000e+00
1.468750000000000000e+00
2.250000000000000000e+00
4.472656250000000000e-01
1.476562500000000000e+00
7.070312500000000000e-01
-1.554687500000000000e+00
1.304687500000000000e+00
1.835937500000000000e+00
-4.511718750000000000e-01
-6.093750000000000000e-01
2.046875000000000000e+00
-5.843750000000000000e+00
-8.750000000000000000e-01
1.476562500000000000e+00
9.570312500000000000e-01
-4.000000000000000000e+00
-1.351562500000000000e+00
6.601562500000000000e-01
-1.804687500000000000e+00
2.359375000000000000e+00
2.080078125000000000e-01
1.976562500000000000e+00
-1.101562500000000000e+00
-7.070312500000000000e-01
-1.851562500000000000e+00
1.259765625000000000e-01
4.418945312500000000e-02
4.082031250000000000e-01
-5.039062500000000000e-01
-8.789062500000000000e-01
2.765625000000000000e+00
1.875000000000000000e+00
-6.914062500000000000e-01
-2.328125000000000000e+00
1.156250000000000000e+00
1.164062500000000000e+00
4.433593750000000000e-01
6.757812500000000000e-01
1.531250000000000000e+00
1.279296875000000000e-01
-1.968750000000000000e+00
1.023437500000000000e+00
-1.406250000000000000e+00
1.898437500000000000e+00
1.320312500000000000e+00
2.519531250000000000e-01
-1.539062500000000000e+00
8.554687500000000000e-01
1.171875000000000000e+00
-3.964843750000000000e-01
1.164062500000000000e+00
3.261718750000000000e-01
2.703125000000000000e+00
2.390625000000000000e+00
5.200195312500000000e-02
1.976562500000000000e+00
2.539062500000000000e-01
9.257812500000000000e-01
6.132812500000000000e-01
-1.992187500000000000e+00
1.179687500000000000e+00
6.718750000000000000e-01
-1.945312500000000000e+00
1.835937500000000000e+00
-1.070312500000000000e+00
2.875000000000000000e+00
1.335937500000000000e+00
2.562500000000000000e+00
1.992187500000000000e-01
2.562500000000000000e+00
1.062500000000000000e+00
-7.070312500000000000e-01
-8.320312500000000000e-01
-2.484375000000000000e+00
6.210937500000000000e-01
4.218750000000000000e-01
1.914062500000000000e+00
7.617187500000000000e-01
-2.953125000000000000e+00
-1.818847656250000000e-02
2.046875000000000000e+00
-1.812500000000000000e+00
4.296875000000000000e-01
3.063964843750000000e-02
-1.726562500000000000e+00
2.390625000000000000e+00
1.523437500000000000e+00
-2.125000000000000000e+00
1.070312500000000000e+00
1.531250000000000000e+00
-2.312500000000000000e+00
-2.156250000000000000e+00
1.781250000000000000e+00
2.234375000000000000e+00
2.546875000000000000e+00
-2.519531250000000000e-01
1.585937500000000000e+00
-1.367187500000000000e+00
1.875000000000000000e-01
2.796875000000000000e+00
-1.460937500000000000e+00
1.125000000000000000e+00
3.437500000000000000e-01
-1.109375000000000000e+00
2.828125000000000000e+00
2.734375000000000000e-01
-8.242187500000000000e-01
-1.773437500000000000e+00
-7.500000000000000000e-01
-1.648437500000000000e+00
-2.187500000000000000e+00
-5.273437500000000000e-01
1.523437500000000000e+00
1.250000000000000000e+00
7.656250000000000000e-01
2.125000000000000000e+00
2.703125000000000000e+00
2.000000000000000000e+00
9.960937500000000000e-01
1.367187500000000000e+00
8.437500000000000000e-01
1.101562500000000000e+00
-1.531250000000000000e+00
-6.093750000000000000e-01
-2.236328125000000000e-01
2.675781250000000000e-01
1.523437500000000000e+00
2.296875000000000000e+00
-1.679687500000000000e+00
-5.703125000000000000e-01
1.476562500000000000e+00
2.328125000000000000e+00
6.914062500000000000e-01
2.078125000000000000e+00
-1.414062500000000000e+00
1.382812500000000000e+00
-9.257812500000000000e-01
1.789062500000000000e+00
2.015625000000000000e+00
1.617187500000000000e+00
-7.929687500000000000e-01
-1.414062500000000000e+00
-4.296875000000000000e-01
-1.562500000000000000e+00
-1.507812500000000000e+00
-7.773437500000000000e-01
-2.851562500000000000e-01
-3.637695312500000000e-02
-1.507812500000000000e+00
-7.446289062500000000e-03
-1.000976562500000000e-01
1.023437500000000000e+00
-2.328125000000000000e+00
5.507812500000000000e-01
2.546875000000000000e+00
-1.601562500000000000e+00
-3.784179687500000000e-02
1.742187500000000000e+00
-1.687500000000000000e+00
1.273437500000000000e+00
-6.992187500000000000e-01
2.828125000000000000e+00
2.078125000000000000e+00
8.593750000000000000e-02
2.562500000000000000e+00
1.923828125000000000e-01
2.203125000000000000e+00
-5.932617187500000000e-02
1.679687500000000000e+00
-1.513671875000000000e-01
2.109375000000000000e+00
1.650390625000000000e-01
1.132812500000000000e-01
1.007812500000000000e+00
2.765625000000000000e+00
1.500000000000000000e+00
6.992187500000000000e-01
-2.871093750000000000e-01
8.554687500000000000e-01
1.875000000000000000e+00
-5.898437500000000000e-01
1.835937500000000000e+00
2.765625000000000000e+00
1.320312500000000000e+00
-4.433593750000000000e-01
-1.196289062500000000e-01
-1.476562500000000000e+00
-1.382812500000000000e+00
-1.101562500000000000e+00
6.718750000000000000e-01
5.820312500000000000e-01
-3.984375000000000000e-01
-1.195312500000000000e+00
3.496093750000000000e-01
1.960937500000000000e+00
3.671875000000000000e-01
-1.632812500000000000e+00
1.742187500000000000e+00
1.523437500000000000e+00
-1.656250000000000000e+00
1.718750000000000000e+00
-1.804687500000000000e+00
1.234375000000000000e+00
-1.445312500000000000e+00
2.921875000000000000e+00
1.445312500000000000e+00
1.710937500000000000e+00
-7.070312500000000000e-01
-1.281250000000000000e+00
-1.148437500000000000e+00
4.316406250000000000e-01
9.570312500000000000e-01
1.220703125000000000e-02
-3.171875000000000000e+00
-1.875000000000000000e+00
-8.593750000000000000e-02
-2.203125000000000000e+00
-1.320312500000000000e+00
1.085937500000000000e+00
-1.125000000000000000e+00
1.937500000000000000e+00
4.511718750000000000e-01
-2.451171875000000000e-01
-1.318359375000000000e-01
-1.843750000000000000e+00
-2.988281250000000000e-01
1.460937500000000000e+00
-2.234375000000000000e+00
-1.914062500000000000e+00
2.546875000000000000e+00
8.554687500000000000e-01
-5.976562500000000000e-01
-3.730468750000000000e-01
1.259765625000000000e-01
-6.093750000000000000e-01
-5.820312500000000000e-01
-9.570312500000000000e-01
-4.433593750000000000e-01
-1.937500000000000000e+00
-3.546875000000000000e+00
-1.757812500000000000e+00
8.945312500000000000e-01
-1.656250000000000000e+00
1.976562500000000000e+00
6.992187500000000000e-01
-2.015625000000000000e+00
-1.937500000000000000e+00
-7.031250000000000000e-01
-1.296875000000000000e+00
-1.437500000000000000e+00
6.562500000000000000e-01
-1.523437500000000000e+00
-4.003906250000000000e-01
1.164062500000000000e+00
1.386718750000000000e-01
-1.351562500000000000e+00
-3.593750000000000000e-01
5.937500000000000000e-01
-1.695312500000000000e+00
-1.156250000000000000e+00
-5.546875000000000000e-01
-1.500000000000000000e+00
1.460937500000000000e+00
-1.416015625000000000e-01
-1.406250000000000000e+00
2.187500000000000000e+00
-1.982421875000000000e-01
1.625000000000000000e+00
1.414062500000000000e+00
1.289062500000000000e+00
-1.750000000000000000e+00
1.601562500000000000e+00
-8.945312500000000000e-01
1.445312500000000000e+00
-4.687500000000000000e-01
7.812500000000000000e-01
1.289062500000000000e+00
-5.781250000000000000e-01
-1.687500000000000000e+00
1.601562500000000000e+00
1.476562500000000000e+00
-1.070312500000000000e+00
1.304687500000000000e+00
-1.562500000000000000e+00
2.328125000000000000e+00
1.375000000000000000e+00
4.277343750000000000e-01
1.835937500000000000e+00
3.437500000000000000e-01
1.195312500000000000e+00
8.242187500000000000e-01
2.281250000000000000e+00
2.562500000000000000e+00
1.117187500000000000e+00
2.046875000000000000e+00
-1.179687500000000000e+00
8.837890625000000000e-02
8.125000000000000000e-01
5.078125000000000000e-01
1.101562500000000000e+00
-5.737304687500000000e-02
1.476562500000000000e+00
1.789062500000000000e+00
1.078125000000000000e+00
-1.851562500000000000e+00
-2.046875000000000000e+00
1.554687500000000000e+00
1.085937500000000000e+00
-1.648437500000000000e+00
-2.375000000000000000e+00
1.375000000000000000e+00
2.140625000000000000e+00
1.460937500000000000e+00
-3.234375000000000000e+00
-1.585937500000000000e+00
-1.640625000000000000e-01
7.460937500000000000e-01
9.882812500000000000e-01
-2.078125000000000000e+00
9.257812500000000000e-01
1.960937500000000000e+00
1.750000000000000000e+00
1.726562500000000000e+00
-2.515625000000000000e+00
-4.500000000000000000e+00
2.080078125000000000e-01
-1.031250000000000000e+00
-4.785156250000000000e-01
7.304687500000000000e-01
-2.062500000000000000e+00
1.960937500000000000e+00
2.015625000000000000e+00
1.367187500000000000e+00
-1.226562500000000000e+00
2.828125000000000000e+00
-2.871093750000000000e-01
1.664062500000000000e+00
-1.562500000000000000e+00
-4.316406250000000000e-01
-1.773437500000000000e+00
1.210937500000000000e+00
-1.748046875000000000e-01
1.687500000000000000e+00
-4.218750000000000000e-01
-3.691406250000000000e-01
4.238281250000000000e-01
-1.804687500000000000e+00
-4.785156250000000000e-01
-5.156250000000000000e+00
-7.148437500000000000e-01
-2.792968750000000000e-01
-3.671875000000000000e+00
1.710937500000000000e+00
1.406250000000000000e+00
1.445312500000000000e-01
5.273437500000000000e-01
-1.695312500000000000e+00
-2.562500000000000000e+00
2.125000000000000000e+00
1.281250000000000000e+00
-1.312500000000000000e+00
1.750000000000000000e+00
2.453125000000000000e+00
-3.828125000000000000e-01
1.375000000000000000e+00
-1.171875000000000000e-01
1.000000000000000000e+00
-6.093750000000000000e-01
-6.210937500000000000e-01
-1.906250000000000000e+00
1.664062500000000000e+00
7.500000000000000000e-01
3.593750000000000000e-01
