4.281250000000000000e+00
6.718750000000000000e-01
-2.671875000000000000e+00
2.875000000000000000e+00
-1.054687500000000000e+00
6.250000000000000000e-01
2.156250000000000000e+00
1.968750000000000000e+00
-1.593750000000000000e+00
-1.687500000000000000e+00
2.421875000000000000e+00
1.601562500000000000e+00
2.687500000000000000e+00
6.445312500000000000e-01
2.562500000000000000e+00
1.742187500000000000e+00
-2.796875000000000000e+00
2.109375000000000000e+00
5.125000000000000000e+00
-1.156250000000000000e+00
-1.195312500000000000e+00
2.421875000000000000e+00
-3.875000000000000000e+00
-1.437500000000000000e+00
2.375000000000000000e+00
1.812500000000000000e+00
-1.960937500000000000e+00
-1.375000000000000000e+00
2.968750000000000000e-01
-2.187500000000000000e+00
4.281250000000000000e+00
-3.535156250000000000e-01
3.171875000000000000e+00
-1.648437500000000000e+00
-3.593750000000000000e-01
-2.046875000000000000e+00
3.281250000000000000e-01
1.562500000000000000e-01
1.218750000000000000e+00
-2.265625000000000000e+00
-1.156250000000000000e+00
4.531250000000000000e+00
1.914062500000000000e+00
-1.312500000000000000e+00
-1.960937500000000000e+00
1.960937500000000000e+00
1.398437500000000000e+00
-4.238281250000000000e-01
7.500000000000000000e-01
3.375000000000000000e+00
-4.941406250000000000e-01
-1.914062500000000000e+00
1.257812500000000000e+00
-1.937500000000000000e+00
3.125000000000000000e+00
3.937500000000000000e+00
-1.437500000000000000e+00
1.375000000000000000e+00
7.460937500000000000e-01
1.851562500000000000e+00
-1.148437500000000000e+00
1.617187500000000000e+00
-4.492187500000000000e-02
4.093750000000000000e+00
2.921875000000000000e+00
-7.304687500000000000e-01
3.640625000000000000e+00
6.396484375000000000e-02
1.171875000000000000e-01
2.988281250000000000e-01
-1.976562500000000000e+00
1.750000000000000000e+00
1.093750000000000000e-01
-2.875000000000000000e+00
1.648437500000000000e+00
-1.937500000000000000e+00
4.156250000000000000e+00
1.976562500000000000e+00
3.703125000000000000e+00
3.769531250000000000e-01
3.203125000000000000e+00
2.171875000000000000e+00
-7.539062500000000000e-01
-1.320312500000000000e+00
-3.375000000000000000e+00
1.007812500000000000e+00
3.312500000000000000e+00
3.484375000000000000e+00
1.750000000000000000e+00
-2.703125000000000000e+00
-6.367187500000000000e-01
1.632812500000000000e+00
-3.375000000000000000e+00
-1.818847656250000000e-02
-3.691406250000000000e-01
-2.140625000000000000e+00
6.468750000000000000e+00
2.437500000000000000e+00
-1.187500000000000000e+00
1.398437500000000000e+00
3.953125000000000000e+00
-2.234375000000000000e+00
-2.765625000000000000e+00
2.156250000000000000e+00
4.531250000000000000e+00
3.828125000000000000e+00
-7.812500000000000000e-03
1.960937500000000000e+00
-1.507812500000000000e+00
-4.746093750000000000e-01
4.718750000000000000e+00
-1.273437500000000000e+00
1.218750000000000000e+00
-4.824218750000000000e-01
-1.382812500000000000e+00
4.093750000000000000e+00
-1.085937500000000000e+00
-1.414062500000000000e+00
-1.882812500000000000e+00
-7.031250000000000000e-01
-2.000000000000000000e+00
-1.742187500000000000e+00
-1.062500000000000000e+00
2.671875000000000000e+00
1.687500000000000000e+00
2.015625000000000000e+00
2.921875000000000000e+00
5.125000000000000000e+00
3.250000000000000000e+00
1.187500000000000000e+00
1.664062500000000000e+00
9.570312500000000000e-02
1.875000000000000000e+00
-1.906250000000000000e+00
1.265625000000000000e+00
-1.117187500000000000e+00
-7.226562500000000000e-02
3.453125000000000000e+00
2.890625000000000000e+00
-1.960937500000000000e+00
-4.589843750000000000e-01
1.507812500000000000e+00
3.796875000000000000e+00
1.585937500000000000e+00
3.312500000000000000e+00
-1.781250000000000000e+00
4.218750000000000000e+00
-1.835937500000000000e+00
3.375000000000000000e+00
3.421875000000000000e+00
4.593750000000000000e+00
-1.281250000000000000e+00
-1.531250000000000000e+00
4.589843750000000000e-01
-1.625000000000000000e+00
5.546875000000000000e-01
-1.523437500000000000e+00
-8.789062500000000000e-01
-3.046875000000000000e-01
-1.414062500000000000e+00
-4.941406250000000000e-01
4.433593750000000000e-01
1.539062500000000000e+00
-9.570312500000000000e-01
2.373046875000000000e-01
4.500000000000000000e+00
-1.812500000000000000e+00
6.500244140625000000e-03
2.234375000000000000e+00
-2.234375000000000000e+00
1.648437500000000000e+00
-1.382812500000000000e+00
4.281250000000000000e+00
3.625000000000000000e+00
-5.585937500000000000e-01
3.765625000000000000e+00
-3.955078125000000000e-02
3.187500000000000000e+00
3.750000000000000000e-01
2.796875000000000000e+00
2.203125000000000000e+00
3.546875000000000000e+00
-8.867187500000000000e-01
-7.617187500000000000e-01
3.769531250000000000e-01
5.156250000000000000e+00
2.140625000000000000e+00
8.320312500000000000e-01
7.070312500000000000e-01
1.367187500000000000e+00
2.984375000000000000e+00
-1.000000000000000000e+00
3.140625000000000000e+00
4.000000000000000000e+00
1.960937500000000000e+00
2.328125000000000000e+00
1.767578125000000000e-01
1.679687500000000000e+00
-1.304687500000000000e+00
-1.140625000000000000e+00
1.085937500000000000e+00
3.000000000000000000e+00
-1.250000000000000000e-01
-9.492187500000000000e-01
5.590820312500000000e-02
3.765625000000000000e+00
-1.210937500000000000e+00
-2.000000000000000000e+00
2.953125000000000000e+00
2.890625000000000000e+00
-1.656250000000000000e+00
3.046875000000000000e+00
-1.812500000000000000e+00
1.960937500000000000e+00
-9.804687500000000000e-01
5.218750000000000000e+00
3.500000000000000000e+00
2.671875000000000000e+00
-1.210937500000000000e+00
1.914062500000000000e+00
-1.398437500000000000e+00
2.314453125000000000e-01
1.437500000000000000e+00
-2.949218750000000000e-01
-1.062500000000000000e+00
-2.015625000000000000e+00
-7.929687500000000000e-01
-2.296875000000000000e+00
3.847656250000000000e-01
2.046875000000000000e+00
-1.328125000000000000e+00
4.875000000000000000e+00
3.250000000000000000e+00
2.060546875000000000e-01
-3.784179687500000000e-02
-1.593750000000000000e+00
-8.789062500000000000e-01
2.437500000000000000e+00
-2.750000000000000000e+00
-1.335937500000000000e+00
3.453125000000000000e+00
5.859375000000000000e-01
-2.328125000000000000e+00
4.121093750000000000e-01
-2.109375000000000000e-01
-1.023437500000000000e+00
-1.230468750000000000e-01
-9.257812500000000000e-01
-9.492187500000000000e-01
-1.804687500000000000e+00
-5.273437500000000000e-01
-1.781250000000000000e+00
4.437500000000000000e+00
-1.617187500000000000e+00
2.796875000000000000e+00
1.648437500000000000e+00
-1.976562500000000000e+00
-2.453125000000000000e+00
-6.679687500000000000e-01
-1.593750000000000000e+00
-2.140625000000000000e+00
-1.195312500000000000e+00
-1.570312500000000000e+00
-2.539062500000000000e-01
1.101562500000000000e+00
4.550781250000000000e-01
-1.750000000000000000e+00
-9.257812500000000000e-01
-1.495361328125000000e-02
-1.562500000000000000e+00
-1.898437500000000000e+00
-4.355468750000000000e-01
-1.468750000000000000e+00
2.265625000000000000e+00
-7.851562500000000000e-01
-1.279296875000000000e-01
3.546875000000000000e+00
2.750000000000000000e+00
2.593750000000000000e+00
3.296875000000000000e+00
2.437500000000000000e+00
-1.632812500000000000e+00
-5.737304687500000000e-02
-1.007812500000000000e+00
7.968750000000000000e-01
-7.539062500000000000e-01
1.523437500000000000e+00
2.078125000000000000e+00
-8.437500000000000000e-01
-1.875000000000000000e+00
1.914062500000000000e+00
2.421875000000000000e+00
-2.468750000000000000e+00
1.234375000000000000e+00
-1.679687500000000000e+00
2.828125000000000000e+00
2.468750000000000000e+00
-9.023437500000000000e-01
2.625000000000000000e+00
4.843750000000000000e-01
1.601562500000000000e+00
5.234375000000000000e-01
5.156250000000000000e+00
3.828125000000000000e+00
2.250000000000000000e+00
2.828125000000000000e+00
-1.179687500000000000e+00
2.828125000000000000e+00
9.335937500000000000e-01
2.014160156250000000e-02
2.140625000000000000e+00
-1.031250000000000000e+00
1.898437500000000000e+00
3.000000000000000000e+00
1.875000000000000000e+00
-2.359375000000000000e+00
-1.882812500000000000e+00
3.187500000000000000e+00
2.250000000000000000e+00
-1.875000000000000000e+00
-2.593750000000000000e+00
2.609375000000000000e+00
3.359375000000000000e+00
1.867187500000000000e+00
-2.000000000000000000e+00
-1.687500000000000000e+00
-2.265625000000000000e-01
-5.737304687500000000e-02
1.476562500000000000e+00
-2.640625000000000000e+00
1.218750000000000000e+00
2.234375000000000000e+00
2.765625000000000000e+00
2.312500000000000000e+00
-2.953125000000000000e+00
-2.203125000000000000e+00
-3.457031250000000000e-01
1.851562500000000000e+00
-1.689453125000000000e-01
9.335937500000000000e-01
-1.812500000000000000e+00
3.250000000000000000e+00
2.453125000000000000e+00
2.390625000000000000e+00
-1.460937500000000000e+00
4.375000000000000000e+00
-6.875000000000000000e-01
1.210937500000000000e+00
-1.625000000000000000e+00
-7.070312500000000000e-01
-1.914062500000000000e+00
2.453125000000000000e+00
-4.843750000000000000e-01
3.796875000000000000e+00
-1.031250000000000000e+00
4.160156250000000000e-01
-1.982421875000000000e-01
-2.519531250000000000e-01
-1.210937500000000000e+00
-3.734375000000000000e+00
-1.203125000000000000e+00
-1.187500000000000000e+00
-1.687500000000000000e+00
3.390625000000000000e+00
2.046875000000000000e+00
-7.500000000000000000e-01
1.742187500000000000e+00
-1.875000000000000000e+00
-3.125000000000000000e+00
3.203125000000000000e+00
3.000000000000000000e+00
-1.398437500000000000e+00
2.609375000000000000e+00
5.281250000000000000e+00
-5.859375000000000000e-01
2.468750000000000000e+00
-5.429687500000000000e-01
1.445312500000000000e+00
-1.289062500000000000e-01
-8.945312500000000000e-01
-2.359375000000000000e+00
2.921875000000000000e+00
-4.785156250000000000e-01
2.750000000000000000e+00
