8.554687500000000000e-01
5.898437500000000000e-01
-2.234375000000000000e+00
1.554687500000000000e+00
-6.835937500000000000e-01
8.750000000000000000e-01
1.117187500000000000e+00
1.117187500000000000e+00
-7.460937500000000000e-01
-1.585937500000000000e+00
1.351562500000000000e+00
1.031250000000000000e+00
2.015625000000000000e+00
2.753906250000000000e-01
1.343750000000000000e+00
6.523437500000000000e-01
-1.625000000000000000e+00
1.164062500000000000e+00
1.820312500000000000e+00
-7.929687500000000000e-01
-9.414062500000000000e-01
2.171875000000000000e+00
-5.375000000000000000e+00
-8.906250000000000000e-01
1.234375000000000000e+00
7.382812500000000000e-01
-3.500000000000000000e+00
-1.492187500000000000e+00
2.519531250000000000e-01
-1.507812500000000000e+00
2.140625000000000000e+00
4.062500000000000000e-01
1.718750000000000000e+00
-1.132812500000000000e+00
-4.316406250000000000e-01
-1.593750000000000000e+00
7.812500000000000000e-01
-3.183593750000000000e-01
4.238281250000000000e-01
-1.039062500000000000e+00
-1.164062500000000000e+00
2.390625000000000000e+00
1.406250000000000000e+00
-4.453125000000000000e-01
-2.125000000000000000e+00
1.132812500000000000e+00
9.257812500000000000e-01
2.001953125000000000e-01
8.085937500000000000e-01
1.468750000000000000e+00
-1.171875000000000000e-01
-1.632812500000000000e+00
1.375000000000000000e+00
-1.039062500000000000e+00
1.601562500000000000e+00
1.437500000000000000e+00
-3.066406250000000000e-01
-1.328125000000000000e+00
6.367187500000000000e-01
9.257812500000000000e-01
-5.742187500000000000e-01
1.000000000000000000e+00
-7.568359375000000000e-02
2.546875000000000000e+00
2.078125000000000000e+00
-4.174804687500000000e-02
1.781250000000000000e+00
3.691406250000000000e-01
3.828125000000000000e-01
3.613281250000000000e-01
-1.687500000000000000e+00
9.804687500000000000e-01
3.144531250000000000e-01
-1.710937500000000000e+00
1.750000000000000000e+00
-8.867187500000000000e-01
2.500000000000000000e+00
1.320312500000000000e+00
2.265625000000000000e+00
-1.043701171875000000e-02
2.453125000000000000e+00
9.531250000000000000e-01
-5.039062500000000000e-01
-6.367187500000000000e-01
-2.562500000000000000e+00
6.875000000000000000e-01
5.937500000000000000e-01
1.742187500000000000e+00
8.125000000000000000e-01
-2.562500000000000000e+00
-2.871093750000000000e-01
1.695312500000000000e+00
-1.664062500000000000e+00
-3.833007812500000000e-02
1.298828125000000000e-01
-1.429687500000000000e+00
2.140625000000000000e+00
1.289062500000000000e+00
-1.812500000000000000e+00
1.210937500000000000e+00
1.554687500000000000e+00
-2.328125000000000000e+00
-1.914062500000000000e+00
1.789062500000000000e+00
2.140625000000000000e+00
2.140625000000000000e+00
-6.787109375000000000e-02
1.710937500000000000e+00
-1.312500000000000000e+00
-2.490234375000000000e-01
2.546875000000000000e+00
-1.304687500000000000e+00
1.335937500000000000e+00
3.750000000000000000e-01
-1.007812500000000000e+00
2.484375000000000000e+00
3.496093750000000000e-01
-5.781250000000000000e-01
-1.726562500000000000e+00
-4.902343750000000000e-01
-1.210937500000000000e+00
-1.898437500000000000e+00
-1.117187500000000000e+00
1.289062500000000000e+00
1.265625000000000000e+00
8.164062500000000000e-01
1.937500000000000000e+00
2.546875000000000000e+00
1.812500000000000000e+00
8.007812500000000000e-01
1.625000000000000000e+00
7.187500000000000000e-01
9.648437500000000000e-01
-1.601562500000000000e+00
-4.902343750000000000e-01
-3.066406250000000000e-01
-1.494140625000000000e-01
1.367187500000000000e+00
1.960937500000000000e+00
-1.062500000000000000e+00
-9.804687500000000000e-01
1.476562500000000000e+00
2.031250000000000000e+00
6.250000000000000000e-01
1.898437500000000000e+00
-1.414062500000000000e+00
1.335937500000000000e+00
-1.414062500000000000e+00
1.648437500000000000e+00
1.789062500000000000e+00
1.507812500000000000e+00
-9.023437500000000000e-01
-1.085937500000000000e+00
-3.144531250000000000e-01
-1.601562500000000000e+00
-1.343750000000000000e+00
-7.070312500000000000e-01
-3.750000000000000000e-01
-1.328125000000000000e-01
-1.343750000000000000e+00
-5.664062500000000000e-01
-1.069335937500000000e-01
7.500000000000000000e-01
-2.312500000000000000e+00
-1.118164062500000000e-01
2.265625000000000000e+00
-1.171875000000000000e+00
7.812500000000000000e-03
1.789062500000000000e+00
-1.382812500000000000e+00
9.960937500000000000e-01
-5.234375000000000000e-01
2.562500000000000000e+00
1.812500000000000000e+00
-6.250000000000000000e-02
2.187500000000000000e+00
-2.373046875000000000e-01
2.156250000000000000e+00
2.333984375000000000e-01
1.414062500000000000e+00
-3.637695312500000000e-02
1.914062500000000000e+00
-2.031250000000000000e-01
-4.687500000000000000e-01
6.445312500000000000e-01
2.515625000000000000e+00
1.273437500000000000e+00
5.429687500000000000e-01
4.370117187500000000e-02
7.539062500000000000e-01
1.789062500000000000e+00
-7.812500000000000000e-01
1.687500000000000000e+00
2.375000000000000000e+00
1.023437500000000000e+00
-2.871093750000000000e-01
1.513671875000000000e-01
-1.210937500000000000e+00
-1.164062500000000000e+00
-1.046875000000000000e+00
6.171875000000000000e-01
4.472656250000000000e-01
-2.226562500000000000e-01
-1.210937500000000000e+00
9.326171875000000000e-02
1.750000000000000000e+00
-1.679687500000000000e-01
-1.562500000000000000e+00
1.492187500000000000e+00
1.335937500000000000e+00
-1.523437500000000000e+00
1.500000000000000000e+00
-1.531250000000000000e+00
1.210937500000000000e+00
-1.351562500000000000e+00
2.546875000000000000e+00
1.242187500000000000e+00
1.523437500000000000e+00
-8.437500000000000000e-01
-1.210937500000000000e+00
-8.242187500000000000e-01
2.275390625000000000e-01
7.695312500000000000e-01
-2.714843750000000000e-01
-2.812500000000000000e+00
-1.632812500000000000e+00
-4.765625000000000000e-01
-2.546875000000000000e+00
-1.179687500000000000e+00
1.109375000000000000e+00
-1.085937500000000000e+00
1.835937500000000000e+00
5.351562500000000000e-01
-3.247070312500000000e-02
5.218505859375000000e-03
-1.750000000000000000e+00
-6.127929687500000000e-02
1.382812500000000000e+00
-1.585937500000000000e+00
-1.585937500000000000e+00
2.187500000000000000e+00
7.929687500000000000e-01
-1.007812500000000000e+00
-4.238281250000000000e-01
-4.902343750000000000e-01
-9.062500000000000000e-01
-9.882812500000000000e-01
-7.343750000000000000e-01
-7.695312500000000000e-01
-1.968750000000000000e+00
-3.250000000000000000e+00
-1.460937500000000000e+00
8.945312500000000000e-01
-1.375000000000000000e+00
1.710937500000000000e+00
8.320312500000000000e-01
-1.914062500000000000e+00
-1.750000000000000000e+00
-4.785156250000000000e-01
-1.250000000000000000e+00
-1.343750000000000000e+00
1.669921875000000000e-01
-1.148437500000000000e+00
-4.375000000000000000e-01
9.492187500000000000e-01
3.750000000000000000e-01
-1.257812500000000000e+00
-6.992187500000000000e-01
8.984375000000000000e-02
-1.687500000000000000e+00
-1.757812500000000000e+00
-5.039062500000000000e-01
-1.312500000000000000e+00
1.195312500000000000e+00
-2.294921875000000000e-01
-1.460937500000000000e+00
2.015625000000000000e+00
-1.982421875000000000e-01
1.468750000000000000e+00
1.351562500000000000e+00
1.007812500000000000e+00
-1.789062500000000000e+00
1.070312500000000000e+00
-6.679687500000000000e-01
8.007812500000000000e-01
-4.277343750000000000e-01
7.070312500000000000e-01
1.179687500000000000e+00
-3.808593750000000000e-01
-1.570312500000000000e+00
1.492187500000000000e+00
1.343750000000000000e+00
-1.289062500000000000e+00
1.039062500000000000e+00
-1.335937500000000000e+00
1.914062500000000000e+00
1.281250000000000000e+00
8.203125000000000000e-02
1.500000000000000000e+00
1.225585937500000000e-01
1.320312500000000000e+00
9.335937500000000000e-01
2.078125000000000000e+00
2.140625000000000000e+00
1.000000000000000000e+00
1.781250000000000000e+00
-9.335937500000000000e-01
3.964843750000000000e-01
9.179687500000000000e-01
4.199218750000000000e-01
9.375000000000000000e-01
-9.687500000000000000e-01
1.304687500000000000e+00
1.500000000000000000e+00
9.375000000000000000e-01
-1.695312500000000000e+00
-1.812500000000000000e+00
1.414062500000000000e+00
1.085937500000000000e+00
-1.445312500000000000e+00
-1.960937500000000000e+00
1.265625000000000000e+00
1.820312500000000000e+00
1.500000000000000000e+00
-3.046875000000000000e+00
-1.414062500000000000e+00
-6.601562500000000000e-01
3.437500000000000000e-01
8.242187500000000000e-01
-1.898437500000000000e+00
6.718750000000000000e-01
1.617187500000000000e+00
1.750000000000000000e+00
1.835937500000000000e+00
-2.265625000000000000e+00
-4.031250000000000000e+00
-1.416015625000000000e-01
-9.375000000000000000e-01
-6.445312500000000000e-01
6.718750000000000000e-01
-1.664062500000000000e+00
1.789062500000000000e+00
1.750000000000000000e+00
1.125000000000000000e+00
-9.687500000000000000e-01
2.546875000000000000e+00
-7.460937500000000000e-01
2.093750000000000000e+00
-1.570312500000000000e+00
-5.976562500000000000e-01
-1.476562500000000000e+00
1.148437500000000000e+00
-4.980468750000000000e-01
1.601562500000000000e+00
-4.589843750000000000e-01
-3.281250000000000000e-01
7.460937500000000000e-01
-1.632812500000000000e+00
-2.695312500000000000e-01
-4.781250000000000000e+00
-7.304687500000000000e-01
-6.054687500000000000e-01
-3.375000000000000000e+00
1.562500000000000000e+00
1.335937500000000000e+00
-4.863281250000000000e-01
5.000000000000000000e-01
-1.343750000000000000e+00
-2.937500000000000000e+00
2.015625000000000000e+00
1.242187500000000000e+00
-1.523437500000000000e+00
1.648437500000000000e+00
2.312500000000000000e+00
-5.937500000000000000e-01
1.210937500000000000e+00
-7.568359375000000000e-02
8.437500000000000000e-01
-6.289062500000000000e-01
-4.140625000000000000e-01
-1.601562500000000000e+00
1.468750000000000000e+00
5.664062500000000000e-01
3.535156250000000000e-01
