-1.429687500000000000e+00
6.884765625000000000e-02
-1.648437500000000000e+00
1.000000000000000000e+00
-5.820312500000000000e-01
1.437500000000000000e+00
1.101562500000000000e+00
6.562500000000000000e-01
-1.000000000000000000e+00
-1.218750000000000000e+00
1.101562500000000000e+00
1.031250000000000000e+00
1.625000000000000000e+00
3.144531250000000000e-01
8.867187500000000000e-01
4.746093750000000000e-01
-1.513671875000000000e-01
6.132812500000000000e-01
-1.235351562500000000e-01
-1.242187500000000000e+00
-5.742187500000000000e-01
3.046875000000000000e+00
-5.500000000000000000e+00
-9.257812500000000000e-01
7.500000000000000000e-01
2.158203125000000000e-01
-3.437500000000000000e+00
-9.882812500000000000e-01
-3.339843750000000000e-01
-9.101562500000000000e-01
1.195312500000000000e+00
2.171875000000000000e+00
1.031250000000000000e+00
-8.437500000000000000e-01
1.010742187500000000e-01
-1.523437500000000000e+00
1.445312500000000000e+00
-8.007812500000000000e-01
3.393554687500000000e-02
-1.437500000000000000e+00
-4.746093750000000000e-01
1.648437500000000000e+00
6.562500000000000000e-01
-4.433593750000000000e-01
-1.460937500000000000e+00
1.312500000000000000e+00
1.195312500000000000e+00
-3.222656250000000000e-01
1.367187500000000000e+00
7.500000000000000000e-01
-8.320312500000000000e-01
-1.351562500000000000e+00
2.234375000000000000e+00
-7.148437500000000000e-01
8.437500000000000000e-01
3.637695312500000000e-02
-8.007812500000000000e-01
-3.390625000000000000e+00
9.228515625000000000e-02
5.820312500000000000e-01
-1.367187500000000000e+00
1.070312500000000000e+00
-6.445312500000000000e-01
1.750000000000000000e+00
1.539062500000000000e+00
-1.660156250000000000e-01
7.929687500000000000e-01
-3.457031250000000000e-01
-4.160156250000000000e-01
7.304687500000000000e-01
-1.507812500000000000e+00
1.539062500000000000e+00
-1.689453125000000000e-01
-1.726562500000000000e+00
2.437500000000000000e+00
1.226562500000000000e+00
1.773437500000000000e+00
1.375000000000000000e+00
1.468750000000000000e+00
3.515625000000000000e-02
2.343750000000000000e+00
7.539062500000000000e-01
-1.429687500000000000e+00
-1.164062500000000000e+00
-2.078125000000000000e+00
1.460937500000000000e+00
-3.750000000000000000e-01
1.062500000000000000e+00
6.132812500000000000e-01
-2.015625000000000000e+00
-9.414062500000000000e-01
6.562500000000000000e-01
-1.210937500000000000e+00
-5.703125000000000000e-01
1.585937500000000000e+00
-6.445312500000000000e-01
7.275390625000000000e-02
7.382812500000000000e-01
-5.039062500000000000e-01
1.210937500000000000e+00
4.785156250000000000e-01
-1.718750000000000000e+00
-1.093750000000000000e+00
1.773437500000000000e+00
1.281250000000000000e+00
1.429687500000000000e+00
3.250122070312500000e-03
2.046875000000000000e+00
-1.289062500000000000e+00
-8.750000000000000000e-01
1.601562500000000000e+00
-7.031250000000000000e-02
1.929687500000000000e+00
-8.906250000000000000e-01
-7.851562500000000000e-01
1.656250000000000000e+00
2.375000000000000000e+00
-1.054687500000000000e+00
-1.617187500000000000e+00
-2.080078125000000000e-01
-9.687500000000000000e-01
-1.250000000000000000e+00
-3.105468750000000000e-01
1.304687500000000000e+00
1.492187500000000000e+00
5.195312500000000000e-01
1.492187500000000000e+00
1.437500000000000000e+00
1.132812500000000000e+00
9.960937500000000000e-01
2.187500000000000000e+00
1.007812500000000000e+00
7.304687500000000000e-01
-1.132812500000000000e+00
-2.687500000000000000e+00
-6.992187500000000000e-01
-6.562500000000000000e-01
6.718750000000000000e-01
1.445312500000000000e+00
-1.476562500000000000e+00
-9.687500000000000000e-01
2.593750000000000000e+00
1.601562500000000000e+00
6.718750000000000000e-01
1.375000000000000000e+00
-4.902343750000000000e-01
-3.535156250000000000e-01
-1.351562500000000000e+00
1.148437500000000000e+00
1.429687500000000000e+00
-1.164062500000000000e+00
-4.863281250000000000e-01
-1.164062500000000000e+00
1.079101562500000000e-01
-1.375000000000000000e+00
-3.203125000000000000e+00
-7.382812500000000000e-01
-1.039062500000000000e+00
1.748046875000000000e-01
-9.687500000000000000e-01
-8.750000000000000000e-01
-1.750000000000000000e+00
5.820312500000000000e-01
-2.984375000000000000e+00
-7.070312500000000000e-01
1.398437500000000000e+00
-1.242187500000000000e+00
-2.265625000000000000e-01
2.312500000000000000e+00
-6.757812500000000000e-01
9.414062500000000000e-01
-1.000000000000000000e+00
1.835937500000000000e+00
1.117187500000000000e+00
-3.066406250000000000e-01
1.343750000000000000e+00
-6.875000000000000000e-01
1.914062500000000000e+00
2.015625000000000000e+00
1.085937500000000000e+00
-1.132812500000000000e+00
1.187500000000000000e+00
-1.953125000000000000e-01
-9.882812500000000000e-01
5.039062500000000000e-01
1.562500000000000000e+00
1.062500000000000000e+00
6.562500000000000000e-01
-2.636718750000000000e-01
6.757812500000000000e-01
1.281250000000000000e+00
-1.023437500000000000e+00
8.945312500000000000e-01
1.687500000000000000e+00
8.242187500000000000e-01
-2.062500000000000000e+00
4.785156250000000000e-01
-2.484375000000000000e+00
-1.242187500000000000e+00
-9.375000000000000000e-01
5.781250000000000000e-01
-1.539062500000000000e+00
1.669921875000000000e-01
-1.875000000000000000e-01
2.187500000000000000e-01
9.101562500000000000e-01
-8.984375000000000000e-02
-1.398437500000000000e+00
9.023437500000000000e-01
5.468750000000000000e-01
-1.148437500000000000e+00
8.125000000000000000e-01
-1.125000000000000000e+00
1.562500000000000000e+00
-2.890625000000000000e-01
1.476562500000000000e+00
-6.992187500000000000e-01
1.132812500000000000e+00
6.367187500000000000e-01
-2.562500000000000000e+00
-1.085937500000000000e+00
-4.028320312500000000e-02
5.820312500000000000e-01
-2.041015625000000000e-01
-4.031250000000000000e+00
-1.117187500000000000e+00
-9.882812500000000000e-01
-1.789062500000000000e+00
-2.187500000000000000e+00
1.851562500000000000e+00
-6.562500000000000000e-01
-5.546875000000000000e-01
-9.843750000000000000e-01
3.515625000000000000e-01
-4.980468750000000000e-01
-1.367187500000000000e+00
-3.535156250000000000e-01
1.273437500000000000e+00
-1.523437500000000000e+00
-1.031250000000000000e+00
1.601562500000000000e+00
1.281250000000000000e+00
2.140625000000000000e+00
-2.539062500000000000e-01
-6.835937500000000000e-01
-1.320312500000000000e+00
-9.570312500000000000e-01
-5.820312500000000000e-01
-1.031250000000000000e+00
-1.507812500000000000e+00
-3.937500000000000000e+00
-9.257812500000000000e-01
-4.394531250000000000e-01
-1.054687500000000000e+00
1.289062500000000000e+00
1.343750000000000000e+00
-1.414062500000000000e+00
-8.593750000000000000e-01
-1.572265625000000000e-01
-6.523437500000000000e-01
-9.492187500000000000e-01
-7.968750000000000000e-01
-1.070312500000000000e+00
-6.562500000000000000e-01
9.804687500000000000e-01
9.179687500000000000e-01
-8.398437500000000000e-01
-1.328125000000000000e+00
-6.757812500000000000e-01
-1.328125000000000000e+00
-1.687500000000000000e+00
-8.867187500000000000e-01
-7.773437500000000000e-01
8.476562500000000000e-01
-8.281250000000000000e-01
-2.250000000000000000e+00
1.101562500000000000e+00
-1.992187500000000000e+00
1.148437500000000000e+00
8.945312500000000000e-01
1.806640625000000000e-01
-1.414062500000000000e+00
-4.902343750000000000e-01
-6.992187500000000000e-01
1.611328125000000000e-01
-6.171875000000000000e-01
2.675781250000000000e-01
9.492187500000000000e-01
-7.929687500000000000e-01
-9.414062500000000000e-01
1.296875000000000000e+00
1.179687500000000000e+00
-1.523437500000000000e+00
7.695312500000000000e-01
-7.148437500000000000e-01
1.468750000000000000e+00
7.500000000000000000e-01
3.637695312500000000e-02
8.632812500000000000e-01
5.273437500000000000e-02
1.648437500000000000e+00
1.312500000000000000e+00
7.031250000000000000e-01
1.585937500000000000e+00
4.082031250000000000e-01
2.234375000000000000e+00
-1.257812500000000000e+00
-7.539062500000000000e-01
1.437500000000000000e+00
-6.132812500000000000e-01
4.355468750000000000e-01
-8.281250000000000000e-01
1.148437500000000000e+00
1.085937500000000000e+00
8.867187500000000000e-01
-1.429687500000000000e+00
-1.250000000000000000e+00
6.640625000000000000e-01
7.031250000000000000e-01
-1.062500000000000000e+00
-1.085937500000000000e+00
6.523437500000000000e-01
1.500000000000000000e+00
1.679687500000000000e+00
-3.828125000000000000e+00
-9.687500000000000000e-01
-8.242187500000000000e-01
4.042968750000000000e-01
9.492187500000000000e-01
-1.414062500000000000e+00
4.472656250000000000e-01
1.085937500000000000e+00
1.632812500000000000e+00
2.171875000000000000e+00
-2.046875000000000000e+00
-3.750000000000000000e+00
-5.761718750000000000e-02
-2.875000000000000000e+00
-1.937500000000000000e+00
5.742187500000000000e-01
-1.320312500000000000e+00
1.492187500000000000e+00
-1.191406250000000000e-01
5.742187500000000000e-01
-1.304687500000000000e+00
1.585937500000000000e+00
-2.478027343750000000e-02
3.796875000000000000e+00
-1.328125000000000000e+00
-1.929687500000000000e+00
-9.101562500000000000e-01
4.667968750000000000e-01
-8.740234375000000000e-02
6.054687500000000000e-01
-5.468750000000000000e-01
-1.937500000000000000e+00
2.484375000000000000e+00
-2.750000000000000000e+00
-3.222656250000000000e-01
-4.843750000000000000e+00
-5.117187500000000000e-01
-1.476562500000000000e+00
-4.218750000000000000e+00
9.492187500000000000e-01
1.171875000000000000e+00
-7.070312500000000000e-01
4.375000000000000000e-01
-8.945312500000000000e-01
-2.015625000000000000e+00
1.273437500000000000e+00
6.171875000000000000e-01
-1.015625000000000000e+00
1.234375000000000000e+00
1.281250000000000000e+00
-1.054687500000000000e-01
1.031250000000000000e+00
-5.195312500000000000e-01
6.367187500000000000e-01
-2.773437500000000000e-01
-1.101562500000000000e+00
-1.195312500000000000e+00
1.023437500000000000e+00
1.257812500000000000e+00
-1.328125000000000000e+00
