-2.921875000000000000e+00
6.176757812500000000e-02
-8.125000000000000000e-01
-1.007080078125000000e-02
-2.949218750000000000e-01
9.843750000000000000e-01
-9.228515625000000000e-02
-1.650390625000000000e-01
-3.691406250000000000e-01
-7.343750000000000000e-01
7.421875000000000000e-02
3.378906250000000000e-01
6.835937500000000000e-01
-1.015625000000000000e-01
-1.923828125000000000e-01
-4.746093750000000000e-01
1.242187500000000000e+00
-2.314453125000000000e-01
-1.226562500000000000e+00
-9.179687500000000000e-01
-3.964843750000000000e-01
3.000000000000000000e+00
-4.687500000000000000e+00
-8.935546875000000000e-02
-1.826171875000000000e-01
-5.937500000000000000e-01
-2.765625000000000000e+00
-7.148437500000000000e-01
-1.552734375000000000e-01
-2.695312500000000000e-01
-6.176757812500000000e-02
2.421875000000000000e+00
1.132812500000000000e-01
-8.007812500000000000e-01
-1.455078125000000000e-01
-9.531250000000000000e-01
1.742187500000000000e+00
-9.375000000000000000e-01
-5.468750000000000000e-01
-6.132812500000000000e-01
-1.845703125000000000e-01
1.689453125000000000e-01
-5.932617187500000000e-02
2.031250000000000000e-01
-1.046875000000000000e+00
3.496093750000000000e-01
5.468750000000000000e-01
-9.375000000000000000e-02
1.210937500000000000e+00
-1.953125000000000000e-01
-4.160156250000000000e-01
-9.023437500000000000e-01
2.078125000000000000e+00
5.195312500000000000e-01
-3.686523437500000000e-02
-9.882812500000000000e-01
-2.099609375000000000e-01
-3.890625000000000000e+00
1.279296875000000000e-01
-1.328125000000000000e-01
-1.132812500000000000e+00
1.835937500000000000e-01
-4.375000000000000000e-01
3.066406250000000000e-01
3.925781250000000000e-01
9.375000000000000000e-02
-4.531250000000000000e-01
-1.630859375000000000e-01
7.373046875000000000e-02
-1.562500000000000000e-01
-6.835937500000000000e-01
1.210937500000000000e-01
3.393554687500000000e-02
-1.304687500000000000e+00
2.015625000000000000e+00
1.632812500000000000e+00
1.494140625000000000e-01
4.863281250000000000e-01
4.223632812500000000e-02
8.056640625000000000e-02
1.398437500000000000e+00
-1.494140625000000000e-01
-7.382812500000000000e-01
-4.941406250000000000e-01
-1.000000000000000000e+00
7.343750000000000000e-01
-1.476562500000000000e+00
-2.216796875000000000e-01
-2.197265625000000000e-01
-1.320312500000000000e+00
-6.132812500000000000e-01
1.542968750000000000e-01
6.523437500000000000e-01
-3.652343750000000000e-01
2.140625000000000000e+00
-2.575683593750000000e-02
-2.484375000000000000e+00
-2.187500000000000000e-01
-1.281250000000000000e+00
7.539062500000000000e-01
-6.523437500000000000e-01
-1.335937500000000000e+00
1.171875000000000000e-01
1.414062500000000000e+00
-4.614257812500000000e-02
1.542968750000000000e-01
-2.197265625000000000e-01
1.500000000000000000e+00
-9.648437500000000000e-01
-7.070312500000000000e-01
-6.176757812500000000e-02
-4.941406250000000000e-01
1.726562500000000000e+00
1.118164062500000000e-01
-2.714843750000000000e-01
1.396484375000000000e-01
2.953125000000000000e+00
-2.636718750000000000e-01
-1.312500000000000000e+00
5.737304687500000000e-02
-3.671875000000000000e-01
-9.375000000000000000e-01
-3.979492187500000000e-02
-9.912109375000000000e-02
8.398437500000000000e-01
-3.183593750000000000e-01
4.355468750000000000e-01
-9.521484375000000000e-02
-7.171630859375000000e-03
3.144531250000000000e-01
1.726562500000000000e+00
7.382812500000000000e-01
-1.196289062500000000e-01
-5.820312500000000000e-01
-1.601562500000000000e+00
4.809570312500000000e-02
-5.039062500000000000e-01
-7.382812500000000000e-01
3.457031250000000000e-01
-1.039062500000000000e+00
-1.132812500000000000e+00
1.914062500000000000e+00
1.953125000000000000e-02
-3.652343750000000000e-01
9.521484375000000000e-02
-9.619140625000000000e-02
-2.078125000000000000e+00
-1.078125000000000000e+00
-1.318359375000000000e-01
-1.347656250000000000e-01
-2.484375000000000000e+00
-2.001953125000000000e-01
-7.617187500000000000e-01
-7.187500000000000000e-01
-9.882812500000000000e-01
-3.562500000000000000e+00
-4.394531250000000000e-01
-7.617187500000000000e-01
1.279296875000000000e-01
-9.804687500000000000e-01
-5.351562500000000000e-01
-1.562500000000000000e+00
1.474609375000000000e-01
-1.757812500000000000e+00
-9.882812500000000000e-01
-6.152343750000000000e-02
-7.187500000000000000e-01
6.591796875000000000e-02
1.804687500000000000e+00
3.691406250000000000e-01
9.094238281250000000e-03
4.492187500000000000e-02
3.496093750000000000e-01
-1.386718750000000000e-01
9.094238281250000000e-03
3.515625000000000000e-02
-5.820312500000000000e-01
9.062500000000000000e-01
1.906250000000000000e+00
-1.020507812500000000e-01
-2.390625000000000000e+00
-8.740234375000000000e-02
1.953125000000000000e-01
-5.312500000000000000e-01
9.521484375000000000e-02
5.737304687500000000e-02
6.640625000000000000e-02
1.767578125000000000e-01
-5.664062500000000000e-01
6.982421875000000000e-02
7.763671875000000000e-02
-7.812500000000000000e-01
4.791259765625000000e-03
2.333984375000000000e-01
-1.230468750000000000e-01
-3.140625000000000000e+00
2.500000000000000000e-01
-3.171875000000000000e+00
-1.070312500000000000e+00
-3.203125000000000000e-01
4.858398437500000000e-02
-2.796875000000000000e+00
-1.689453125000000000e-01
-4.199218750000000000e-01
3.652343750000000000e-01
-1.464843750000000000e-01
4.531250000000000000e-01
-9.062500000000000000e-01
-2.519531250000000000e-01
-3.964843750000000000e-01
-8.750000000000000000e-01
-1.337890625000000000e-01
-7.070312500000000000e-01
5.351562500000000000e-01
-7.226562500000000000e-01
-2.197265625000000000e-01
-1.851562500000000000e+00
-2.275390625000000000e-01
-5.625000000000000000e-01
-3.671875000000000000e+00
-4.628906250000000000e-01
-7.373046875000000000e-02
-2.158203125000000000e-01
2.031250000000000000e-01
-3.812500000000000000e+00
-3.535156250000000000e-01
-3.378906250000000000e-01
-1.351562500000000000e+00
-2.828125000000000000e+00
6.132812500000000000e-01
-1.806640625000000000e-02
-2.265625000000000000e+00
-1.531250000000000000e+00
-3.125000000000000000e-01
-3.144531250000000000e-01
-1.054687500000000000e+00
-8.007812500000000000e-01
-8.398437500000000000e-02
-6.523437500000000000e-01
-1.132812500000000000e+00
2.001953125000000000e-01
1.835937500000000000e+00
2.890625000000000000e+00
-1.320312500000000000e+00
-1.015625000000000000e+00
-1.070312500000000000e+00
-1.429687500000000000e+00
-4.843750000000000000e-01
-5.000000000000000000e-01
-1.148437500000000000e+00
-4.406250000000000000e+00
-5.976562500000000000e-01
-2.375000000000000000e+00
-5.820312500000000000e-01
1.318359375000000000e-01
4.824218750000000000e-01
-9.882812500000000000e-01
-9.765625000000000000e-03
-5.234375000000000000e-01
-8.085937500000000000e-01
-7.656250000000000000e-01
8.361816406250000000e-03
-6.289062500000000000e-01
-1.187500000000000000e+00
2.636718750000000000e-01
6.250000000000000000e-01
-6.445312500000000000e-01
-9.570312500000000000e-01
-3.457031250000000000e-01
-1.031250000000000000e+00
-8.789062500000000000e-01
-9.882812500000000000e-01
-5.195312500000000000e-01
1.416015625000000000e-01
-1.708984375000000000e-01
-1.367187500000000000e+00
4.223632812500000000e-02
-3.171875000000000000e+00
1.484375000000000000e-01
-5.195312500000000000e-01
-1.007812500000000000e+00
-1.085937500000000000e+00
2.734375000000000000e-01
-1.796875000000000000e-01
4.472656250000000000e-01
-2.753906250000000000e-01
-2.675781250000000000e-01
-3.588867187500000000e-02
-2.714843750000000000e-01
-5.976562500000000000e-01
5.742187500000000000e-01
-1.304626464843750000e-03
-1.367187500000000000e-01
2.197265625000000000e-01
-2.871093750000000000e-01
5.273437500000000000e-01
-1.591796875000000000e-01
5.351562500000000000e-01
2.832031250000000000e-01
-1.337890625000000000e-01
1.312500000000000000e+00
1.382812500000000000e+00
-1.148437500000000000e+00
3.222656250000000000e-01
-4.824218750000000000e-01
1.015625000000000000e+00
-6.992187500000000000e-01
-1.335937500000000000e+00
1.117187500000000000e+00
-4.140625000000000000e-01
-4.218750000000000000e-01
-7.617187500000000000e-01
1.147460937500000000e-01
3.222656250000000000e-02
-4.272460937500000000e-02
-1.132812500000000000e+00
-8.789062500000000000e-01
-3.906250000000000000e-01
-2.187500000000000000e-01
-5.585937500000000000e-01
-4.394531250000000000e-01
-3.027343750000000000e-01
-6.835937500000000000e-02
1.218750000000000000e+00
-3.375000000000000000e+00
-7.695312500000000000e-01
-1.132812500000000000e+00
7.382812500000000000e-01
1.494140625000000000e-01
-1.070312500000000000e+00
-2.216796875000000000e-01
2.968750000000000000e-01
4.667968750000000000e-01
1.585937500000000000e+00
-1.179687500000000000e+00
-2.578125000000000000e+00
2.021484375000000000e-01
-3.578125000000000000e+00
-1.679687500000000000e+00
6.835937500000000000e-01
-6.835937500000000000e-01
-2.014160156250000000e-02
-9.687500000000000000e-01
-1.494140625000000000e-01
-7.968750000000000000e-01
6.176757812500000000e-02
-6.640625000000000000e-01
3.953125000000000000e+00
-1.031250000000000000e+00
-8.632812500000000000e-01
-3.906250000000000000e-01
-3.671875000000000000e-01
-4.907226562500000000e-02
-6.601562500000000000e-01
1.495361328125000000e-02
-1.812500000000000000e+00
2.609375000000000000e+00
-3.000000000000000000e+00
1.416015625000000000e-01
-3.546875000000000000e+00
-1.406250000000000000e-01
-8.554687500000000000e-01
-4.125000000000000000e+00
-1.904296875000000000e-01
3.886718750000000000e-01
-4.863281250000000000e-01
-5.390625000000000000e-01
-2.673339843750000000e-02
-1.632812500000000000e+00
1.484375000000000000e-01
-4.062500000000000000e-01
-6.992187500000000000e-01
1.435546875000000000e-01
-2.812500000000000000e-01
-1.865234375000000000e-01
-2.216796875000000000e-01
-4.238281250000000000e-01
5.737304687500000000e-02
-3.847656250000000000e-01
-4.218750000000000000e-01
-7.929687500000000000e-01
-9.765625000000000000e-03
2.296875000000000000e+00
-2.453125000000000000e+00
