-1.851562500000000000e+00
6.640625000000000000e-02
-1.125000000000000000e+00
5.781250000000000000e-01
-5.664062500000000000e-01
1.437500000000000000e+00
6.523437500000000000e-01
4.121093750000000000e-01
-6.054687500000000000e-01
-1.039062500000000000e+00
7.031250000000000000e-01
6.523437500000000000e-01
1.234375000000000000e+00
1.396484375000000000e-01
4.453125000000000000e-01
1.347656250000000000e-01
3.300781250000000000e-01
3.105468750000000000e-01
-3.847656250000000000e-01
-1.335937500000000000e+00
-6.367187500000000000e-01
3.171875000000000000e+00
-4.906250000000000000e+00
-4.707031250000000000e-01
3.574218750000000000e-01
-9.521484375000000000e-02
-3.000000000000000000e+00
-1.187500000000000000e+00
-3.964843750000000000e-01
-6.679687500000000000e-01
6.914062500000000000e-01
2.265625000000000000e+00
6.679687500000000000e-01
-6.640625000000000000e-01
-9.765625000000000000e-02
-1.562500000000000000e+00
1.812500000000000000e+00
-9.257812500000000000e-01
-1.533203125000000000e-01
-1.242187500000000000e+00
-6.914062500000000000e-01
9.570312500000000000e-01
7.275390625000000000e-02
2.404785156250000000e-02
-1.523437500000000000e+00
9.726562500000000000e-01
8.632812500000000000e-01
-2.070312500000000000e-01
1.351562500000000000e+00
4.042968750000000000e-01
-7.617187500000000000e-01
-1.218750000000000000e+00
2.312500000000000000e+00
-4.028320312500000000e-02
5.078125000000000000e-01
-1.562500000000000000e-01
-8.398437500000000000e-01
-3.250000000000000000e+00
-9.228515625000000000e-02
3.300781250000000000e-01
-1.273437500000000000e+00
6.875000000000000000e-01
-5.742187500000000000e-01
1.085937500000000000e+00
1.070312500000000000e+00
-1.767578125000000000e-01
3.535156250000000000e-01
-1.630859375000000000e-01
-4.003906250000000000e-01
1.787109375000000000e-01
-1.273437500000000000e+00
8.867187500000000000e-01
-3.144531250000000000e-01
-1.304687500000000000e+00
2.390625000000000000e+00
1.304687500000000000e+00
1.054687500000000000e+00
1.062500000000000000e+00
8.007812500000000000e-01
1.015625000000000000e-01
2.109375000000000000e+00
4.316406250000000000e-01
-9.218750000000000000e-01
-9.570312500000000000e-01
-1.500000000000000000e+00
1.218750000000000000e+00
-5.625000000000000000e-01
5.156250000000000000e-01
3.847656250000000000e-01
-1.914062500000000000e+00
-1.007812500000000000e+00
1.474609375000000000e-01
-3.496093750000000000e-01
-4.843750000000000000e-01
1.906250000000000000e+00
-4.902343750000000000e-01
-8.867187500000000000e-01
3.359375000000000000e-01
-8.164062500000000000e-01
1.039062500000000000e+00
1.689453125000000000e-01
-1.937500000000000000e+00
-3.906250000000000000e-01
1.750000000000000000e+00
8.085937500000000000e-01
7.656250000000000000e-01
-1.533203125000000000e-01
1.882812500000000000e+00
-1.289062500000000000e+00
-8.554687500000000000e-01
9.179687500000000000e-01
-2.451171875000000000e-01
1.812500000000000000e+00
-4.472656250000000000e-01
-7.851562500000000000e-01
1.015625000000000000e+00
2.625000000000000000e+00
-7.148437500000000000e-01
-1.750000000000000000e+00
-1.337890625000000000e-01
-4.550781250000000000e-01
-1.203125000000000000e+00
-5.078125000000000000e-01
6.601562500000000000e-01
1.210937500000000000e+00
2.910156250000000000e-01
1.125000000000000000e+00
8.281250000000000000e-01
6.718750000000000000e-01
6.562500000000000000e-01
2.046875000000000000e+00
8.593750000000000000e-01
3.535156250000000000e-01
-8.320312500000000000e-01
-1.875000000000000000e+00
-3.593750000000000000e-01
-6.289062500000000000e-01
1.328125000000000000e-01
8.164062500000000000e-01
-9.414062500000000000e-01
-1.000000000000000000e+00
2.156250000000000000e+00
9.648437500000000000e-01
2.675781250000000000e-01
8.710937500000000000e-01
-5.937500000000000000e-01
-9.062500000000000000e-01
-1.343750000000000000e+00
5.976562500000000000e-01
7.617187500000000000e-01
-1.562500000000000000e+00
-5.664062500000000000e-01
-8.867187500000000000e-01
-2.460937500000000000e-01
-1.500000000000000000e+00
-3.125000000000000000e+00
-6.250000000000000000e-01
-1.023437500000000000e+00
1.093750000000000000e-01
-8.789062500000000000e-01
-8.437500000000000000e-01
-1.414062500000000000e+00
3.847656250000000000e-01
-2.359375000000000000e+00
-9.726562500000000000e-01
7.617187500000000000e-01
-9.882812500000000000e-01
-5.151367187500000000e-02
2.234375000000000000e+00
-3.593750000000000000e-01
5.117187500000000000e-01
-7.187500000000000000e-01
1.179687500000000000e+00
5.468750000000000000e-01
-5.351562500000000000e-01
7.382812500000000000e-01
-7.695312500000000000e-01
1.539062500000000000e+00
2.140625000000000000e+00
6.054687500000000000e-01
-1.375000000000000000e+00
6.914062500000000000e-01
-1.425781250000000000e-01
-9.687500000000000000e-01
4.809570312500000000e-02
9.257812500000000000e-01
6.875000000000000000e-01
4.355468750000000000e-01
-1.445312500000000000e-01
4.785156250000000000e-01
8.750000000000000000e-01
-1.085937500000000000e+00
5.820312500000000000e-01
9.687500000000000000e-01
4.062500000000000000e-01
-2.203125000000000000e+00
3.964843750000000000e-01
-2.421875000000000000e+00
-1.265625000000000000e+00
-7.929687500000000000e-01
4.316406250000000000e-01
-1.914062500000000000e+00
-8.251953125000000000e-02
-2.470703125000000000e-01
-7.568359375000000000e-02
4.863281250000000000e-01
1.397705078125000000e-02
-1.406250000000000000e+00
4.140625000000000000e-01
2.333984375000000000e-01
-8.906250000000000000e-01
4.160156250000000000e-01
-1.085937500000000000e+00
1.132812500000000000e+00
-3.144531250000000000e-01
7.070312500000000000e-01
-1.125000000000000000e+00
4.863281250000000000e-01
-2.158203125000000000e-01
-2.828125000000000000e+00
-8.750000000000000000e-01
-4.042968750000000000e-01
2.460937500000000000e-01
1.672363281250000000e-02
-3.640625000000000000e+00
-8.125000000000000000e-01
-7.304687500000000000e-01
-2.171875000000000000e+00
-2.109375000000000000e+00
1.476562500000000000e+00
-4.218750000000000000e-01
-1.148437500000000000e+00
-1.039062500000000000e+00
7.958984375000000000e-02
-2.451171875000000000e-01
-1.507812500000000000e+00
-2.988281250000000000e-01
6.757812500000000000e-01
-9.804687500000000000e-01
-1.125000000000000000e+00
9.257812500000000000e-01
1.507812500000000000e+00
2.171875000000000000e+00
-5.625000000000000000e-01
-8.632812500000000000e-01
-1.343750000000000000e+00
-1.273437500000000000e+00
-5.703125000000000000e-01
-9.101562500000000000e-01
-1.687500000000000000e+00
-3.875000000000000000e+00
-6.562500000000000000e-01
-1.101562500000000000e+00
-9.375000000000000000e-01
8.125000000000000000e-01
1.164062500000000000e+00
-1.101562500000000000e+00
-4.824218750000000000e-01
-3.593750000000000000e-01
-5.507812500000000000e-01
-7.187500000000000000e-01
-6.367187500000000000e-01
-7.539062500000000000e-01
-5.507812500000000000e-01
6.523437500000000000e-01
7.812500000000000000e-01
-5.312500000000000000e-01
-1.218750000000000000e+00
-6.406250000000000000e-01
-1.468750000000000000e+00
-2.062500000000000000e+00
-8.554687500000000000e-01
-4.550781250000000000e-01
5.234375000000000000e-01
-5.898437500000000000e-01
-1.812500000000000000e+00
6.679687500000000000e-01
-2.218750000000000000e+00
7.617187500000000000e-01
3.222656250000000000e-01
-2.753906250000000000e-01
-1.476562500000000000e+00
-3.164062500000000000e-01
-5.742187500000000000e-01
6.250000000000000000e-02
-5.625000000000000000e-01
1.245117187500000000e-01
5.820312500000000000e-01
-6.562500000000000000e-01
-5.781250000000000000e-01
9.843750000000000000e-01
6.992187500000000000e-01
-1.179687500000000000e+00
3.125000000000000000e-01
-6.289062500000000000e-01
9.375000000000000000e-01
4.316406250000000000e-01
-8.740234375000000000e-02
6.601562500000000000e-01
3.393554687500000000e-02
1.625000000000000000e+00
1.234375000000000000e+00
-4.174804687500000000e-02
1.039062500000000000e+00
9.130859375000000000e-02
1.656250000000000000e+00
-1.195312500000000000e+00
-6.835937500000000000e-01
1.328125000000000000e+00
-5.000000000000000000e-01
5.859375000000000000e-02
-1.187500000000000000e+00
6.250000000000000000e-01
6.406250000000000000e-01
5.820312500000000000e-01
-1.117187500000000000e+00
-1.257812500000000000e+00
2.636718750000000000e-01
4.062500000000000000e-01
-1.007812500000000000e+00
-8.085937500000000000e-01
3.300781250000000000e-01
7.656250000000000000e-01
1.585937500000000000e+00
-3.500000000000000000e+00
-7.070312500000000000e-01
-1.054687500000000000e+00
1.582031250000000000e-01
6.757812500000000000e-01
-1.101562500000000000e+00
7.812500000000000000e-02
5.546875000000000000e-01
1.289062500000000000e+00
2.046875000000000000e+00
-1.539062500000000000e+00
-2.984375000000000000e+00
-3.378906250000000000e-01
-2.875000000000000000e+00
-1.687500000000000000e+00
7.929687500000000000e-01
-1.085937500000000000e+00
8.398437500000000000e-01
-3.203125000000000000e-01
2.558593750000000000e-01
-1.140625000000000000e+00
9.492187500000000000e-01
-7.460937500000000000e-01
3.953125000000000000e+00
-1.476562500000000000e+00
-1.375000000000000000e+00
-8.125000000000000000e-01
1.953125000000000000e-01
-5.950927734375000000e-03
1.826171875000000000e-01
-1.992187500000000000e-01
-1.625000000000000000e+00
2.453125000000000000e+00
-2.578125000000000000e+00
-1.650390625000000000e-01
-4.187500000000000000e+00
-5.351562500000000000e-01
-1.414062500000000000e+00
-3.953125000000000000e+00
5.078125000000000000e-01
9.531250000000000000e-01
-8.632812500000000000e-01
1.043701171875000000e-02
-5.976562500000000000e-01
-1.812500000000000000e+00
8.632812500000000000e-01
2.343750000000000000e-01
-1.164062500000000000e+00
8.437500000000000000e-01
7.500000000000000000e-01
2.819824218750000000e-02
4.765625000000000000e-01
-3.652343750000000000e-01
4.355468750000000000e-01
-2.968750000000000000e-01
-7.929687500000000000e-01
-7.382812500000000000e-01
6.523437500000000000e-01
1.585937500000000000e+00
-1.601562500000000000e+00
