-5.039062500000000000e-01
4.077148437500000000e-02
-1.445312500000000000e+00
9.804687500000000000e-01
4.472656250000000000e-01
1.757812500000000000e+00
1.093750000000000000e+00
8.125000000000000000e-01
-5.703125000000000000e-01
-3.105468750000000000e-01
1.101562500000000000e+00
7.812500000000000000e-01
1.500000000000000000e+00
2.158203125000000000e-01
8.437500000000000000e-01
5.078125000000000000e-01
4.160156250000000000e-01
6.875000000000000000e-01
1.101562500000000000e+00
-1.968750000000000000e+00
1.562500000000000000e-01
3.453125000000000000e+00
-4.093750000000000000e+00
-2.871093750000000000e-01
7.187500000000000000e-01
7.275390625000000000e-02
-1.937500000000000000e+00
5.195312500000000000e-01
-5.585937500000000000e-01
-4.765625000000000000e-01
1.281250000000000000e+00
2.359375000000000000e+00
1.070312500000000000e+00
-8.476562500000000000e-01
4.687500000000000000e-02
-6.914062500000000000e-01
2.078125000000000000e+00
-1.242187500000000000e+00
1.875000000000000000e-01
-1.976562500000000000e+00
8.476562500000000000e-01
1.593750000000000000e+00
1.728515625000000000e-01
-1.484375000000000000e-01
3.730468750000000000e-01
1.437500000000000000e+00
1.093750000000000000e+00
-9.062500000000000000e-01
1.601562500000000000e+00
1.062500000000000000e+00
-9.179687500000000000e-01
-8.125000000000000000e-01
2.500000000000000000e+00
-2.187500000000000000e-01
8.945312500000000000e-01
8.437500000000000000e-01
-1.273437500000000000e+00
-2.515625000000000000e+00
1.689453125000000000e-01
5.312500000000000000e-01
-1.773437500000000000e+00
9.257812500000000000e-01
-8.867187500000000000e-01
1.820312500000000000e+00
1.210937500000000000e+00
-6.884765625000000000e-02
7.812500000000000000e-01
-5.156250000000000000e-01
-7.226562500000000000e-01
5.937500000000000000e-01
-6.523437500000000000e-01
1.523437500000000000e+00
-5.117187500000000000e-01
-1.656250000000000000e+00
2.578125000000000000e+00
9.882812500000000000e-01
1.554687500000000000e+00
1.335937500000000000e+00
1.218750000000000000e+00
2.558593750000000000e-01
2.484375000000000000e+00
8.789062500000000000e-01
-1.000000000000000000e+00
-4.121093750000000000e-01
-2.437500000000000000e+00
1.617187500000000000e+00
7.617187500000000000e-01
1.023437500000000000e+00
7.031250000000000000e-01
5.200195312500000000e-02
-1.226562500000000000e+00
1.503906250000000000e-01
-1.304687500000000000e+00
-8.710937500000000000e-01
1.976562500000000000e+00
-3.906250000000000000e-02
6.367187500000000000e-01
6.992187500000000000e-01
9.228515625000000000e-02
1.234375000000000000e+00
1.148437500000000000e+00
-1.669921875000000000e-01
-3.515625000000000000e-01
2.015625000000000000e+00
1.531250000000000000e+00
1.375000000000000000e+00
-4.316406250000000000e-01
2.156250000000000000e+00
-1.357421875000000000e-01
-1.476562500000000000e+00
1.523437500000000000e+00
2.490234375000000000e-01
1.718750000000000000e+00
-1.226562500000000000e+00
-3.906250000000000000e-02
1.445312500000000000e+00
2.203125000000000000e+00
-1.007812500000000000e+00
-3.203125000000000000e-01
-1.679687500000000000e-01
-8.867187500000000000e-01
-1.962890625000000000e-01
-1.826171875000000000e-01
1.125000000000000000e+00
1.570312500000000000e+00
6.914062500000000000e-01
1.414062500000000000e+00
1.679687500000000000e+00
1.070312500000000000e+00
9.218750000000000000e-01
2.171875000000000000e+00
5.898437500000000000e-01
8.085937500000000000e-01
-8.632812500000000000e-01
-1.500000000000000000e+00
-4.316406250000000000e-01
-9.726562500000000000e-01
7.070312500000000000e-01
1.210937500000000000e+00
-1.585937500000000000e+00
-1.507812500000000000e+00
2.218750000000000000e+00
1.523437500000000000e+00
6.445312500000000000e-01
1.289062500000000000e+00
3.496093750000000000e-01
4.174804687500000000e-02
-1.500000000000000000e+00
1.164062500000000000e+00
1.312500000000000000e+00
-4.316406250000000000e-01
6.210937500000000000e-01
-5.156250000000000000e-01
3.359375000000000000e-01
1.015625000000000000e-01
-2.312500000000000000e+00
-6.054687500000000000e-01
-9.375000000000000000e-01
9.414062500000000000e-01
-7.617187500000000000e-01
-1.320312500000000000e+00
-1.843750000000000000e+00
6.367187500000000000e-01
-2.078125000000000000e+00
-1.460937500000000000e+00
1.437500000000000000e+00
-5.625000000000000000e-01
-6.127929687500000000e-02
2.421875000000000000e+00
-3.378906250000000000e-01
6.015625000000000000e-01
-7.382812500000000000e-01
1.710937500000000000e+00
1.039062500000000000e+00
2.031250000000000000e-01
1.085937500000000000e+00
-7.656250000000000000e-01
2.140625000000000000e+00
2.609375000000000000e+00
1.046875000000000000e+00
-8.007812500000000000e-01
1.156250000000000000e+00
-3.828125000000000000e-01
-1.445312500000000000e+00
-1.230468750000000000e-01
1.851562500000000000e+00
9.687500000000000000e-01
7.539062500000000000e-01
-2.343750000000000000e-01
7.500000000000000000e-01
1.226562500000000000e+00
-8.320312500000000000e-01
9.101562500000000000e-01
1.476562500000000000e+00
6.523437500000000000e-01
-1.460937500000000000e+00
4.902343750000000000e-01
-1.132812500000000000e+00
-8.007812500000000000e-01
5.859375000000000000e-02
7.148437500000000000e-01
-1.320312500000000000e+00
-2.209472656250000000e-02
-1.328125000000000000e-01
7.851562500000000000e-01
9.726562500000000000e-01
-1.117187500000000000e+00
-3.378906250000000000e-01
8.476562500000000000e-01
5.585937500000000000e-01
-1.007812500000000000e+00
9.960937500000000000e-01
1.992187500000000000e-01
1.539062500000000000e+00
-1.640625000000000000e-01
1.593750000000000000e+00
-3.847656250000000000e-01
1.015625000000000000e+00
2.597656250000000000e-01
-1.539062500000000000e+00
-3.359375000000000000e-01
7.968750000000000000e-01
3.437500000000000000e-01
-1.318359375000000000e-01
-2.875000000000000000e+00
-6.992187500000000000e-01
-1.445312500000000000e+00
-2.421875000000000000e-01
-1.781250000000000000e+00
1.835937500000000000e+00
-2.304687500000000000e-01
-4.296875000000000000e-02
3.242187500000000000e-01
6.396484375000000000e-02
-5.429687500000000000e-01
1.962890625000000000e-01
-8.164062500000000000e-01
1.132812500000000000e+00
-1.367187500000000000e+00
-2.597656250000000000e-01
1.312500000000000000e+00
1.625000000000000000e+00
1.812500000000000000e+00
3.242187500000000000e-01
-1.367187500000000000e+00
-1.648437500000000000e+00
-1.539062500000000000e+00
2.734375000000000000e-01
-1.445312500000000000e+00
6.494140625000000000e-02
-2.625000000000000000e+00
-7.929687500000000000e-01
3.671875000000000000e-01
-1.043701171875000000e-02
1.031250000000000000e+00
1.476562500000000000e+00
-1.195312500000000000e+00
-5.820312500000000000e-01
-4.785156250000000000e-01
-3.847656250000000000e-01
-1.171875000000000000e+00
-1.429687500000000000e+00
-4.003906250000000000e-01
-3.847656250000000000e-01
6.601562500000000000e-01
9.375000000000000000e-01
-7.226562500000000000e-01
-1.617187500000000000e+00
-8.867187500000000000e-01
1.043701171875000000e-02
-2.753906250000000000e-01
-9.726562500000000000e-01
-5.781250000000000000e-01
8.476562500000000000e-01
-5.039062500000000000e-01
-1.179687500000000000e+00
1.164062500000000000e+00
-1.351562500000000000e+00
1.210937500000000000e+00
1.031250000000000000e+00
1.357421875000000000e-01
-1.435546875000000000e-01
-1.070312500000000000e+00
2.099609375000000000e-01
-2.988281250000000000e-01
-5.195312500000000000e-01
3.261718750000000000e-01
8.710937500000000000e-01
-6.367187500000000000e-01
-8.554687500000000000e-01
1.023437500000000000e+00
1.007812500000000000e+00
-2.421875000000000000e+00
5.117187500000000000e-01
3.359375000000000000e-01
1.195312500000000000e+00
7.500000000000000000e-01
7.929687500000000000e-01
8.125000000000000000e-01
3.593750000000000000e-01
1.781250000000000000e+00
1.257812500000000000e+00
1.070312500000000000e+00
1.507812500000000000e+00
3.496093750000000000e-01
2.390625000000000000e+00
-3.496093750000000000e-01
5.117187500000000000e-01
1.234375000000000000e+00
-7.929687500000000000e-01
4.687500000000000000e-01
-9.179687500000000000e-01
5.468750000000000000e-01
1.007812500000000000e+00
9.414062500000000000e-01
-1.351562500000000000e+00
3.183593750000000000e-01
8.593750000000000000e-01
8.476562500000000000e-01
-3.964843750000000000e-01
-2.158203125000000000e-01
6.914062500000000000e-01
1.281250000000000000e+00
1.750000000000000000e+00
-3.140625000000000000e+00
-8.125000000000000000e-01
-1.195312500000000000e+00
9.960937500000000000e-01
9.414062500000000000e-01
-1.406250000000000000e+00
3.222656250000000000e-01
7.226562500000000000e-01
1.804687500000000000e+00
2.375000000000000000e+00
-2.046875000000000000e+00
-2.000000000000000000e+00
4.785156250000000000e-01
-1.937500000000000000e+00
-2.062500000000000000e+00
-2.119140625000000000e-01
-2.812500000000000000e-01
1.398437500000000000e+00
-1.039062500000000000e+00
5.039062500000000000e-01
-2.890625000000000000e-01
1.570312500000000000e+00
-2.734375000000000000e-01
4.000000000000000000e+00
-1.748046875000000000e-01
-1.593750000000000000e+00
6.875000000000000000e-01
5.898437500000000000e-01
-7.861328125000000000e-02
8.593750000000000000e-01
2.893066406250000000e-02
-1.851562500000000000e+00
2.328125000000000000e+00
-2.078125000000000000e+00
1.904296875000000000e-01
-3.265625000000000000e+00
2.832031250000000000e-01
-2.109375000000000000e+00
-3.078125000000000000e+00
1.101562500000000000e+00
1.164062500000000000e+00
-8.554687500000000000e-01
5.156250000000000000e-01
7.031250000000000000e-02
-2.500000000000000000e+00
1.320312500000000000e+00
1.007812500000000000e+00
4.472656250000000000e-01
1.164062500000000000e+00
1.687500000000000000e+00
-2.675781250000000000e-01
9.179687500000000000e-01
-1.312500000000000000e+00
5.585937500000000000e-01
6.484375000000000000e-01
-6.210937500000000000e-01
-1.148437500000000000e+00
1.132812500000000000e+00
1.500000000000000000e+00
-1.007812500000000000e+00
