2.312500000000000000e+01
-1.101562500000000000e+00
-5.500000000000000000e+00
8.000000000000000000e+00
-2.390625000000000000e+00
-3.453125000000000000e+00
4.031250000000000000e+00
5.718750000000000000e+00
-2.984375000000000000e+00
-2.265625000000000000e+00
5.250000000000000000e+00
3.359375000000000000e+00
3.375000000000000000e+00
1.585937500000000000e+00
7.093750000000000000e+00
4.593750000000000000e+00
-6.750000000000000000e+00
5.843750000000000000e+00
2.087500000000000000e+01
-3.671875000000000000e-01
-2.468750000000000000e+00
8.593750000000000000e-02
8.375000000000000000e+00
-9.726562500000000000e-01
6.656250000000000000e+00
5.406250000000000000e+00
7.718750000000000000e+00
-1.773437500000000000e+00
2.375000000000000000e+00
-5.343750000000000000e+00
1.300000000000000000e+01
-7.750000000000000000e+00
8.750000000000000000e+00
-4.781250000000000000e+00
-2.750000000000000000e+00
-1.960937500000000000e+00
-2.046875000000000000e+00
7.500000000000000000e-01
5.468750000000000000e+00
-2.296875000000000000e+00
-2.109375000000000000e+00
1.231250000000000000e+01
3.562500000000000000e+00
-3.109375000000000000e+00
-3.234375000000000000e+00
2.031250000000000000e+00
2.171875000000000000e+00
-1.148437500000000000e+00
-1.562500000000000000e+00
1.193750000000000000e+01
1.171875000000000000e+00
-1.914062500000000000e+00
-2.796875000000000000e+00
-4.156250000000000000e+00
9.375000000000000000e+00
1.550000000000000000e+01
-3.312500000000000000e+00
1.962500000000000000e+01
1.898437500000000000e+00
5.031250000000000000e+00
-4.511718750000000000e-01
1.898437500000000000e+00
2.156250000000000000e+00
9.187500000000000000e+00
4.093750000000000000e+00
-2.062500000000000000e+00
1.175000000000000000e+01
-2.437500000000000000e+00
1.476562500000000000e+00
-3.921875000000000000e+00
-1.867187500000000000e+00
2.988281250000000000e-01
1.281250000000000000e+00
-6.593750000000000000e+00
-1.492187500000000000e+00
-9.937500000000000000e+00
8.937500000000000000e+00
1.968750000000000000e+00
7.843750000000000000e+00
2.625000000000000000e+00
3.546875000000000000e+00
6.031250000000000000e+00
-2.296875000000000000e+00
-8.750000000000000000e-01
-6.906250000000000000e+00
-1.875000000000000000e+00
1.575000000000000000e+01
1.043750000000000000e+01
4.656250000000000000e+00
-2.828125000000000000e+00
-4.296875000000000000e-01
1.437500000000000000e+00
-7.656250000000000000e+00
1.757812500000000000e+00
-5.500000000000000000e+00
-5.406250000000000000e+00
2.537500000000000000e+01
6.593750000000000000e+00
-3.000000000000000000e+00
3.906250000000000000e-01
1.500000000000000000e+01
-2.015625000000000000e+00
-4.156250000000000000e+00
1.976562500000000000e+00
1.381250000000000000e+01
9.062500000000000000e+00
-2.312500000000000000e+00
1.007812500000000000e+00
-1.281250000000000000e+00
3.691406250000000000e-01
1.293750000000000000e+01
-5.093750000000000000e+00
-1.656250000000000000e+00
-1.242187500000000000e+00
-2.140625000000000000e+00
8.062500000000000000e+00
-1.131250000000000000e+01
-3.625000000000000000e+00
-1.406250000000000000e+00
-2.250000000000000000e+00
-5.718750000000000000e+00
-1.812500000000000000e+00
-3.921875000000000000e+00
5.000000000000000000e+00
2.187500000000000000e-01
6.656250000000000000e+00
5.625000000000000000e+00
1.568750000000000000e+01
8.312500000000000000e+00
4.707031250000000000e-01
-1.242187500000000000e+00
-5.593750000000000000e+00
4.031250000000000000e+00
-3.890625000000000000e+00
1.762500000000000000e+01
-8.281250000000000000e-01
1.572265625000000000e-01
1.093750000000000000e+01
5.500000000000000000e+00
-5.218750000000000000e+00
9.101562500000000000e-01
-3.296875000000000000e+00
8.312500000000000000e+00
3.671875000000000000e+00
7.500000000000000000e+00
-3.828125000000000000e+00
1.712500000000000000e+01
-4.000000000000000000e+00
9.125000000000000000e+00
7.500000000000000000e+00
2.312500000000000000e+01
-3.296875000000000000e+00
-3.046875000000000000e+00
1.242187500000000000e+00
-1.687500000000000000e+00
1.368750000000000000e+01
-3.625000000000000000e+00
-3.496093750000000000e-01
-1.476562500000000000e+00
-4.250000000000000000e+00
7.343750000000000000e-01
7.250000000000000000e+00
5.281250000000000000e+00
9.812500000000000000e+00
1.289062500000000000e+00
1.318750000000000000e+01
-2.203125000000000000e+00
1.726562500000000000e+00
1.445312500000000000e+00
-5.156250000000000000e+00
2.359375000000000000e+00
7.226562500000000000e-02
9.500000000000000000e+00
1.000000000000000000e+01
-8.281250000000000000e-01
8.937500000000000000e+00
2.218750000000000000e+00
4.437500000000000000e+00
-2.703125000000000000e+00
7.250000000000000000e+00
1.250000000000000000e+01
9.562500000000000000e+00
-2.453125000000000000e+00
-1.572265625000000000e-01
-2.515625000000000000e+00
1.531250000000000000e+01
3.703125000000000000e+00
1.500000000000000000e+00
-2.937500000000000000e+00
2.671875000000000000e+00
6.406250000000000000e+00
-1.687500000000000000e+00
1.018750000000000000e+01
8.875000000000000000e+00
4.468750000000000000e+00
1.637500000000000000e+01
-1.000000000000000000e+00
1.837500000000000000e+01
-2.015625000000000000e+00
-5.117187500000000000e-01
1.398437500000000000e+00
1.581250000000000000e+01
-2.000000000000000000e+00
-5.093750000000000000e+00
1.187500000000000000e+00
1.293750000000000000e+01
-6.250000000000000000e+00
-2.296875000000000000e+00
7.843750000000000000e+00
9.437500000000000000e+00
-3.421875000000000000e+00
1.037500000000000000e+01
-2.890625000000000000e+00
1.523437500000000000e+00
-3.687500000000000000e+00
1.481250000000000000e+01
1.493750000000000000e+01
5.406250000000000000e+00
-9.187500000000000000e+00
1.850000000000000000e+01
-5.898437500000000000e-01
1.679687500000000000e+00
2.921875000000000000e+00
5.429687500000000000e-01
1.243750000000000000e+01
-4.500000000000000000e+00
3.847656250000000000e-01
-1.523437500000000000e+00
9.500000000000000000e+00
-2.304687500000000000e-01
-2.390625000000000000e+00
2.100000000000000000e+01
1.837500000000000000e+01
-1.937500000000000000e+00
4.687500000000000000e-02
-1.835937500000000000e+00
-4.250000000000000000e+00
3.328125000000000000e+00
-5.593750000000000000e+00
-2.171875000000000000e+00
6.343750000000000000e+00
6.523132324218750000e-04
-1.375000000000000000e+01
-6.289062500000000000e-01
6.718750000000000000e-01
4.062500000000000000e-01
1.101562500000000000e+00
-1.281250000000000000e+00
1.015625000000000000e-01
-1.882812500000000000e+00
1.581250000000000000e+01
-4.843750000000000000e+00
2.012500000000000000e+01
-2.437500000000000000e+00
5.781250000000000000e+00
-1.039062500000000000e+00
-5.218750000000000000e+00
-6.593750000000000000e+00
-4.281250000000000000e+00
-5.093750000000000000e+00
-7.031250000000000000e+00
-1.406250000000000000e+00
-2.437500000000000000e+00
-1.414062500000000000e+00
-1.689453125000000000e-01
-1.070312500000000000e+00
-5.500000000000000000e+00
7.382812500000000000e-01
2.312500000000000000e+00
-9.882812500000000000e-01
1.669921875000000000e-01
9.375000000000000000e-02
-4.156250000000000000e+00
5.906250000000000000e+00
-3.339843750000000000e-01
9.875000000000000000e+00
1.068750000000000000e+01
1.900000000000000000e+01
5.656250000000000000e+00
1.018750000000000000e+01
7.406250000000000000e+00
-5.429687500000000000e-01
2.031250000000000000e-01
-1.539062500000000000e+00
-1.572265625000000000e-01
-1.513671875000000000e-01
6.468750000000000000e+00
4.375000000000000000e+00
-1.054687500000000000e+00
-4.656250000000000000e+00
1.929687500000000000e+00
4.812500000000000000e+00
-3.359375000000000000e+00
5.351562500000000000e-01
-3.203125000000000000e+00
5.906250000000000000e+00
7.906250000000000000e+00
-2.203125000000000000e+00
8.000000000000000000e+00
2.171875000000000000e+00
7.070312500000000000e-01
-2.546875000000000000e+00
1.787500000000000000e+01
9.812500000000000000e+00
7.218750000000000000e+00
3.359375000000000000e+00
-5.703125000000000000e-01
1.568750000000000000e+01
-4.746093750000000000e-01
1.218750000000000000e+00
6.656250000000000000e+00
-8.242187500000000000e-01
-1.101562500000000000e+00
8.187500000000000000e+00
3.859375000000000000e+00
-5.406250000000000000e+00
-2.937500000000000000e+00
1.118750000000000000e+01
6.906250000000000000e+00
-2.015625000000000000e+00
-5.843750000000000000e+00
7.750000000000000000e+00
6.843750000000000000e+00
1.351562500000000000e+00
6.781250000000000000e+00
-5.250000000000000000e+00
6.835937500000000000e-01
-1.062500000000000000e+00
1.789062500000000000e+00
-6.500000000000000000e+00
2.546875000000000000e+00
3.500000000000000000e+00
4.500000000000000000e+00
1.367187500000000000e+00
-5.218750000000000000e+00
1.018750000000000000e+01
-1.591796875000000000e-01
1.887500000000000000e+01
5.750000000000000000e+00
-3.703125000000000000e+00
-1.726562500000000000e+00
6.875000000000000000e+00
6.625000000000000000e+00
7.656250000000000000e+00
-1.023437500000000000e+00
1.181250000000000000e+01
-3.765625000000000000e+00
-5.250000000000000000e+00
-2.062500000000000000e+00
3.953125000000000000e+00
-3.500000000000000000e+00
8.562500000000000000e+00
-3.203125000000000000e+00
1.268750000000000000e+01
-1.820312500000000000e+00
8.000000000000000000e+00
-6.500000000000000000e+00
8.437500000000000000e+00
-4.406250000000000000e+00
7.750000000000000000e+00
-1.046875000000000000e+00
-1.357421875000000000e-01
1.018750000000000000e+01
1.018750000000000000e+01
2.500000000000000000e+00
9.228515625000000000e-02
6.000000000000000000e+00
-1.460937500000000000e+00
-6.906250000000000000e+00
7.968750000000000000e+00
9.500000000000000000e+00
-2.531250000000000000e+00
4.843750000000000000e+00
1.700000000000000000e+01
-2.828125000000000000e+00
5.843750000000000000e+00
-3.265625000000000000e+00
3.000000000000000000e+00
-4.941406250000000000e-01
7.275390625000000000e-02
-6.750000000000000000e+00
8.562500000000000000e+00
-4.468750000000000000e+00
1.550000000000000000e+01
