-2.453125000000000000e+00
1.416015625000000000e-01
-7.226562500000000000e-01
1.650390625000000000e-01
7.695312500000000000e-01
1.250000000000000000e+00
2.392578125000000000e-01
1.367187500000000000e-01
-5.351562500000000000e-01
1.757812500000000000e-01
4.218750000000000000e-01
2.636718750000000000e-01
8.789062500000000000e-01
-6.298828125000000000e-02
-1.630859375000000000e-01
-1.845703125000000000e-01
1.320312500000000000e+00
5.346679687500000000e-02
1.030273437500000000e-01
-1.835937500000000000e+00
3.535156250000000000e-01
3.250000000000000000e+00
-4.093750000000000000e+00
-1.552734375000000000e-01
8.398437500000000000e-02
-6.093750000000000000e-01
-1.789062500000000000e+00
7.695312500000000000e-01
-7.617187500000000000e-01
-5.004882812500000000e-02
2.636718750000000000e-01
1.906250000000000000e+00
3.906250000000000000e-01
-9.843750000000000000e-01
-3.964843750000000000e-01
-4.277343750000000000e-01
1.976562500000000000e+00
-1.585937500000000000e+00
-3.105468750000000000e-01
-1.304687500000000000e+00
8.554687500000000000e-01
4.277343750000000000e-01
-8.320312500000000000e-01
4.062500000000000000e-01
9.570312500000000000e-01
8.750000000000000000e-01
3.300781250000000000e-01
-1.312500000000000000e+00
1.398437500000000000e+00
9.423828125000000000e-02
-1.109375000000000000e+00
-7.500000000000000000e-01
2.656250000000000000e+00
9.648437500000000000e-01
1.298828125000000000e-01
-1.552734375000000000e-01
-1.437500000000000000e+00
-3.750000000000000000e+00
-5.566406250000000000e-02
-3.125000000000000000e-02
-2.203125000000000000e+00
4.843750000000000000e-01
-1.031250000000000000e+00
3.750000000000000000e-01
5.273437500000000000e-01
8.789062500000000000e-02
-3.750000000000000000e-01
-4.746093750000000000e-01
-1.093750000000000000e+00
-2.343750000000000000e-01
1.298828125000000000e-01
8.593750000000000000e-02
-8.281250000000000000e-01
-1.531250000000000000e+00
2.171875000000000000e+00
7.695312500000000000e-01
3.496093750000000000e-01
6.328125000000000000e-01
1.054687500000000000e-01
2.314453125000000000e-01
1.718750000000000000e+00
3.339843750000000000e-01
-1.357421875000000000e-01
-1.513671875000000000e-01
-1.437500000000000000e+00
8.320312500000000000e-01
-2.988281250000000000e-01
-9.326171875000000000e-02
1.843261718750000000e-02
7.929687500000000000e-01
-1.210937500000000000e+00
-6.679687500000000000e-01
2.851562500000000000e-01
-1.054687500000000000e+00
2.328125000000000000e+00
1.630859375000000000e-01
-1.851562500000000000e+00
-2.795410156250000000e-02
-4.472656250000000000e-01
8.632812500000000000e-01
4.492187500000000000e-02
2.949218750000000000e-01
3.750000000000000000e-01
1.750000000000000000e+00
5.507812500000000000e-01
1.835937500000000000e-01
-7.031250000000000000e-01
1.898437500000000000e+00
3.222656250000000000e-01
-1.773437500000000000e+00
1.235351562500000000e-01
5.200195312500000000e-02
1.632812500000000000e+00
-6.210937500000000000e-01
1.884765625000000000e-01
3.066406250000000000e-01
2.546875000000000000e+00
-5.859375000000000000e-02
-4.418945312500000000e-02
1.533203125000000000e-01
-5.000000000000000000e-01
2.753906250000000000e-01
4.765625000000000000e-01
4.296875000000000000e-02
1.281250000000000000e+00
8.349609375000000000e-02
6.679687500000000000e-01
4.140625000000000000e-01
1.386718750000000000e-01
4.765625000000000000e-01
1.882812500000000000e+00
4.746093750000000000e-01
2.539062500000000000e-01
-2.910156250000000000e-01
-9.804687500000000000e-01
-1.591796875000000000e-01
-1.164062500000000000e+00
-5.195312500000000000e-01
2.675781250000000000e-01
-1.539062500000000000e+00
-2.046875000000000000e+00
1.867187500000000000e+00
4.218750000000000000e-01
1.269531250000000000e-02
2.871093750000000000e-01
3.671875000000000000e-01
-1.914062500000000000e+00
-1.085937500000000000e+00
2.490234375000000000e-01
3.613281250000000000e-01
-2.265625000000000000e+00
7.929687500000000000e-01
1.562500000000000000e-02
-4.941406250000000000e-01
4.843750000000000000e-01
-3.328125000000000000e+00
-6.835937500000000000e-01
-1.117187500000000000e+00
9.257812500000000000e-01
-7.617187500000000000e-01
-1.476562500000000000e+00
-1.812500000000000000e+00
3.437500000000000000e-01
-1.351562500000000000e+00
-1.960937500000000000e+00
3.378906250000000000e-01
-5.000000000000000000e-01
1.118164062500000000e-01
2.046875000000000000e+00
6.093750000000000000e-01
-1.601562500000000000e-01
-7.666015625000000000e-02
5.429687500000000000e-01
4.101562500000000000e-02
1.035156250000000000e-01
1.259765625000000000e-01
-8.398437500000000000e-01
1.164062500000000000e+00
1.976562500000000000e+00
1.904296875000000000e-01
-2.312500000000000000e+00
-2.609252929687500000e-03
-8.740234375000000000e-02
-1.664062500000000000e+00
-7.968750000000000000e-01
7.343750000000000000e-01
4.121093750000000000e-01
3.378906250000000000e-01
-3.496093750000000000e-01
3.574218750000000000e-01
3.378906250000000000e-01
-7.304687500000000000e-01
1.186523437500000000e-01
3.066406250000000000e-01
-1.757812500000000000e-02
-2.921875000000000000e+00
3.300781250000000000e-01
-2.296875000000000000e+00
-5.507812500000000000e-01
7.304687500000000000e-01
3.183593750000000000e-01
-2.921875000000000000e+00
-2.294921875000000000e-01
-9.716796875000000000e-02
6.132812500000000000e-01
-5.218505859375000000e-03
-2.109375000000000000e-01
-4.687500000000000000e-02
-8.007812500000000000e-02
-4.550781250000000000e-01
-9.179687500000000000e-01
2.099609375000000000e-01
3.906250000000000000e-01
6.718750000000000000e-01
-5.507812500000000000e-01
7.812500000000000000e-03
-1.976562500000000000e+00
-2.177734375000000000e-01
-9.960937500000000000e-01
-3.171875000000000000e+00
1.435546875000000000e-01
4.218750000000000000e-01
-1.796875000000000000e-01
-4.687500000000000000e-02
-3.515625000000000000e+00
-2.609252929687500000e-03
-1.382812500000000000e+00
2.890625000000000000e-01
-2.765625000000000000e+00
7.539062500000000000e-01
4.121093750000000000e-01
-2.093750000000000000e+00
-4.355468750000000000e-01
-4.980468750000000000e-01
-5.195312500000000000e-01
6.210937500000000000e-01
-1.835937500000000000e+00
1.108398437500000000e-01
-1.007812500000000000e+00
-1.962890625000000000e-01
2.988281250000000000e-01
1.781250000000000000e+00
1.929687500000000000e+00
-4.394531250000000000e-01
-1.914062500000000000e+00
-1.718750000000000000e+00
-1.968750000000000000e+00
2.812500000000000000e-01
-1.437500000000000000e+00
5.429687500000000000e-01
-3.875000000000000000e+00
-3.886718750000000000e-01
-1.718750000000000000e+00
2.294921875000000000e-01
2.138671875000000000e-01
6.875000000000000000e-01
-7.656250000000000000e-01
4.707031250000000000e-01
-5.000000000000000000e-01
-6.093750000000000000e-01
-1.351562500000000000e+00
-1.054687500000000000e+00
-1.040039062500000000e-01
-8.242187500000000000e-01
1.157226562500000000e-01
7.656250000000000000e-01
-4.199218750000000000e-01
-1.664062500000000000e+00
-9.843750000000000000e-01
3.750000000000000000e-01
6.562500000000000000e-01
-1.242187500000000000e+00
-5.195312500000000000e-01
2.734375000000000000e-01
-3.769531250000000000e-01
-7.539062500000000000e-01
2.695312500000000000e-01
-2.828125000000000000e+00
6.445312500000000000e-01
-2.158203125000000000e-01
-1.054687500000000000e+00
1.054687500000000000e-01
-1.000000000000000000e+00
5.898437500000000000e-01
-1.892089843750000000e-02
-5.898437500000000000e-01
-1.904296875000000000e-01
1.718750000000000000e-01
-4.628906250000000000e-01
-6.210937500000000000e-01
7.695312500000000000e-01
1.484375000000000000e-01
-1.304687500000000000e+00
-3.203125000000000000e-01
4.433593750000000000e-01
4.375000000000000000e-01
-5.004882812500000000e-02
7.070312500000000000e-01
2.734375000000000000e-01
9.960937500000000000e-02
1.585937500000000000e+00
1.109375000000000000e+00
-6.835937500000000000e-01
6.015625000000000000e-01
-5.234375000000000000e-01
1.335937500000000000e+00
7.958984375000000000e-02
-9.228515625000000000e-02
9.492187500000000000e-01
-1.164062500000000000e+00
-2.490234375000000000e-01
-1.070312500000000000e+00
-5.117187500000000000e-01
2.373046875000000000e-01
1.826171875000000000e-01
-1.164062500000000000e+00
5.898437500000000000e-01
-1.230468750000000000e-01
9.912109375000000000e-02
-1.748046875000000000e-01
4.418945312500000000e-02
-1.611328125000000000e-01
1.108398437500000000e-01
1.625000000000000000e+00
-3.109375000000000000e+00
-5.742187500000000000e-01
-1.656250000000000000e+00
9.492187500000000000e-01
4.062500000000000000e-01
-1.312500000000000000e+00
-3.769531250000000000e-01
-6.250000000000000000e-02
9.531250000000000000e-01
1.976562500000000000e+00
-1.445312500000000000e+00
-1.375000000000000000e+00
4.199218750000000000e-01
-3.375000000000000000e+00
-1.914062500000000000e+00
1.630859375000000000e-01
4.277343750000000000e-01
2.910156250000000000e-01
-2.203125000000000000e+00
-2.451171875000000000e-01
2.636718750000000000e-01
2.519531250000000000e-01
-9.179687500000000000e-01
3.875000000000000000e+00
6.176757812500000000e-02
-9.101562500000000000e-01
1.007812500000000000e+00
-2.792968750000000000e-01
3.027343750000000000e-01
-3.691406250000000000e-01
2.099609375000000000e-01
-1.945312500000000000e+00
2.109375000000000000e+00
-2.812500000000000000e+00
2.832031250000000000e-01
-2.812500000000000000e+00
3.437500000000000000e-01
-1.937500000000000000e+00
-3.750000000000000000e+00
2.158203125000000000e-01
6.445312500000000000e-01
-8.906250000000000000e-01
-3.300781250000000000e-01
6.093750000000000000e-01
-1.898437500000000000e+00
3.769531250000000000e-01
3.222656250000000000e-01
8.437500000000000000e-01
4.863281250000000000e-01
5.937500000000000000e-01
-2.187500000000000000e-01
3.979492187500000000e-02
-1.460937500000000000e+00
1.406250000000000000e-01
6.367187500000000000e-01
-5.742187500000000000e-01
-1.070312500000000000e+00
4.375000000000000000e-01
1.875000000000000000e+00
-2.453125000000000000e+00
