-1.843750000000000000e+00
5.312500000000000000e-01
-1.500000000000000000e+00
6.601562500000000000e-01
-1.235351562500000000e-01
1.312500000000000000e+00
7.617187500000000000e-01
4.843750000000000000e-01
-5.585937500000000000e-01
-1.148437500000000000e+00
7.812500000000000000e-01
8.867187500000000000e-01
1.562500000000000000e+00
1.845703125000000000e-01
5.468750000000000000e-01
8.837890625000000000e-02
4.687500000000000000e-01
3.808593750000000000e-01
-7.500000000000000000e-01
-1.242187500000000000e+00
-1.787109375000000000e-01
2.890625000000000000e+00
-5.500000000000000000e+00
-4.589843750000000000e-01
4.140625000000000000e-01
-5.218505859375000000e-03
-3.687500000000000000e+00
-7.656250000000000000e-01
-5.078125000000000000e-02
-7.617187500000000000e-01
6.054687500000000000e-01
2.187500000000000000e+00
6.562500000000000000e-01
-3.437500000000000000e-01
-1.503906250000000000e-01
-1.335937500000000000e+00
1.539062500000000000e+00
-7.500000000000000000e-01
-1.357421875000000000e-01
-7.812500000000000000e-01
-6.738281250000000000e-02
1.062500000000000000e+00
6.757812500000000000e-01
-1.748046875000000000e-01
-1.234375000000000000e+00
9.804687500000000000e-01
1.023437500000000000e+00
-9.130859375000000000e-02
1.242187500000000000e+00
2.910156250000000000e-01
-4.824218750000000000e-01
-1.289062500000000000e+00
1.945312500000000000e+00
-4.316406250000000000e-01
4.628906250000000000e-01
-4.667968750000000000e-01
1.962890625000000000e-01
-3.515625000000000000e+00
2.792968750000000000e-01
3.593750000000000000e-01
-6.289062500000000000e-01
7.812500000000000000e-01
-3.847656250000000000e-01
1.468750000000000000e+00
1.304687500000000000e+00
1.767578125000000000e-01
3.750000000000000000e-01
2.343750000000000000e-02
1.982421875000000000e-01
5.742187500000000000e-01
-1.289062500000000000e+00
1.351562500000000000e+00
1.000976562500000000e-01
-1.195312500000000000e+00
2.546875000000000000e+00
1.125000000000000000e+00
1.335937500000000000e+00
1.101562500000000000e+00
1.085937500000000000e+00
-2.185058593750000000e-02
2.203125000000000000e+00
3.437500000000000000e-01
-9.101562500000000000e-01
-7.929687500000000000e-01
-1.914062500000000000e+00
1.156250000000000000e+00
-9.335937500000000000e-01
5.976562500000000000e-01
2.988281250000000000e-01
-1.726562500000000000e+00
-6.718750000000000000e-01
8.125000000000000000e-01
-7.343750000000000000e-01
-2.597656250000000000e-01
1.710937500000000000e+00
-2.910156250000000000e-01
-8.554687500000000000e-01
4.746093750000000000e-01
-1.062500000000000000e+00
1.062500000000000000e+00
-4.296875000000000000e-02
-1.648437500000000000e+00
-7.226562500000000000e-01
1.750000000000000000e+00
5.273437500000000000e-01
1.054687500000000000e+00
-1.669921875000000000e-01
1.898437500000000000e+00
-1.054687500000000000e+00
-5.664062500000000000e-01
9.843750000000000000e-01
-3.417968750000000000e-01
1.625000000000000000e+00
-2.080078125000000000e-01
-3.281250000000000000e-01
1.250000000000000000e+00
2.578125000000000000e+00
-8.085937500000000000e-01
-1.460937500000000000e+00
-3.222656250000000000e-01
-6.445312500000000000e-01
-1.398437500000000000e+00
-2.421875000000000000e-01
8.281250000000000000e-01
1.164062500000000000e+00
1.708984375000000000e-01
1.296875000000000000e+00
7.226562500000000000e-01
8.085937500000000000e-01
6.875000000000000000e-01
1.875000000000000000e+00
8.320312500000000000e-01
4.316406250000000000e-01
-9.179687500000000000e-01
-2.640625000000000000e+00
-2.119140625000000000e-01
-3.925781250000000000e-01
5.590820312500000000e-02
1.218750000000000000e+00
-9.570312500000000000e-01
-1.250000000000000000e+00
2.062500000000000000e+00
1.070312500000000000e+00
2.451171875000000000e-01
9.960937500000000000e-01
-1.718750000000000000e-01
-7.695312500000000000e-01
-7.773437500000000000e-01
6.054687500000000000e-01
7.968750000000000000e-01
-1.406250000000000000e+00
2.404785156250000000e-02
-1.125000000000000000e+00
-2.578125000000000000e-01
-1.101562500000000000e+00
-3.187500000000000000e+00
-1.093750000000000000e-01
-4.277343750000000000e-01
5.976562500000000000e-01
-9.570312500000000000e-01
-6.679687500000000000e-01
-1.531250000000000000e+00
3.378906250000000000e-01
-3.171875000000000000e+00
-5.585937500000000000e-01
7.617187500000000000e-01
-8.945312500000000000e-01
-2.304687500000000000e-01
2.140625000000000000e+00
-4.042968750000000000e-01
7.304687500000000000e-01
-6.328125000000000000e-01
1.351562500000000000e+00
6.132812500000000000e-01
-3.979492187500000000e-02
8.945312500000000000e-01
-5.351562500000000000e-01
1.570312500000000000e+00
1.726562500000000000e+00
6.757812500000000000e-01
-1.476562500000000000e+00
7.968750000000000000e-01
8.056640625000000000e-02
-4.824218750000000000e-01
7.304687500000000000e-01
8.007812500000000000e-01
8.125000000000000000e-01
6.132812500000000000e-01
-3.593750000000000000e-01
4.707031250000000000e-01
9.492187500000000000e-01
-5.898437500000000000e-01
5.429687500000000000e-01
1.250000000000000000e+00
5.234375000000000000e-01
-2.312500000000000000e+00
2.558593750000000000e-01
-2.828125000000000000e+00
-1.195312500000000000e+00
-8.242187500000000000e-01
4.277343750000000000e-01
-1.835937500000000000e+00
-1.523437500000000000e-01
-4.062500000000000000e-01
3.535156250000000000e-01
3.652343750000000000e-01
4.531250000000000000e-01
-1.179687500000000000e+00
4.765625000000000000e-01
2.138671875000000000e-01
-1.101562500000000000e+00
4.277343750000000000e-01
-8.242187500000000000e-01
1.203125000000000000e+00
-4.746093750000000000e-01
8.242187500000000000e-01
-8.164062500000000000e-01
8.554687500000000000e-01
3.691406250000000000e-01
-2.953125000000000000e+00
-9.101562500000000000e-01
2.109375000000000000e-01
3.437500000000000000e-01
1.010742187500000000e-01
-3.921875000000000000e+00
-1.039062500000000000e+00
-6.171875000000000000e-01
-1.812500000000000000e+00
-2.171875000000000000e+00
1.398437500000000000e+00
-7.070312500000000000e-01
-9.179687500000000000e-01
-1.406250000000000000e+00
-4.174804687500000000e-02
-3.769531250000000000e-01
-1.320312500000000000e+00
4.296875000000000000e-01
9.257812500000000000e-01
-1.367187500000000000e+00
-1.382812500000000000e+00
1.242187500000000000e+00
1.414062500000000000e+00
2.171875000000000000e+00
-2.236328125000000000e-01
-6.875000000000000000e-01
-1.203125000000000000e+00
-1.500000000000000000e+00
-3.906250000000000000e-01
-8.125000000000000000e-01
-1.406250000000000000e+00
-4.093750000000000000e+00
-1.054687500000000000e+00
-1.140625000000000000e+00
-8.242187500000000000e-01
9.531250000000000000e-01
8.320312500000000000e-01
-1.335937500000000000e+00
-8.242187500000000000e-01
-3.925781250000000000e-01
-2.988281250000000000e-01
-3.750000000000000000e-01
-1.843261718750000000e-02
-8.789062500000000000e-01
-4.785156250000000000e-01
8.398437500000000000e-01
6.289062500000000000e-01
-6.523437500000000000e-01
-1.031250000000000000e+00
-1.582031250000000000e-01
-1.375000000000000000e+00
-1.304687500000000000e+00
-9.570312500000000000e-01
-8.085937500000000000e-01
5.625000000000000000e-01
-2.148437500000000000e-01
-2.265625000000000000e+00
7.343750000000000000e-01
-2.359375000000000000e+00
7.695312500000000000e-01
3.457031250000000000e-01
-4.418945312500000000e-02
-1.437500000000000000e+00
5.273437500000000000e-01
-4.003906250000000000e-01
5.898437500000000000e-01
-2.636718750000000000e-01
1.396484375000000000e-01
6.250000000000000000e-01
-5.585937500000000000e-01
-8.632812500000000000e-01
1.101562500000000000e+00
8.242187500000000000e-01
-1.164062500000000000e+00
8.242187500000000000e-01
-3.339843750000000000e-01
1.273437500000000000e+00
4.433593750000000000e-01
8.281250000000000000e-01
6.757812500000000000e-01
1.416015625000000000e-01
1.523437500000000000e+00
1.179687500000000000e+00
-7.812500000000000000e-03
1.156250000000000000e+00
9.619140625000000000e-02
1.898437500000000000e+00
-1.031250000000000000e+00
-1.179687500000000000e+00
1.335937500000000000e+00
-1.118164062500000000e-01
1.225585937500000000e-01
-4.531250000000000000e-01
7.617187500000000000e-01
6.718750000000000000e-01
6.210937500000000000e-01
-1.039062500000000000e+00
-1.000000000000000000e+00
2.636718750000000000e-01
3.769531250000000000e-01
-9.960937500000000000e-01
-6.210937500000000000e-01
3.437500000000000000e-01
9.882812500000000000e-01
1.531250000000000000e+00
-3.828125000000000000e+00
-9.257812500000000000e-01
-6.718750000000000000e-01
7.343750000000000000e-01
7.500000000000000000e-01
-1.023437500000000000e+00
3.828125000000000000e-01
9.687500000000000000e-01
1.343750000000000000e+00
1.906250000000000000e+00
-1.781250000000000000e+00
-3.921875000000000000e+00
1.835937500000000000e-01
-3.046875000000000000e+00
-1.875000000000000000e+00
5.664062500000000000e-01
-1.257812500000000000e+00
9.492187500000000000e-01
-8.593750000000000000e-02
3.046875000000000000e-01
-1.070312500000000000e+00
1.156250000000000000e+00
-6.500244140625000000e-03
3.750000000000000000e+00
-1.156250000000000000e+00
-1.476562500000000000e+00
-3.574218750000000000e-01
1.767578125000000000e-01
-1.767578125000000000e-01
5.737304687500000000e-02
-2.031250000000000000e-01
-1.851562500000000000e+00
2.250000000000000000e+00
-2.609375000000000000e+00
4.199218750000000000e-01
-4.656250000000000000e+00
-2.656250000000000000e-01
-1.179687500000000000e+00
-4.187500000000000000e+00
4.765625000000000000e-01
1.007812500000000000e+00
-2.675781250000000000e-01
4.028320312500000000e-02
-6.250000000000000000e-01
-2.187500000000000000e+00
9.882812500000000000e-01
6.640625000000000000e-02
-7.304687500000000000e-01
9.570312500000000000e-01
3.671875000000000000e-01
-2.236328125000000000e-01
5.468750000000000000e-01
-2.539062500000000000e-01
5.195312500000000000e-01
-1.865234375000000000e-01
-7.304687500000000000e-01
-7.226562500000000000e-01
5.507812500000000000e-01
1.687500000000000000e+00
-1.593750000000000000e+00
