1.081250000000000000e+01
-6.445312500000000000e-01
-3.750000000000000000e+00
4.750000000000000000e+00
-6.601562500000000000e-01
-2.478027343750000000e-02
3.203125000000000000e+00
3.546875000000000000e+00
-1.937500000000000000e+00
-2.015625000000000000e+00
3.828125000000000000e+00
2.734375000000000000e+00
3.250000000000000000e+00
1.406250000000000000e+00
4.406250000000000000e+00
2.921875000000000000e+00
-3.625000000000000000e+00
3.734375000000000000e+00
1.018750000000000000e+01
-1.054687500000000000e+00
-8.476562500000000000e-01
1.656250000000000000e+00
7.812500000000000000e-01
-9.882812500000000000e-01
4.187500000000000000e+00
3.296875000000000000e+00
1.468750000000000000e+00
-5.195312500000000000e-01
1.460937500000000000e+00
-3.421875000000000000e+00
7.000000000000000000e+00
-2.140625000000000000e+00
5.375000000000000000e+00
-2.000000000000000000e+00
-1.375000000000000000e+00
-2.140625000000000000e+00
2.890625000000000000e-01
-2.609252929687500000e-03
2.828125000000000000e+00
-1.914062500000000000e+00
-3.417968750000000000e-01
7.250000000000000000e+00
2.984375000000000000e+00
-1.812500000000000000e+00
-1.789062500000000000e+00
2.359375000000000000e+00
1.851562500000000000e+00
0.000000000000000000e+00
5.937500000000000000e-01
6.125000000000000000e+00
4.628906250000000000e-01
-2.046875000000000000e+00
-6.884765625000000000e-02
-3.421875000000000000e+00
5.531250000000000000e+00
7.500000000000000000e+00
-2.125000000000000000e+00
7.906250000000000000e+00
1.539062500000000000e+00
3.203125000000000000e+00
-7.343750000000000000e-01
2.078125000000000000e+00
9.882812500000000000e-01
6.250000000000000000e+00
3.562500000000000000e+00
-8.750000000000000000e-01
6.406250000000000000e+00
-1.242187500000000000e+00
1.312500000000000000e+00
2.236328125000000000e-01
-2.484375000000000000e+00
2.546875000000000000e+00
7.617187500000000000e-01
-3.453125000000000000e+00
1.460937500000000000e+00
-4.500000000000000000e+00
6.156250000000000000e+00
2.281250000000000000e+00
5.500000000000000000e+00
1.687500000000000000e+00
3.625000000000000000e+00
3.687500000000000000e+00
-2.046875000000000000e+00
-9.179687500000000000e-01
-5.000000000000000000e+00
8.867187500000000000e-01
7.843750000000000000e+00
5.843750000000000000e+00
2.875000000000000000e+00
-2.203125000000000000e+00
-1.101562500000000000e+00
2.078125000000000000e+00
-5.781250000000000000e+00
9.960937500000000000e-01
-1.914062500000000000e+00
-2.953125000000000000e+00
1.300000000000000000e+01
4.156250000000000000e+00
-9.882812500000000000e-01
1.179687500000000000e+00
7.593750000000000000e+00
-1.625000000000000000e+00
-2.921875000000000000e+00
2.203125000000000000e+00
7.406250000000000000e+00
6.093750000000000000e+00
-1.398437500000000000e+00
1.718750000000000000e+00
-9.414062500000000000e-01
-3.339843750000000000e-01
7.593750000000000000e+00
-2.203125000000000000e+00
-1.298828125000000000e-01
-1.781250000000000000e+00
-1.343750000000000000e+00
5.843750000000000000e+00
-3.953125000000000000e+00
-3.078125000000000000e+00
-1.031250000000000000e+00
-1.789062500000000000e+00
-3.359375000000000000e+00
-1.656250000000000000e+00
-2.046875000000000000e+00
4.000000000000000000e+00
1.398437500000000000e+00
3.609375000000000000e+00
4.218750000000000000e+00
8.437500000000000000e+00
5.156250000000000000e+00
1.250000000000000000e+00
6.875000000000000000e-01
-1.625000000000000000e+00
3.078125000000000000e+00
-2.359375000000000000e+00
6.093750000000000000e+00
-6.875000000000000000e-01
-1.818847656250000000e-02
5.968750000000000000e+00
4.281250000000000000e+00
-3.421875000000000000e+00
2.600097656250000000e-02
-5.273437500000000000e-01
5.718750000000000000e+00
2.562500000000000000e+00
5.093750000000000000e+00
-1.804687500000000000e+00
8.937500000000000000e+00
-2.328125000000000000e+00
5.375000000000000000e+00
5.093750000000000000e+00
1.100000000000000000e+01
-7.617187500000000000e-01
-2.203125000000000000e+00
9.726562500000000000e-01
-8.320312500000000000e-01
5.718750000000000000e+00
-1.843750000000000000e+00
-5.898437500000000000e-01
1.943359375000000000e-01
-1.976562500000000000e+00
1.152343750000000000e-01
2.671875000000000000e+00
3.140625000000000000e+00
2.359375000000000000e+00
6.054687500000000000e-01
7.343750000000000000e+00
-1.726562500000000000e+00
6.523437500000000000e-01
2.171875000000000000e+00
-3.828125000000000000e+00
2.390625000000000000e+00
-1.304687500000000000e+00
6.375000000000000000e+00
5.781250000000000000e+00
9.619140625000000000e-02
5.656250000000000000e+00
1.054687500000000000e+00
3.890625000000000000e+00
3.750000000000000000e-01
4.625000000000000000e+00
6.000000000000000000e+00
5.875000000000000000e+00
-7.226562500000000000e-01
-4.199218750000000000e-01
-2.714843750000000000e-01
8.437500000000000000e+00
3.125000000000000000e+00
1.414062500000000000e+00
-2.015625000000000000e+00
2.203125000000000000e+00
4.593750000000000000e+00
-1.242187500000000000e+00
5.406250000000000000e+00
6.000000000000000000e+00
3.250000000000000000e+00
7.625000000000000000e+00
-2.470703125000000000e-01
7.750000000000000000e+00
-1.773437500000000000e+00
-1.039062500000000000e+00
1.414062500000000000e+00
7.750000000000000000e+00
-1.406250000000000000e+00
-2.234375000000000000e+00
1.257812500000000000e+00
6.656250000000000000e+00
-3.484375000000000000e+00
-1.812500000000000000e+00
4.875000000000000000e+00
5.375000000000000000e+00
-1.875000000000000000e+00
5.531250000000000000e+00
-1.523437500000000000e+00
2.171875000000000000e+00
-1.562500000000000000e+00
8.687500000000000000e+00
7.750000000000000000e+00
4.218750000000000000e+00
-2.531250000000000000e+00
8.062500000000000000e+00
-1.187500000000000000e+00
1.718750000000000000e+00
2.203125000000000000e+00
2.001953125000000000e-01
4.156250000000000000e+00
-3.328125000000000000e+00
-2.392578125000000000e-01
-1.460937500000000000e+00
3.937500000000000000e+00
1.937500000000000000e+00
-2.187500000000000000e+00
1.056250000000000000e+01
8.312500000000000000e+00
-6.210937500000000000e-01
-1.748046875000000000e-01
-1.218750000000000000e+00
-8.710937500000000000e-01
3.078125000000000000e+00
-4.093750000000000000e+00
-1.554687500000000000e+00
4.843750000000000000e+00
3.066406250000000000e-01
-5.593750000000000000e+00
1.156250000000000000e+00
3.593750000000000000e-01
-5.273437500000000000e-01
-2.109375000000000000e-01
-3.964843750000000000e-01
-4.375000000000000000e-01
-1.414062500000000000e+00
5.718750000000000000e+00
-3.312500000000000000e+00
1.018750000000000000e+01
-1.617187500000000000e+00
4.031250000000000000e+00
9.882812500000000000e-01
-3.421875000000000000e+00
-4.562500000000000000e+00
-2.390625000000000000e+00
-2.000000000000000000e+00
-3.125000000000000000e+00
-1.375000000000000000e+00
-1.695312500000000000e+00
1.289062500000000000e-01
1.375000000000000000e+00
-1.845703125000000000e-01
-2.812500000000000000e+00
-3.144531250000000000e-01
1.164062500000000000e+00
-1.023437500000000000e+00
-8.945312500000000000e-01
-1.835937500000000000e-01
-2.125000000000000000e+00
3.828125000000000000e+00
-6.875000000000000000e-01
3.312500000000000000e+00
6.031250000000000000e+00
8.437500000000000000e+00
4.031250000000000000e+00
5.718750000000000000e+00
4.625000000000000000e+00
-5.664062500000000000e-01
6.054687500000000000e-01
-1.320312500000000000e+00
1.650390625000000000e-01
-4.375000000000000000e-01
3.296875000000000000e+00
3.203125000000000000e+00
-1.351562500000000000e+00
-2.625000000000000000e+00
1.906250000000000000e+00
3.609375000000000000e+00
-4.093750000000000000e+00
1.195312500000000000e+00
-1.687500000000000000e+00
4.343750000000000000e+00
4.375000000000000000e+00
9.619140625000000000e-02
4.625000000000000000e+00
1.968750000000000000e+00
1.250000000000000000e+00
-5.820312500000000000e-01
9.437500000000000000e+00
6.093750000000000000e+00
4.125000000000000000e+00
3.671875000000000000e+00
-1.210937500000000000e+00
7.000000000000000000e+00
3.066406250000000000e-01
3.906250000000000000e-01
4.000000000000000000e+00
-6.328125000000000000e-01
6.679687500000000000e-01
5.000000000000000000e+00
3.078125000000000000e+00
-3.046875000000000000e+00
-1.468750000000000000e+00
5.968750000000000000e+00
4.031250000000000000e+00
-1.914062500000000000e+00
-3.187500000000000000e+00
4.500000000000000000e+00
5.031250000000000000e+00
1.789062500000000000e+00
1.148437500000000000e+00
-2.609375000000000000e+00
2.792968750000000000e-01
6.132812500000000000e-01
2.062500000000000000e+00
-3.703125000000000000e+00
2.187500000000000000e+00
3.171875000000000000e+00
3.828125000000000000e+00
2.125000000000000000e+00
-3.890625000000000000e+00
2.000000000000000000e+00
4.433593750000000000e-01
8.312500000000000000e+00
1.687500000000000000e+00
-2.265625000000000000e+00
-2.203125000000000000e+00
4.875000000000000000e+00
4.250000000000000000e+00
4.281250000000000000e+00
-1.289062500000000000e+00
7.250000000000000000e+00
-1.007812500000000000e+00
-3.144531250000000000e-01
-1.351562500000000000e+00
1.007812500000000000e+00
-1.289062500000000000e+00
4.656250000000000000e+00
-1.062500000000000000e+00
6.656250000000000000e+00
-6.445312500000000000e-01
2.953125000000000000e+00
-2.125000000000000000e+00
3.375000000000000000e+00
-1.687500000000000000e+00
8.867187500000000000e-01
-3.593750000000000000e-01
-1.007812500000000000e+00
3.171875000000000000e+00
5.718750000000000000e+00
2.359375000000000000e+00
-2.236328125000000000e-01
3.328125000000000000e+00
-1.539062500000000000e+00
-4.875000000000000000e+00
5.125000000000000000e+00
5.281250000000000000e+00
-8.789062500000000000e-01
3.671875000000000000e+00
8.937500000000000000e+00
-1.257812500000000000e+00
3.953125000000000000e+00
-2.171875000000000000e+00
2.421875000000000000e+00
4.062500000000000000e-01
-6.250000000000000000e-01
-3.500000000000000000e+00
5.031250000000000000e+00
-1.273437500000000000e+00
7.343750000000000000e+00
