1.825000000000000000e+01
-3.535156250000000000e-01
-5.500000000000000000e+00
6.593750000000000000e+00
-1.273437500000000000e+00
-2.171875000000000000e+00
3.328125000000000000e+00
4.500000000000000000e+00
-2.140625000000000000e+00
-2.265625000000000000e+00
4.406250000000000000e+00
2.859375000000000000e+00
3.046875000000000000e+00
1.273437500000000000e+00
5.906250000000000000e+00
3.625000000000000000e+00
-5.906250000000000000e+00
4.843750000000000000e+00
1.650000000000000000e+01
1.445312500000000000e-01
-2.078125000000000000e+00
1.196289062500000000e-01
5.250000000000000000e+00
-1.914062500000000000e+00
5.593750000000000000e+00
4.593750000000000000e+00
5.187500000000000000e+00
-8.554687500000000000e-01
2.359375000000000000e+00
-4.656250000000000000e+00
1.056250000000000000e+01
-6.093750000000000000e+00
7.375000000000000000e+00
-4.375000000000000000e+00
-1.835937500000000000e+00
-1.664062500000000000e+00
-1.343750000000000000e+00
4.433593750000000000e-01
4.406250000000000000e+00
-1.898437500000000000e+00
-1.031250000000000000e+00
1.031250000000000000e+01
3.921875000000000000e+00
-3.187500000000000000e+00
-2.140625000000000000e+00
1.781250000000000000e+00
1.812500000000000000e+00
-2.871093750000000000e-01
-1.000000000000000000e+00
9.500000000000000000e+00
9.804687500000000000e-01
-2.046875000000000000e+00
-2.203125000000000000e+00
-4.187500000000000000e+00
7.843750000000000000e+00
1.206250000000000000e+01
-2.375000000000000000e+00
1.500000000000000000e+01
2.484375000000000000e+00
4.093750000000000000e+00
-4.199218750000000000e-01
1.914062500000000000e+00
1.625000000000000000e+00
8.187500000000000000e+00
3.765625000000000000e+00
-1.351562500000000000e+00
9.437500000000000000e+00
-1.570312500000000000e+00
2.234375000000000000e+00
-2.546875000000000000e+00
-1.914062500000000000e+00
9.804687500000000000e-01
1.562500000000000000e+00
-6.406250000000000000e+00
-9.335937500000000000e-01
-8.375000000000000000e+00
7.750000000000000000e+00
2.015625000000000000e+00
7.156250000000000000e+00
2.203125000000000000e+00
2.921875000000000000e+00
4.812500000000000000e+00
-2.015625000000000000e+00
-8.750000000000000000e-01
-6.781250000000000000e+00
-1.328125000000000000e+00
1.225000000000000000e+01
8.562500000000000000e+00
3.578125000000000000e+00
-2.171875000000000000e+00
-3.417968750000000000e-01
2.515625000000000000e+00
-7.250000000000000000e+00
1.414062500000000000e+00
-4.843750000000000000e+00
-4.031250000000000000e+00
2.012500000000000000e+01
5.593750000000000000e+00
-2.562500000000000000e+00
7.500000000000000000e-01
1.200000000000000000e+01
-1.601562500000000000e+00
-4.687500000000000000e+00
1.648437500000000000e+00
1.100000000000000000e+01
8.125000000000000000e+00
-1.539062500000000000e+00
1.101562500000000000e+00
-1.187500000000000000e+00
-4.418945312500000000e-02
1.062500000000000000e+01
-4.281250000000000000e+00
-8.476562500000000000e-01
-4.550781250000000000e-01
-1.304687500000000000e+00
7.218750000000000000e+00
-9.187500000000000000e+00
-3.421875000000000000e+00
-1.195312500000000000e+00
-1.679687500000000000e+00
-5.093750000000000000e+00
-1.960937500000000000e+00
-3.500000000000000000e+00
4.656250000000000000e+00
6.054687500000000000e-01
5.187500000000000000e+00
4.718750000000000000e+00
1.256250000000000000e+01
7.031250000000000000e+00
5.039062500000000000e-01
-5.781250000000000000e-01
-4.593750000000000000e+00
3.671875000000000000e+00
-3.703125000000000000e+00
1.318750000000000000e+01
-1.210937500000000000e+00
1.611328125000000000e-01
8.812500000000000000e+00
5.281250000000000000e+00
-4.468750000000000000e+00
4.531250000000000000e-01
-2.234375000000000000e+00
7.156250000000000000e+00
3.000000000000000000e+00
6.406250000000000000e+00
-2.609375000000000000e+00
1.368750000000000000e+01
-3.546875000000000000e+00
7.500000000000000000e+00
6.406250000000000000e+00
1.837500000000000000e+01
-1.812500000000000000e+00
-2.984375000000000000e+00
8.750000000000000000e-01
-9.492187500000000000e-01
1.068750000000000000e+01
-2.750000000000000000e+00
-2.871093750000000000e-01
-9.257812500000000000e-01
-3.984375000000000000e+00
1.007812500000000000e+00
5.406250000000000000e+00
4.218750000000000000e+00
7.250000000000000000e+00
1.375000000000000000e+00
1.081250000000000000e+01
-1.843750000000000000e+00
1.351562500000000000e+00
1.210937500000000000e+00
-4.468750000000000000e+00
2.296875000000000000e+00
2.353515625000000000e-01
8.312500000000000000e+00
8.500000000000000000e+00
2.812500000000000000e-01
7.843750000000000000e+00
1.773437500000000000e+00
3.984375000000000000e+00
-2.468750000000000000e+00
6.000000000000000000e+00
9.562500000000000000e+00
8.000000000000000000e+00
-1.718750000000000000e+00
1.503906250000000000e-01
-1.093750000000000000e+00
1.243750000000000000e+01
3.125000000000000000e+00
1.195312500000000000e+00
-1.875000000000000000e+00
2.234375000000000000e+00
5.531250000000000000e+00
-1.500000000000000000e+00
8.250000000000000000e+00
7.875000000000000000e+00
3.812500000000000000e+00
1.306250000000000000e+01
-4.375000000000000000e-01
1.368750000000000000e+01
-1.710937500000000000e+00
-1.070312500000000000e+00
1.054687500000000000e+00
1.293750000000000000e+01
-1.437500000000000000e+00
-4.562500000000000000e+00
1.804687500000000000e+00
1.050000000000000000e+01
-5.250000000000000000e+00
-2.171875000000000000e+00
6.656250000000000000e+00
7.843750000000000000e+00
-3.375000000000000000e+00
8.250000000000000000e+00
-2.078125000000000000e+00
1.625000000000000000e+00
-3.546875000000000000e+00
1.250000000000000000e+01
1.231250000000000000e+01
5.000000000000000000e+00
-6.781250000000000000e+00
1.431250000000000000e+01
-8.085937500000000000e-01
2.500000000000000000e+00
2.453125000000000000e+00
2.558593750000000000e-01
9.187500000000000000e+00
-4.125000000000000000e+00
6.523437500000000000e-01
-1.195312500000000000e+00
6.906250000000000000e+00
1.376953125000000000e-01
-2.875000000000000000e+00
1.700000000000000000e+01
1.431250000000000000e+01
-1.203125000000000000e+00
2.099609375000000000e-01
-1.437500000000000000e+00
-2.531250000000000000e+00
3.375000000000000000e+00
-5.187500000000000000e+00
-2.296875000000000000e+00
5.906250000000000000e+00
-1.108398437500000000e-01
-1.150000000000000000e+01
-4.003906250000000000e-01
4.433593750000000000e-01
1.982421875000000000e-01
7.070312500000000000e-01
-7.070312500000000000e-01
4.687500000000000000e-01
-1.664062500000000000e+00
1.168750000000000000e+01
-4.843750000000000000e+00
1.600000000000000000e+01
-1.976562500000000000e+00
4.906250000000000000e+00
-7.343750000000000000e-01
-5.000000000000000000e+00
-6.250000000000000000e+00
-3.390625000000000000e+00
-5.031250000000000000e+00
-5.750000000000000000e+00
-1.078125000000000000e+00
-2.234375000000000000e+00
-1.304687500000000000e+00
6.132812500000000000e-01
-5.351562500000000000e-01
-5.406250000000000000e+00
4.394531250000000000e-01
2.125000000000000000e+00
-1.257812500000000000e+00
2.060546875000000000e-01
2.265625000000000000e-01
-4.218750000000000000e+00
5.125000000000000000e+00
-3.222656250000000000e-01
7.593750000000000000e+00
8.812500000000000000e+00
1.456250000000000000e+01
4.781250000000000000e+00
8.250000000000000000e+00
6.156250000000000000e+00
-8.750000000000000000e-01
1.320312500000000000e+00
-1.257812500000000000e+00
9.375000000000000000e-01
4.140625000000000000e-01
5.125000000000000000e+00
3.625000000000000000e+00
-5.898437500000000000e-01
-4.968750000000000000e+00
1.960937500000000000e+00
4.156250000000000000e+00
-2.578125000000000000e+00
1.328125000000000000e+00
-2.296875000000000000e+00
5.406250000000000000e+00
6.281250000000000000e+00
-5.117187500000000000e-01
6.500000000000000000e+00
2.109375000000000000e+00
6.093750000000000000e-01
-1.773437500000000000e+00
1.450000000000000000e+01
8.187500000000000000e+00
5.906250000000000000e+00
3.203125000000000000e+00
-4.589843750000000000e-01
1.193750000000000000e+01
-1.059570312500000000e-01
1.085937500000000000e+00
5.593750000000000000e+00
-1.093750000000000000e+00
-7.812500000000000000e-02
6.781250000000000000e+00
3.078125000000000000e+00
-5.500000000000000000e+00
-2.015625000000000000e+00
9.000000000000000000e+00
5.406250000000000000e+00
-1.945312500000000000e+00
-4.500000000000000000e+00
6.375000000000000000e+00
6.093750000000000000e+00
1.351562500000000000e+00
4.656250000000000000e+00
-4.968750000000000000e+00
2.714843750000000000e-01
2.753906250000000000e-01
1.437500000000000000e+00
-6.156250000000000000e+00
2.484375000000000000e+00
3.921875000000000000e+00
3.765625000000000000e+00
1.250000000000000000e+00
-5.062500000000000000e+00
6.906250000000000000e+00
7.500000000000000000e-01
1.481250000000000000e+01
4.093750000000000000e+00
-2.437500000000000000e+00
-2.109375000000000000e+00
5.906250000000000000e+00
5.968750000000000000e+00
6.406250000000000000e+00
-1.210937500000000000e+00
9.937500000000000000e+00
-2.593750000000000000e+00
-3.828125000000000000e+00
-1.593750000000000000e+00
3.046875000000000000e+00
-2.000000000000000000e+00
6.875000000000000000e+00
-3.203125000000000000e+00
1.025000000000000000e+01
-2.109375000000000000e+00
5.781250000000000000e+00
-5.031250000000000000e+00
6.468750000000000000e+00
-2.265625000000000000e+00
5.281250000000000000e+00
-8.164062500000000000e-01
4.746093750000000000e-01
7.500000000000000000e+00
8.312500000000000000e+00
2.078125000000000000e+00
-2.431640625000000000e-01
4.968750000000000000e+00
-1.351562500000000000e+00
-7.156250000000000000e+00
6.718750000000000000e+00
7.750000000000000000e+00
-1.726562500000000000e+00
4.156250000000000000e+00
1.331250000000000000e+01
-3.375000000000000000e+00
5.062500000000000000e+00
-2.125000000000000000e+00
2.609375000000000000e+00
-4.980468750000000000e-01
-4.296875000000000000e-01
-6.125000000000000000e+00
6.781250000000000000e+00
-3.734375000000000000e+00
1.225000000000000000e+01
