1.687500000000000000e+01
-4.472656250000000000e-01
-4.937500000000000000e+00
6.093750000000000000e+00
-1.664062500000000000e+00
-2.484375000000000000e+00
3.078125000000000000e+00
4.531250000000000000e+00
-1.960937500000000000e+00
-2.015625000000000000e+00
4.000000000000000000e+00
2.234375000000000000e+00
2.875000000000000000e+00
9.492187500000000000e-01
5.343750000000000000e+00
3.328125000000000000e+00
-5.031250000000000000e+00
4.500000000000000000e+00
1.550000000000000000e+01
-3.007812500000000000e-01
-2.328125000000000000e+00
7.187500000000000000e-01
4.843750000000000000e+00
-9.023437500000000000e-01
5.156250000000000000e+00
3.859375000000000000e+00
4.656250000000000000e+00
-1.445312500000000000e+00
1.812500000000000000e+00
-4.125000000000000000e+00
9.750000000000000000e+00
-5.406250000000000000e+00
6.656250000000000000e+00
-4.250000000000000000e+00
-2.187500000000000000e+00
-1.843750000000000000e+00
-1.273437500000000000e+00
2.451171875000000000e-01
4.156250000000000000e+00
-1.835937500000000000e+00
-1.679687500000000000e+00
9.312500000000000000e+00
2.953125000000000000e+00
-2.187500000000000000e+00
-2.796875000000000000e+00
1.648437500000000000e+00
2.015625000000000000e+00
-7.617187500000000000e-01
-8.867187500000000000e-01
8.812500000000000000e+00
1.117187500000000000e+00
-1.968750000000000000e+00
-1.875000000000000000e+00
-3.328125000000000000e+00
7.156250000000000000e+00
1.156250000000000000e+01
-2.703125000000000000e+00
1.406250000000000000e+01
1.617187500000000000e+00
3.546875000000000000e+00
-1.435546875000000000e-01
1.468750000000000000e+00
1.242187500000000000e+00
7.343750000000000000e+00
3.421875000000000000e+00
-1.398437500000000000e+00
8.750000000000000000e+00
-2.140625000000000000e+00
1.687500000000000000e+00
-3.109375000000000000e+00
-1.773437500000000000e+00
1.757812500000000000e-01
1.031250000000000000e+00
-5.593750000000000000e+00
-7.070312500000000000e-01
-7.343750000000000000e+00
7.000000000000000000e+00
1.789062500000000000e+00
6.156250000000000000e+00
1.718750000000000000e+00
3.140625000000000000e+00
4.343750000000000000e+00
-1.992187500000000000e+00
-6.601562500000000000e-01
-5.781250000000000000e+00
-1.539062500000000000e+00
1.168750000000000000e+01
7.843750000000000000e+00
3.500000000000000000e+00
-2.750000000000000000e+00
-5.585937500000000000e-01
1.617187500000000000e+00
-5.593750000000000000e+00
1.265625000000000000e+00
-4.250000000000000000e+00
-3.937500000000000000e+00
1.862500000000000000e+01
5.093750000000000000e+00
-3.375000000000000000e+00
6.445312500000000000e-01
1.106250000000000000e+01
-2.000000000000000000e+00
-3.546875000000000000e+00
2.062500000000000000e+00
1.031250000000000000e+01
6.906250000000000000e+00
-1.898437500000000000e+00
1.164062500000000000e+00
-1.304687500000000000e+00
-1.040039062500000000e-01
9.750000000000000000e+00
-4.156250000000000000e+00
-5.820312500000000000e-01
-1.455078125000000000e-01
-1.476562500000000000e+00
6.218750000000000000e+00
-8.312500000000000000e+00
-2.765625000000000000e+00
-1.289062500000000000e+00
-1.875000000000000000e+00
-4.531250000000000000e+00
-2.203125000000000000e+00
-3.750000000000000000e+00
3.828125000000000000e+00
3.769531250000000000e-01
5.000000000000000000e+00
4.343750000000000000e+00
1.168750000000000000e+01
6.406250000000000000e+00
4.316406250000000000e-01
-4.472656250000000000e-01
-4.031250000000000000e+00
3.171875000000000000e+00
-3.390625000000000000e+00
1.331250000000000000e+01
-4.218750000000000000e-01
-8.398437500000000000e-02
7.843750000000000000e+00
4.531250000000000000e+00
-4.375000000000000000e+00
3.046875000000000000e-01
-2.171875000000000000e+00
6.250000000000000000e+00
2.640625000000000000e+00
5.843750000000000000e+00
-2.796875000000000000e+00
1.250000000000000000e+01
-3.921875000000000000e+00
6.750000000000000000e+00
5.593750000000000000e+00
1.750000000000000000e+01
-2.312500000000000000e+00
-2.562500000000000000e+00
8.554687500000000000e-01
-1.398437500000000000e+00
9.812500000000000000e+00
-2.921875000000000000e+00
-3.691406250000000000e-01
-1.117187500000000000e+00
-3.921875000000000000e+00
4.746093750000000000e-01
5.281250000000000000e+00
3.828125000000000000e+00
6.906250000000000000e+00
7.187500000000000000e-01
9.812500000000000000e+00
-1.625000000000000000e+00
1.523437500000000000e+00
1.601562500000000000e+00
-4.375000000000000000e+00
1.710937500000000000e+00
4.980468750000000000e-01
7.468750000000000000e+00
7.625000000000000000e+00
-5.507812500000000000e-01
7.000000000000000000e+00
1.429687500000000000e+00
3.812500000000000000e+00
-1.914062500000000000e+00
5.625000000000000000e+00
8.937500000000000000e+00
7.343750000000000000e+00
-1.773437500000000000e+00
-4.160156250000000000e-01
-1.867187500000000000e+00
1.150000000000000000e+01
2.828125000000000000e+00
1.523437500000000000e+00
-2.671875000000000000e+00
1.968750000000000000e+00
5.093750000000000000e+00
-1.437500000000000000e+00
7.656250000000000000e+00
6.906250000000000000e+00
3.250000000000000000e+00
1.200000000000000000e+01
-4.433593750000000000e-01
1.318750000000000000e+01
-1.914062500000000000e+00
-9.062500000000000000e-01
1.242187500000000000e+00
1.168750000000000000e+01
-1.523437500000000000e+00
-4.656250000000000000e+00
1.054687500000000000e+00
9.937500000000000000e+00
-4.500000000000000000e+00
-2.140625000000000000e+00
5.843750000000000000e+00
7.343750000000000000e+00
-3.140625000000000000e+00
7.843750000000000000e+00
-2.296875000000000000e+00
1.500000000000000000e+00
-3.609375000000000000e+00
1.118750000000000000e+01
1.118750000000000000e+01
4.156250000000000000e+00
-7.656250000000000000e+00
1.306250000000000000e+01
-6.757812500000000000e-01
1.773437500000000000e+00
2.187500000000000000e+00
2.519531250000000000e-01
8.562500000000000000e+00
-3.625000000000000000e+00
3.496093750000000000e-01
-1.914062500000000000e+00
6.468750000000000000e+00
-3.281250000000000000e-01
-2.562500000000000000e+00
1.575000000000000000e+01
1.350000000000000000e+01
-1.562500000000000000e+00
-1.015625000000000000e-01
-1.726562500000000000e+00
-3.203125000000000000e+00
2.531250000000000000e+00
-4.281250000000000000e+00
-2.062500000000000000e+00
5.031250000000000000e+00
7.656250000000000000e-01
-1.006250000000000000e+01
-1.218750000000000000e+00
1.494140625000000000e-01
1.043701171875000000e-02
4.174804687500000000e-02
-1.242187500000000000e+00
3.906250000000000000e-03
-1.898437500000000000e+00
1.062500000000000000e+01
-4.031250000000000000e+00
1.443750000000000000e+01
-1.976562500000000000e+00
4.531250000000000000e+00
-1.304687500000000000e+00
-4.656250000000000000e+00
-5.343750000000000000e+00
-3.671875000000000000e+00
-5.000000000000000000e+00
-6.093750000000000000e+00
-2.294921875000000000e-01
-2.109375000000000000e+00
-1.554687500000000000e+00
1.298828125000000000e-01
-6.289062500000000000e-01
-4.781250000000000000e+00
1.826171875000000000e-01
1.710937500000000000e+00
-1.101562500000000000e+00
-2.226562500000000000e-01
-2.080078125000000000e-01
-3.750000000000000000e+00
4.343750000000000000e+00
-5.039062500000000000e-01
6.906250000000000000e+00
8.250000000000000000e+00
1.375000000000000000e+01
4.250000000000000000e+00
7.406250000000000000e+00
5.250000000000000000e+00
-1.046875000000000000e+00
1.210937500000000000e+00
-1.250000000000000000e+00
5.981445312500000000e-02
-2.373046875000000000e-01
4.812500000000000000e+00
3.328125000000000000e+00
-3.984375000000000000e-01
-4.156250000000000000e+00
1.664062500000000000e+00
3.734375000000000000e+00
-2.437500000000000000e+00
5.039062500000000000e-01
-2.453125000000000000e+00
4.718750000000000000e+00
6.031250000000000000e+00
-1.414062500000000000e+00
6.156250000000000000e+00
1.367187500000000000e+00
9.218750000000000000e-01
-1.343750000000000000e+00
1.318750000000000000e+01
7.468750000000000000e+00
5.281250000000000000e+00
2.812500000000000000e+00
-4.550781250000000000e-01
1.125000000000000000e+01
2.392578125000000000e-01
1.101562500000000000e+00
5.031250000000000000e+00
-1.539062500000000000e+00
-9.726562500000000000e-01
6.156250000000000000e+00
2.765625000000000000e+00
-4.781250000000000000e+00
-2.265625000000000000e+00
8.375000000000000000e+00
5.156250000000000000e+00
-1.664062500000000000e+00
-4.406250000000000000e+00
5.906250000000000000e+00
5.093750000000000000e+00
1.460937500000000000e+00
4.156250000000000000e+00
-4.468750000000000000e+00
2.753906250000000000e-01
-5.625000000000000000e-01
1.523437500000000000e+00
-5.843750000000000000e+00
1.726562500000000000e+00
2.828125000000000000e+00
3.625000000000000000e+00
1.523437500000000000e+00
-4.375000000000000000e+00
6.500000000000000000e+00
2.600097656250000000e-02
1.368750000000000000e+01
3.890625000000000000e+00
-2.875000000000000000e+00
-1.898437500000000000e+00
5.343750000000000000e+00
5.093750000000000000e+00
5.781250000000000000e+00
-9.375000000000000000e-01
9.187500000000000000e+00
-3.296875000000000000e+00
-2.921875000000000000e+00
-1.835937500000000000e+00
2.937500000000000000e+00
-2.484375000000000000e+00
6.406250000000000000e+00
-3.203125000000000000e+00
9.375000000000000000e+00
-1.351562500000000000e+00
5.625000000000000000e+00
-4.343750000000000000e+00
5.593750000000000000e+00
-3.000000000000000000e+00
4.656250000000000000e+00
-7.304687500000000000e-01
-1.533203125000000000e-01
6.781250000000000000e+00
7.625000000000000000e+00
1.976562500000000000e+00
-3.671875000000000000e-01
4.375000000000000000e+00
-1.164062500000000000e+00
-6.593750000000000000e+00
6.375000000000000000e+00
7.093750000000000000e+00
-2.000000000000000000e+00
3.765625000000000000e+00
1.268750000000000000e+01
-2.640625000000000000e+00
4.406250000000000000e+00
-2.484375000000000000e+00
2.234375000000000000e+00
-1.343750000000000000e+00
2.600097656250000000e-02
-5.750000000000000000e+00
6.375000000000000000e+00
-2.750000000000000000e+00
1.150000000000000000e+01
