1.165000000000000000e+02
-8.312500000000000000e+00
-1.612500000000000000e+01
3.162500000000000000e+01
-7.156250000000000000e+00
-1.268750000000000000e+01
1.300000000000000000e+01
2.337500000000000000e+01
-9.250000000000000000e+00
-5.250000000000000000e+00
1.737500000000000000e+01
6.093750000000000000e+00
3.578125000000000000e+00
4.500000000000000000e+00
2.862500000000000000e+01
1.700000000000000000e+01
-2.112500000000000000e+01
2.125000000000000000e+01
1.015000000000000000e+02
3.593750000000000000e-01
-9.750000000000000000e+00
-4.718750000000000000e+00
7.400000000000000000e+01
-5.125000000000000000e+00
2.462500000000000000e+01
2.350000000000000000e+01
6.450000000000000000e+01
-6.281250000000000000e+00
3.875000000000000000e+00
-1.725000000000000000e+01
5.575000000000000000e+01
-2.537500000000000000e+01
3.325000000000000000e+01
-1.762500000000000000e+01
-2.265625000000000000e+00
-7.718750000000000000e+00
-5.000000000000000000e+00
7.695312500000000000e-01
2.587500000000000000e+01
-1.181250000000000000e+01
-1.043750000000000000e+01
5.025000000000000000e+01
4.468750000000000000e+00
-1.331250000000000000e+01
-6.718750000000000000e+00
4.875000000000000000e+00
5.218750000000000000e+00
-1.381250000000000000e+01
-6.656250000000000000e+00
5.675000000000000000e+01
2.871093750000000000e-01
-3.046875000000000000e+00
-1.343750000000000000e+01
-1.350000000000000000e+01
3.575000000000000000e+01
7.650000000000000000e+01
-2.250000000000000000e+01
1.115000000000000000e+02
1.437500000000000000e+00
1.850000000000000000e+01
-5.406250000000000000e+00
2.140625000000000000e+00
3.234375000000000000e+00
3.137500000000000000e+01
7.625000000000000000e+00
-1.400000000000000000e+01
5.075000000000000000e+01
-1.231250000000000000e+01
-3.562500000000000000e+00
-2.562500000000000000e+01
-1.460937500000000000e+00
-7.656250000000000000e+00
5.976562500000000000e-01
-2.562500000000000000e+01
-1.450000000000000000e+01
-2.600000000000000000e+01
3.037500000000000000e+01
4.343750000000000000e+00
2.612500000000000000e+01
3.921875000000000000e+00
4.718750000000000000e+00
2.362500000000000000e+01
-1.106250000000000000e+01
-4.781250000000000000e+00
-2.200000000000000000e+01
-7.906250000000000000e+00
8.200000000000000000e+01
4.525000000000000000e+01
1.925000000000000000e+01
-3.828125000000000000e+00
-4.281250000000000000e+00
-1.012500000000000000e+01
-2.462500000000000000e+01
2.062500000000000000e+00
-2.062500000000000000e+01
-1.250000000000000000e+01
1.200000000000000000e+02
2.712500000000000000e+01
-6.250000000000000000e+00
-2.703125000000000000e+00
7.150000000000000000e+01
-4.406250000000000000e+00
-1.168750000000000000e+01
1.937500000000000000e+00
6.300000000000000000e+01
3.300000000000000000e+01
-4.781250000000000000e+00
-3.027343750000000000e-01
-3.375000000000000000e+00
-2.093750000000000000e+00
5.300000000000000000e+01
-1.518750000000000000e+01
-7.500000000000000000e+00
-6.093750000000000000e+00
-4.718750000000000000e+00
2.362500000000000000e+01
-5.175000000000000000e+01
-1.068750000000000000e+01
-5.000000000000000000e+00
-4.593750000000000000e+00
-1.400000000000000000e+01
-2.703125000000000000e+00
-1.468750000000000000e+01
1.812500000000000000e+01
-5.031250000000000000e+00
3.225000000000000000e+01
1.506250000000000000e+01
7.000000000000000000e+01
3.200000000000000000e+01
-5.468750000000000000e+00
-6.406250000000000000e+00
-2.900000000000000000e+01
1.281250000000000000e+01
-1.193750000000000000e+01
9.750000000000000000e+01
-7.343750000000000000e+00
-3.000000000000000000e+00
5.075000000000000000e+01
1.518750000000000000e+01
-1.500000000000000000e+01
2.296875000000000000e+00
-1.381250000000000000e+01
3.200000000000000000e+01
1.381250000000000000e+01
2.537500000000000000e+01
-9.062500000000000000e+00
8.050000000000000000e+01
-1.800000000000000000e+01
3.650000000000000000e+01
2.837500000000000000e+01
1.120000000000000000e+02
-1.118750000000000000e+01
-8.250000000000000000e+00
1.206250000000000000e+01
-6.718750000000000000e+00
7.700000000000000000e+01
-1.431250000000000000e+01
-2.421875000000000000e+00
-5.531250000000000000e+00
-1.181250000000000000e+01
1.039062500000000000e+00
3.300000000000000000e+01
1.887500000000000000e+01
6.850000000000000000e+01
4.394531250000000000e-01
5.675000000000000000e+01
-3.875000000000000000e+00
1.726562500000000000e+00
7.500000000000000000e-01
-1.400000000000000000e+01
4.593750000000000000e+00
8.320312500000000000e-01
3.375000000000000000e+01
4.125000000000000000e+01
-8.437500000000000000e+00
3.325000000000000000e+01
3.296875000000000000e+00
1.150000000000000000e+01
-6.156250000000000000e+00
2.887500000000000000e+01
6.275000000000000000e+01
3.825000000000000000e+01
-1.987500000000000000e+01
-3.890625000000000000e+00
-2.362500000000000000e+01
6.700000000000000000e+01
9.687500000000000000e+00
1.914062500000000000e+00
-1.225000000000000000e+01
6.000000000000000000e+00
2.587500000000000000e+01
-6.875000000000000000e+00
4.500000000000000000e+01
3.162500000000000000e+01
1.468750000000000000e+01
9.000000000000000000e+01
-2.949218750000000000e-01
1.055000000000000000e+02
-5.656250000000000000e+00
-3.171875000000000000e+00
2.125000000000000000e+00
8.050000000000000000e+01
-5.093750000000000000e+00
-1.650000000000000000e+01
1.695312500000000000e+00
6.000000000000000000e+01
-3.037500000000000000e+01
-1.118750000000000000e+01
2.950000000000000000e+01
4.175000000000000000e+01
-8.562500000000000000e+00
4.275000000000000000e+01
-6.656250000000000000e+00
4.156250000000000000e+00
-8.812500000000000000e+00
6.200000000000000000e+01
6.950000000000000000e+01
1.875000000000000000e+01
-4.525000000000000000e+01
1.065000000000000000e+02
-1.500000000000000000e+00
1.914062500000000000e+00
7.718750000000000000e+00
-1.937500000000000000e+00
8.000000000000000000e+01
-1.243750000000000000e+01
-6.992187500000000000e-01
-5.406250000000000000e+00
5.325000000000000000e+01
-3.734375000000000000e+00
-8.562500000000000000e+00
9.800000000000000000e+01
9.600000000000000000e+01
-1.726562500000000000e+00
-2.265625000000000000e+00
-4.031250000000000000e+00
-1.887500000000000000e+01
1.175000000000000000e+01
-1.450000000000000000e+01
-2.687500000000000000e+00
1.625000000000000000e+01
-2.078125000000000000e+00
-4.925000000000000000e+01
-5.406250000000000000e+00
-3.046875000000000000e+00
-8.349609375000000000e-02
1.523437500000000000e+00
-4.281250000000000000e+00
5.976562500000000000e-01
-5.656250000000000000e+00
1.040000000000000000e+02
-1.331250000000000000e+01
9.850000000000000000e+01
-4.875000000000000000e+00
1.837500000000000000e+01
-4.031250000000000000e+00
-1.550000000000000000e+01
-2.287500000000000000e+01
-1.450000000000000000e+01
-2.037500000000000000e+01
-2.537500000000000000e+01
-1.506250000000000000e+01
-4.281250000000000000e+00
-9.687500000000000000e+00
-1.375000000000000000e+01
-1.320312500000000000e+00
-1.825000000000000000e+01
-3.847656250000000000e-01
3.046875000000000000e+00
-4.156250000000000000e+00
-4.031250000000000000e+00
-1.617187500000000000e+00
-1.181250000000000000e+01
2.062500000000000000e+01
-2.859375000000000000e+00
6.000000000000000000e+01
4.125000000000000000e+01
1.005000000000000000e+02
1.812500000000000000e+01
4.575000000000000000e+01
2.937500000000000000e+01
-3.046875000000000000e+00
-1.518750000000000000e+01
-2.687500000000000000e+00
-8.625000000000000000e+00
-2.871093750000000000e-01
2.887500000000000000e+01
1.525000000000000000e+01
-1.710937500000000000e+00
-1.268750000000000000e+01
2.187500000000000000e+00
1.612500000000000000e+01
-8.562500000000000000e+00
-9.437500000000000000e+00
-7.500000000000000000e+00
1.837500000000000000e+01
3.475000000000000000e+01
-1.518750000000000000e+01
3.162500000000000000e+01
-1.085937500000000000e+00
-1.728515625000000000e-01
-1.218750000000000000e+01
8.200000000000000000e+01
3.725000000000000000e+01
3.137500000000000000e+01
8.375000000000000000e+00
-5.976562500000000000e-01
8.550000000000000000e+01
-1.593750000000000000e+00
-4.156250000000000000e+00
2.837500000000000000e+01
-8.750000000000000000e+00
-1.518750000000000000e+01
3.325000000000000000e+01
1.106250000000000000e+01
-1.850000000000000000e+01
-5.406250000000000000e+00
4.925000000000000000e+01
2.862500000000000000e+01
-5.031250000000000000e+00
-1.193750000000000000e+01
3.500000000000000000e+01
2.437500000000000000e+01
1.273437500000000000e+00
4.975000000000000000e+01
-1.506250000000000000e+01
1.351562500000000000e+00
-1.275000000000000000e+01
2.828125000000000000e+00
-1.837500000000000000e+01
6.843750000000000000e+00
8.250000000000000000e+00
1.400000000000000000e+01
1.767578125000000000e-01
-1.293750000000000000e+01
8.200000000000000000e+01
-3.250000000000000000e+00
1.040000000000000000e+02
2.437500000000000000e+01
-1.762500000000000000e+01
-2.562500000000000000e+00
2.662500000000000000e+01
2.050000000000000000e+01
3.275000000000000000e+01
-3.750000000000000000e+00
4.525000000000000000e+01
-1.593750000000000000e+01
-2.487500000000000000e+01
-5.593750000000000000e+00
1.850000000000000000e+01
-9.562500000000000000e+00
3.900000000000000000e+01
-1.493750000000000000e+01
6.000000000000000000e+01
-1.025000000000000000e+01
3.575000000000000000e+01
-2.337500000000000000e+01
5.000000000000000000e+01
-1.700000000000000000e+01
7.000000000000000000e+01
-3.921875000000000000e+00
-1.460937500000000000e+00
6.950000000000000000e+01
4.425000000000000000e+01
3.671875000000000000e+00
-5.406250000000000000e+00
3.225000000000000000e+01
-2.015625000000000000e+00
-2.237500000000000000e+01
2.887500000000000000e+01
4.275000000000000000e+01
-7.875000000000000000e+00
1.500000000000000000e+01
7.800000000000000000e+01
-1.250000000000000000e+01
2.150000000000000000e+01
-2.037500000000000000e+01
6.843750000000000000e+00
-3.671875000000000000e+00
-1.039062500000000000e+00
-2.050000000000000000e+01
3.275000000000000000e+01
-1.518750000000000000e+01
8.050000000000000000e+01
