-8.867187500000000000e-01
4.316406250000000000e-01
-1.914062500000000000e+00
1.226562500000000000e+00
-4.628906250000000000e-01
1.070312500000000000e+00
1.210937500000000000e+00
8.476562500000000000e-01
-1.070312500000000000e+00
-1.554687500000000000e+00
1.265625000000000000e+00
1.398437500000000000e+00
1.960937500000000000e+00
4.843750000000000000e-01
1.085937500000000000e+00
4.785156250000000000e-01
-1.953125000000000000e-01
8.554687500000000000e-01
5.981445312500000000e-02
-1.039062500000000000e+00
-1.235351562500000000e-01
2.703125000000000000e+00
-5.531250000000000000e+00
-6.992187500000000000e-01
9.843750000000000000e-01
5.351562500000000000e-01
-3.812500000000000000e+00
-1.007812500000000000e+00
2.578125000000000000e-01
-1.296875000000000000e+00
1.398437500000000000e+00
1.742187500000000000e+00
1.320312500000000000e+00
-4.296875000000000000e-01
-2.949218750000000000e-01
-1.710937500000000000e+00
1.007812500000000000e+00
-5.039062500000000000e-01
1.572265625000000000e-01
-6.406250000000000000e-01
-2.314453125000000000e-01
1.914062500000000000e+00
1.242187500000000000e+00
-5.937500000000000000e-01
-1.781250000000000000e+00
1.250000000000000000e+00
1.312500000000000000e+00
8.447265625000000000e-02
1.164062500000000000e+00
8.320312500000000000e-01
-4.062500000000000000e-01
-1.664062500000000000e+00
1.656250000000000000e+00
-1.023437500000000000e+00
1.148437500000000000e+00
1.250000000000000000e-01
2.490234375000000000e-01
-2.875000000000000000e+00
4.453125000000000000e-01
8.750000000000000000e-01
-5.820312500000000000e-01
1.109375000000000000e+00
-9.375000000000000000e-02
2.078125000000000000e+00
1.867187500000000000e+00
9.814453125000000000e-02
1.125000000000000000e+00
-1.416015625000000000e-01
4.980468750000000000e-01
8.906250000000000000e-01
-1.789062500000000000e+00
1.710937500000000000e+00
2.890625000000000000e-01
-1.476562500000000000e+00
2.656250000000000000e+00
6.718750000000000000e-01
2.171875000000000000e+00
1.375000000000000000e+00
1.812500000000000000e+00
1.875000000000000000e-01
2.515625000000000000e+00
8.007812500000000000e-01
-1.210937500000000000e+00
-1.093750000000000000e+00
-2.203125000000000000e+00
1.343750000000000000e+00
-3.378906250000000000e-01
1.257812500000000000e+00
6.210937500000000000e-01
-2.421875000000000000e+00
-5.976562500000000000e-01
1.218750000000000000e+00
-1.500000000000000000e+00
6.127929687500000000e-02
1.257812500000000000e+00
-8.867187500000000000e-01
5.429687500000000000e-01
1.031250000000000000e+00
-1.125000000000000000e+00
1.078125000000000000e+00
6.015625000000000000e-01
-2.015625000000000000e+00
-1.273437500000000000e+00
1.835937500000000000e+00
1.289062500000000000e+00
1.781250000000000000e+00
-2.578125000000000000e-01
1.914062500000000000e+00
-1.250000000000000000e+00
-2.421875000000000000e-01
1.851562500000000000e+00
-4.628906250000000000e-01
1.414062500000000000e+00
-5.039062500000000000e-01
-7.187500000000000000e-01
2.062500000000000000e+00
2.046875000000000000e+00
-1.195312500000000000e+00
-1.710937500000000000e+00
-5.781250000000000000e-01
-1.125000000000000000e+00
-1.718750000000000000e+00
-1.328125000000000000e-01
1.437500000000000000e+00
1.257812500000000000e+00
5.000000000000000000e-01
1.789062500000000000e+00
1.593750000000000000e+00
1.414062500000000000e+00
9.062500000000000000e-01
1.812500000000000000e+00
8.945312500000000000e-01
8.437500000000000000e-01
-1.031250000000000000e+00
-2.359375000000000000e+00
-3.222656250000000000e-01
-1.904296875000000000e-01
8.125000000000000000e-01
1.812500000000000000e+00
-1.414062500000000000e+00
-7.656250000000000000e-01
2.078125000000000000e+00
1.851562500000000000e+00
6.171875000000000000e-01
1.601562500000000000e+00
-5.351562500000000000e-01
1.406250000000000000e-01
-5.585937500000000000e-01
1.195312500000000000e+00
1.523437500000000000e+00
-4.277343750000000000e-01
-2.460937500000000000e-01
-1.468750000000000000e+00
-1.484375000000000000e-01
-1.406250000000000000e+00
-2.750000000000000000e+00
-2.714843750000000000e-01
-4.863281250000000000e-01
4.687500000000000000e-01
-1.000000000000000000e+00
-3.027343750000000000e-01
-1.242187500000000000e+00
7.617187500000000000e-01
-2.953125000000000000e+00
-3.261566162109375000e-04
1.593750000000000000e+00
-1.375000000000000000e+00
-2.968750000000000000e-01
2.156250000000000000e+00
-1.023437500000000000e+00
1.218750000000000000e+00
-1.039062500000000000e+00
2.140625000000000000e+00
1.351562500000000000e+00
-7.177734375000000000e-02
1.687500000000000000e+00
-2.373046875000000000e-01
1.898437500000000000e+00
1.460937500000000000e+00
1.289062500000000000e+00
-8.476562500000000000e-01
1.492187500000000000e+00
2.148437500000000000e-01
-2.294921875000000000e-01
1.023437500000000000e+00
1.726562500000000000e+00
1.304687500000000000e+00
7.929687500000000000e-01
-6.289062500000000000e-01
7.382812500000000000e-01
1.500000000000000000e+00
-6.093750000000000000e-01
1.117187500000000000e+00
2.078125000000000000e+00
1.093750000000000000e+00
-1.570312500000000000e+00
8.056640625000000000e-02
-2.281250000000000000e+00
-1.460937500000000000e+00
-1.085937500000000000e+00
5.976562500000000000e-01
-9.492187500000000000e-01
-2.773437500000000000e-01
-3.964843750000000000e-01
4.550781250000000000e-01
1.054687500000000000e+00
5.117187500000000000e-01
-1.468750000000000000e+00
1.101562500000000000e+00
8.085937500000000000e-01
-1.218750000000000000e+00
1.007812500000000000e+00
-1.289062500000000000e+00
1.429687500000000000e+00
-4.472656250000000000e-01
1.789062500000000000e+00
-2.600097656250000000e-02
1.468750000000000000e+00
5.078125000000000000e-01
-2.203125000000000000e+00
-1.312500000000000000e+00
3.261718750000000000e-01
7.304687500000000000e-01
1.562500000000000000e-01
-3.734375000000000000e+00
-1.531250000000000000e+00
-4.531250000000000000e-01
-2.000000000000000000e+00
-1.726562500000000000e+00
1.687500000000000000e+00
-1.031250000000000000e+00
1.015625000000000000e-01
-8.281250000000000000e-01
-4.174804687500000000e-02
-4.589843750000000000e-01
-1.664062500000000000e+00
2.421875000000000000e-01
1.375000000000000000e+00
-2.062500000000000000e+00
-1.679687500000000000e+00
1.960937500000000000e+00
1.210937500000000000e+00
1.695312500000000000e+00
5.468750000000000000e-02
-1.416015625000000000e-01
-1.000000000000000000e+00
-9.882812500000000000e-01
-6.210937500000000000e-01
-6.328125000000000000e-01
-1.710937500000000000e+00
-3.640625000000000000e+00
-1.460937500000000000e+00
-1.826171875000000000e-01
-1.312500000000000000e+00
1.539062500000000000e+00
9.882812500000000000e-01
-1.617187500000000000e+00
-1.328125000000000000e+00
-4.746093750000000000e-01
-3.203125000000000000e-01
-6.054687500000000000e-01
-3.881835937500000000e-02
-1.320312500000000000e+00
-4.355468750000000000e-01
1.101562500000000000e+00
4.921875000000000000e-01
-8.242187500000000000e-01
-8.281250000000000000e-01
1.020507812500000000e-01
-1.687500000000000000e+00
-1.375000000000000000e+00
-9.179687500000000000e-01
-9.804687500000000000e-01
1.070312500000000000e+00
-3.378906250000000000e-01
-2.031250000000000000e+00
1.351562500000000000e+00
-1.507812500000000000e+00
1.281250000000000000e+00
9.648437500000000000e-01
6.445312500000000000e-01
-1.601562500000000000e+00
7.968750000000000000e-01
-8.554687500000000000e-01
8.789062500000000000e-01
-3.847656250000000000e-01
5.000000000000000000e-01
1.054687500000000000e+00
-9.257812500000000000e-01
-1.031250000000000000e+00
1.367187500000000000e+00
1.289062500000000000e+00
-1.445312500000000000e+00
1.070312500000000000e+00
-8.320312500000000000e-01
1.875000000000000000e+00
9.492187500000000000e-01
7.187500000000000000e-01
1.242187500000000000e+00
4.062500000000000000e-01
1.523437500000000000e+00
1.039062500000000000e+00
1.023437500000000000e+00
1.937500000000000000e+00
6.015625000000000000e-01
2.359375000000000000e+00
-1.414062500000000000e+00
-7.500000000000000000e-01
1.250000000000000000e+00
-1.308593750000000000e-01
6.406250000000000000e-01
8.349609375000000000e-02
1.023437500000000000e+00
1.320312500000000000e+00
1.039062500000000000e+00
-1.195312500000000000e+00
-1.476562500000000000e+00
9.023437500000000000e-01
7.851562500000000000e-01
-1.351562500000000000e+00
-1.281250000000000000e+00
8.632812500000000000e-01
1.750000000000000000e+00
1.562500000000000000e+00
-3.703125000000000000e+00
-1.054687500000000000e+00
-3.359375000000000000e-01
7.382812500000000000e-01
1.070312500000000000e+00
-1.273437500000000000e+00
7.929687500000000000e-01
1.476562500000000000e+00
1.726562500000000000e+00
1.945312500000000000e+00
-2.203125000000000000e+00
-4.062500000000000000e+00
2.714843750000000000e-01
-2.328125000000000000e+00
-1.593750000000000000e+00
3.593750000000000000e-01
-1.773437500000000000e+00
1.585937500000000000e+00
6.054687500000000000e-01
8.242187500000000000e-01
-1.414062500000000000e+00
2.000000000000000000e+00
2.343750000000000000e-01
3.234375000000000000e+00
-1.398437500000000000e+00
-1.351562500000000000e+00
-9.804687500000000000e-01
6.289062500000000000e-01
-4.760742187500000000e-02
7.304687500000000000e-01
-3.750000000000000000e-01
-1.554687500000000000e+00
1.820312500000000000e+00
-2.265625000000000000e+00
-5.200195312500000000e-02
-4.843750000000000000e+00
-4.472656250000000000e-01
-1.031250000000000000e+00
-4.000000000000000000e+00
1.101562500000000000e+00
1.281250000000000000e+00
9.033203125000000000e-02
4.082031250000000000e-01
-1.179687500000000000e+00
-2.125000000000000000e+00
1.539062500000000000e+00
5.976562500000000000e-01
-9.218750000000000000e-01
1.437500000000000000e+00
1.304687500000000000e+00
-1.074218750000000000e-01
1.101562500000000000e+00
-3.652343750000000000e-01
8.632812500000000000e-01
-1.953125000000000000e-01
-1.023437500000000000e+00
-1.046875000000000000e+00
1.179687500000000000e+00
1.281250000000000000e+00
-8.632812500000000000e-01
