-6.992187500000000000e-01
-5.039062500000000000e-01
-9.179687500000000000e-01
6.484375000000000000e-01
1.429687500000000000e+00
2.203125000000000000e+00
8.398437500000000000e-01
6.210937500000000000e-01
-5.078125000000000000e-01
3.417968750000000000e-01
8.906250000000000000e-01
4.316406250000000000e-01
1.093750000000000000e+00
1.533203125000000000e-01
3.828125000000000000e-01
3.359375000000000000e-01
1.132812500000000000e+00
5.468750000000000000e-01
1.710937500000000000e+00
-2.437500000000000000e+00
9.804687500000000000e-01
3.921875000000000000e+00
-3.000000000000000000e+00
2.255859375000000000e-01
5.585937500000000000e-01
-1.225585937500000000e-01
-3.242187500000000000e-01
2.015625000000000000e+00
-1.007812500000000000e+00
1.406250000000000000e-01
1.023437500000000000e+00
2.937500000000000000e+00
8.554687500000000000e-01
-9.179687500000000000e-01
1.132812500000000000e-01
9.375000000000000000e-02
2.750000000000000000e+00
-2.203125000000000000e+00
2.314453125000000000e-01
-2.250000000000000000e+00
2.125000000000000000e+00
1.125000000000000000e+00
-7.500000000000000000e-01
3.515625000000000000e-02
2.140625000000000000e+00
1.500000000000000000e+00
7.070312500000000000e-01
-1.875000000000000000e+00
1.804687500000000000e+00
8.789062500000000000e-01
-1.382812500000000000e+00
-4.042968750000000000e-01
3.062500000000000000e+00
5.742187500000000000e-01
7.617187500000000000e-01
9.492187500000000000e-01
-2.171875000000000000e+00
-2.421875000000000000e+00
-8.740234375000000000e-02
3.808593750000000000e-01
-2.531250000000000000e+00
7.148437500000000000e-01
-1.476562500000000000e+00
1.203125000000000000e+00
6.679687500000000000e-01
-9.912109375000000000e-02
3.847656250000000000e-01
-1.039062500000000000e+00
-1.570312500000000000e+00
4.687500000000000000e-01
2.910156250000000000e-01
9.960937500000000000e-01
-1.406250000000000000e+00
-1.523437500000000000e+00
2.796875000000000000e+00
1.570312500000000000e+00
9.687500000000000000e-01
1.125000000000000000e+00
7.539062500000000000e-01
3.496093750000000000e-01
2.250000000000000000e+00
8.125000000000000000e-01
-5.039062500000000000e-01
2.001953125000000000e-01
-2.265625000000000000e+00
1.960937500000000000e+00
1.445312500000000000e+00
6.171875000000000000e-01
6.367187500000000000e-01
1.937500000000000000e+00
-1.585937500000000000e+00
-7.851562500000000000e-01
-9.804687500000000000e-01
-1.343750000000000000e+00
2.796875000000000000e+00
7.929687500000000000e-01
1.875000000000000000e-01
5.117187500000000000e-01
1.031250000000000000e+00
1.187500000000000000e+00
1.257812500000000000e+00
1.406250000000000000e+00
4.902343750000000000e-01
2.000000000000000000e+00
1.476562500000000000e+00
9.179687500000000000e-01
-9.101562500000000000e-01
2.234375000000000000e+00
7.500000000000000000e-01
-2.062500000000000000e+00
9.570312500000000000e-01
9.023437500000000000e-01
1.531250000000000000e+00
-1.875000000000000000e+00
8.632812500000000000e-01
9.023437500000000000e-01
2.390625000000000000e+00
-9.375000000000000000e-01
8.867187500000000000e-01
1.875000000000000000e-01
-5.546875000000000000e-01
8.554687500000000000e-01
5.742187500000000000e-01
7.460937500000000000e-01
1.726562500000000000e+00
5.156250000000000000e-01
1.054687500000000000e+00
1.429687500000000000e+00
6.171875000000000000e-01
6.718750000000000000e-01
2.343750000000000000e+00
1.118164062500000000e-01
8.085937500000000000e-01
-2.500000000000000000e-01
-4.296875000000000000e-01
-6.250000000000000000e-02
-1.601562500000000000e+00
3.808593750000000000e-01
7.968750000000000000e-01
-1.773437500000000000e+00
-1.960937500000000000e+00
2.390625000000000000e+00
1.195312500000000000e+00
5.351562500000000000e-01
8.476562500000000000e-01
1.335937500000000000e+00
-2.968750000000000000e-01
-1.085937500000000000e+00
8.398437500000000000e-01
1.031250000000000000e+00
-7.695312500000000000e-01
1.710937500000000000e+00
1.484375000000000000e-01
4.765625000000000000e-01
1.460937500000000000e+00
-2.046875000000000000e+00
-4.238281250000000000e-01
-1.273437500000000000e+00
1.617187500000000000e+00
-1.962890625000000000e-01
-1.929687500000000000e+00
-2.234375000000000000e+00
6.210937500000000000e-01
-7.382812500000000000e-01
-2.390625000000000000e+00
1.125000000000000000e+00
-3.906250000000000000e-02
-2.099609375000000000e-01
2.484375000000000000e+00
5.820312500000000000e-01
1.455078125000000000e-01
-6.367187500000000000e-01
1.218750000000000000e+00
6.445312500000000000e-01
6.171875000000000000e-01
5.742187500000000000e-01
-1.031250000000000000e+00
2.046875000000000000e+00
3.390625000000000000e+00
8.007812500000000000e-01
-1.070312500000000000e+00
7.656250000000000000e-01
-4.785156250000000000e-01
-2.187500000000000000e+00
-8.867187500000000000e-01
1.750000000000000000e+00
6.601562500000000000e-01
6.835937500000000000e-01
-7.304687500000000000e-01
7.304687500000000000e-01
1.007812500000000000e+00
-6.210937500000000000e-01
6.132812500000000000e-01
9.023437500000000000e-01
3.906250000000000000e-01
-1.445312500000000000e+00
6.210937500000000000e-01
-5.351562500000000000e-01
-3.222656250000000000e-01
9.570312500000000000e-01
6.406250000000000000e-01
-1.742187500000000000e+00
7.861328125000000000e-02
3.027343750000000000e-01
1.148437500000000000e+00
6.445312500000000000e-01
-1.585937500000000000e+00
5.742187500000000000e-01
4.980468750000000000e-01
1.718750000000000000e-01
-6.757812500000000000e-01
7.812500000000000000e-01
1.476562500000000000e+00
1.375000000000000000e+00
-1.533203125000000000e-01
1.125000000000000000e+00
-7.617187500000000000e-01
7.460937500000000000e-01
-7.275390625000000000e-02
-1.156250000000000000e+00
6.250000000000000000e-02
1.406250000000000000e+00
3.125000000000000000e-02
-4.628906250000000000e-01
-2.281250000000000000e+00
-8.349609375000000000e-02
-2.000000000000000000e+00
1.156250000000000000e+00
-1.789062500000000000e+00
1.812500000000000000e+00
1.069335937500000000e-01
-4.277343750000000000e-01
1.070312500000000000e+00
-2.578125000000000000e-01
-7.695312500000000000e-01
1.695312500000000000e+00
-2.062500000000000000e+00
8.476562500000000000e-01
-1.148437500000000000e+00
4.687500000000000000e-01
7.500000000000000000e-01
1.976562500000000000e+00
2.125000000000000000e+00
4.765625000000000000e-01
-2.015625000000000000e+00
-1.851562500000000000e+00
-1.750000000000000000e+00
9.570312500000000000e-01
-1.710937500000000000e+00
1.601562500000000000e+00
-1.851562500000000000e+00
-4.121093750000000000e-01
3.027343750000000000e-01
8.867187500000000000e-01
5.429687500000000000e-01
1.882812500000000000e+00
-9.023437500000000000e-01
5.737304687500000000e-02
-3.925781250000000000e-01
-7.812500000000000000e-02
-1.429687500000000000e+00
-2.328125000000000000e+00
2.609252929687500000e-03
-7.382812500000000000e-01
1.591796875000000000e-01
1.117187500000000000e+00
-5.429687500000000000e-01
-2.140625000000000000e+00
-1.523437500000000000e+00
1.164062500000000000e+00
1.101562500000000000e+00
-1.320312500000000000e+00
-3.046875000000000000e-01
6.250000000000000000e-01
-6.679687500000000000e-01
-5.981445312500000000e-02
8.632812500000000000e-01
-1.382812500000000000e+00
1.218750000000000000e+00
7.929687500000000000e-01
-3.144531250000000000e-01
8.789062500000000000e-01
-1.914062500000000000e+00
8.437500000000000000e-01
-9.804687500000000000e-01
-4.589843750000000000e-01
2.080078125000000000e-01
6.054687500000000000e-01
-7.187500000000000000e-01
-5.585937500000000000e-01
7.968750000000000000e-01
6.484375000000000000e-01
-2.859375000000000000e+00
-5.625000000000000000e-01
1.281250000000000000e+00
6.132812500000000000e-01
4.687500000000000000e-01
1.343750000000000000e+00
5.507812500000000000e-01
5.742187500000000000e-01
1.835937500000000000e+00
1.406250000000000000e+00
7.617187500000000000e-01
1.132812500000000000e+00
-1.300048828125000000e-02
2.390625000000000000e+00
4.277343750000000000e-01
1.257812500000000000e+00
1.101562500000000000e+00
-1.726562500000000000e+00
3.300781250000000000e-01
-1.070312500000000000e+00
-7.812500000000000000e-01
6.875000000000000000e-01
7.617187500000000000e-01
-9.648437500000000000e-01
1.867187500000000000e+00
6.835937500000000000e-01
6.875000000000000000e-01
1.923828125000000000e-01
8.476562500000000000e-01
5.039062500000000000e-01
8.476562500000000000e-01
1.750000000000000000e+00
-2.703125000000000000e+00
-4.433593750000000000e-01
-2.015625000000000000e+00
1.523437500000000000e+00
8.398437500000000000e-01
-1.351562500000000000e+00
-3.784179687500000000e-02
2.187500000000000000e-01
1.648437500000000000e+00
2.515625000000000000e+00
-1.710937500000000000e+00
-3.261718750000000000e-01
9.882812500000000000e-01
-1.804687500000000000e+00
-2.421875000000000000e+00
-1.250000000000000000e+00
7.187500000000000000e-01
1.085937500000000000e+00
-2.453125000000000000e+00
1.040039062500000000e-01
4.785156250000000000e-01
1.070312500000000000e+00
-2.734375000000000000e-01
4.468750000000000000e+00
1.023437500000000000e+00
-1.039062500000000000e+00
2.171875000000000000e+00
3.750000000000000000e-01
2.890625000000000000e-01
5.507812500000000000e-01
6.054687500000000000e-01
-2.125000000000000000e+00
2.734375000000000000e+00
-1.750000000000000000e+00
4.785156250000000000e-01
-1.968750000000000000e+00
1.000000000000000000e+00
-2.562500000000000000e+00
-2.421875000000000000e+00
9.179687500000000000e-01
8.945312500000000000e-01
-1.007812500000000000e+00
3.496093750000000000e-01
8.632812500000000000e-01
-2.453125000000000000e+00
9.687500000000000000e-01
1.265625000000000000e+00
2.015625000000000000e+00
1.023437500000000000e+00
1.687500000000000000e+00
-2.500000000000000000e-01
6.093750000000000000e-01
-2.484375000000000000e+00
4.062500000000000000e-01
1.625000000000000000e+00
-5.273437500000000000e-01
-1.085937500000000000e+00
1.031250000000000000e+00
1.710937500000000000e+00
-1.210937500000000000e+00
