-2.796875000000000000e+00
6.718750000000000000e-01
-3.828125000000000000e-01
-2.451171875000000000e-01
1.304687500000000000e+00
1.125000000000000000e+00
4.687500000000000000e-02
8.300781250000000000e-02
-2.470703125000000000e-01
7.812500000000000000e-01
8.593750000000000000e-02
-1.892089843750000000e-02
8.437500000000000000e-01
-3.339843750000000000e-01
-4.316406250000000000e-01
-5.000000000000000000e-01
2.234375000000000000e+00
-2.343750000000000000e-01
-4.843750000000000000e-01
-2.437500000000000000e+00
5.117187500000000000e-01
3.296875000000000000e+00
-4.125000000000000000e+00
5.273437500000000000e-01
-3.828125000000000000e-01
-1.203125000000000000e+00
-1.992187500000000000e+00
1.117187500000000000e+00
-5.703125000000000000e-01
1.679687500000000000e-01
-4.785156250000000000e-01
1.679687500000000000e+00
-1.474609375000000000e-01
-6.757812500000000000e-01
-9.375000000000000000e-01
1.455078125000000000e-01
2.234375000000000000e+00
-1.460937500000000000e+00
-5.273437500000000000e-01
-1.570312500000000000e+00
1.273437500000000000e+00
-3.593750000000000000e-01
-9.804687500000000000e-01
1.007812500000000000e+00
1.812500000000000000e+00
6.406250000000000000e-01
1.591796875000000000e-01
-1.492187500000000000e+00
1.375000000000000000e+00
-2.519531250000000000e-01
-7.500000000000000000e-01
-3.105468750000000000e-01
2.609375000000000000e+00
1.601562500000000000e+00
-5.507812500000000000e-01
-3.613281250000000000e-01
-7.031250000000000000e-01
-4.000000000000000000e+00
2.578125000000000000e-01
-4.785156250000000000e-01
-1.937500000000000000e+00
8.154296875000000000e-02
-8.281250000000000000e-01
1.992187500000000000e-01
1.865234375000000000e-01
4.472656250000000000e-01
-1.054687500000000000e+00
3.784179687500000000e-02
-7.851562500000000000e-01
-3.105468750000000000e-01
8.867187500000000000e-01
1.235351562500000000e-01
-3.906250000000000000e-01
-1.343750000000000000e+00
2.140625000000000000e+00
1.689453125000000000e-01
-3.691406250000000000e-01
2.734375000000000000e-01
-6.640625000000000000e-01
1.079101562500000000e-01
1.789062500000000000e+00
0.000000000000000000e+00
4.160156250000000000e-01
5.078125000000000000e-01
-1.585937500000000000e+00
4.218750000000000000e-01
-8.085937500000000000e-01
-6.640625000000000000e-01
-1.464843750000000000e-01
1.937500000000000000e+00
-1.148437500000000000e+00
-5.976562500000000000e-01
9.257812500000000000e-01
-8.320312500000000000e-01
2.578125000000000000e+00
2.871093750000000000e-01
-2.703125000000000000e+00
-5.468750000000000000e-01
-9.375000000000000000e-01
8.242187500000000000e-01
-4.121093750000000000e-01
9.179687500000000000e-01
1.117187500000000000e+00
1.914062500000000000e+00
-1.137695312500000000e-01
-4.160156250000000000e-01
-1.000000000000000000e+00
1.898437500000000000e+00
9.531250000000000000e-01
-1.960937500000000000e+00
-5.781250000000000000e-01
-4.921875000000000000e-01
1.476562500000000000e+00
-2.734375000000000000e-02
7.695312500000000000e-01
-4.609375000000000000e-01
2.812500000000000000e+00
5.390625000000000000e-01
4.355468750000000000e-01
5.273437500000000000e-02
-5.273437500000000000e-01
9.882812500000000000e-01
2.636718750000000000e-01
-7.148437500000000000e-01
1.062500000000000000e+00
3.320312500000000000e-02
5.664062500000000000e-01
-3.652343750000000000e-01
-3.320312500000000000e-01
5.273437500000000000e-01
1.585937500000000000e+00
5.507812500000000000e-01
-1.630859375000000000e-01
-3.378906250000000000e-01
-1.429687500000000000e+00
3.300781250000000000e-01
-1.062500000000000000e+00
-1.281250000000000000e+00
-2.353515625000000000e-01
-1.250000000000000000e+00
-3.000000000000000000e+00
1.335937500000000000e+00
-3.339843750000000000e-01
-3.906250000000000000e-01
-8.593750000000000000e-02
3.750000000000000000e-01
-2.484375000000000000e+00
-1.187500000000000000e+00
-1.953125000000000000e-01
-4.062500000000000000e-01
-2.484375000000000000e+00
1.062500000000000000e+00
4.824218750000000000e-01
-5.976562500000000000e-01
1.234375000000000000e+00
-3.390625000000000000e+00
-5.742187500000000000e-01
-5.742187500000000000e-01
1.242187500000000000e+00
-9.179687500000000000e-01
-1.851562500000000000e+00
-1.789062500000000000e+00
7.568359375000000000e-02
-2.375000000000000000e+00
-2.296875000000000000e+00
-3.496093750000000000e-01
-1.845703125000000000e-01
2.792968750000000000e-01
2.171875000000000000e+00
8.007812500000000000e-01
-5.820312500000000000e-01
4.746093750000000000e-01
-1.225585937500000000e-01
-5.625000000000000000e-01
2.177734375000000000e-01
-5.976562500000000000e-01
-6.562500000000000000e-01
1.125000000000000000e+00
1.812500000000000000e+00
-3.652343750000000000e-01
-2.734375000000000000e+00
-5.117187500000000000e-01
-3.540039062500000000e-02
-1.492187500000000000e+00
-8.554687500000000000e-01
-8.789062500000000000e-02
1.982421875000000000e-01
3.457031250000000000e-01
-1.679687500000000000e-01
2.753906250000000000e-01
-9.521484375000000000e-02
-5.742187500000000000e-01
-3.046875000000000000e-01
-4.218750000000000000e-01
-5.273437500000000000e-01
-3.390625000000000000e+00
1.464843750000000000e-01
-2.578125000000000000e+00
-1.250000000000000000e-01
1.562500000000000000e+00
4.238281250000000000e-01
-3.515625000000000000e+00
-4.277343750000000000e-01
-5.078125000000000000e-01
5.742187500000000000e-01
-5.898437500000000000e-01
-4.238281250000000000e-01
5.390625000000000000e-01
-6.914062500000000000e-01
-9.179687500000000000e-01
-1.000000000000000000e+00
-9.814453125000000000e-02
9.062500000000000000e-01
3.164062500000000000e-01
-6.484375000000000000e-01
-8.632812500000000000e-01
-2.234375000000000000e+00
-8.710937500000000000e-01
-9.492187500000000000e-01
-3.750000000000000000e+00
9.179687500000000000e-01
4.902343750000000000e-01
-4.785156250000000000e-01
2.929687500000000000e-01
-3.421875000000000000e+00
3.281250000000000000e-01
-1.460937500000000000e+00
8.632812500000000000e-01
-3.062500000000000000e+00
7.275390625000000000e-02
9.687500000000000000e-01
-2.500000000000000000e+00
-1.007812500000000000e+00
-9.062500000000000000e-01
-4.550781250000000000e-01
1.070312500000000000e+00
-1.093750000000000000e+00
-3.437500000000000000e-01
-7.070312500000000000e-01
-1.147460937500000000e-01
-2.890625000000000000e-01
1.976562500000000000e+00
1.812500000000000000e+00
-3.593750000000000000e-01
-2.421875000000000000e+00
-1.914062500000000000e+00
-2.875000000000000000e+00
7.031250000000000000e-01
-1.843750000000000000e+00
1.195312500000000000e+00
-4.125000000000000000e+00
-2.968750000000000000e-01
-2.453125000000000000e+00
8.632812500000000000e-01
-3.457031250000000000e-01
-5.859375000000000000e-02
-5.039062500000000000e-01
6.054687500000000000e-01
-7.773437500000000000e-01
-1.992187500000000000e-01
-1.054687500000000000e+00
-5.507812500000000000e-01
4.375000000000000000e-01
-6.914062500000000000e-01
-1.074218750000000000e-01
4.589843750000000000e-01
-1.040039062500000000e-01
-1.414062500000000000e+00
-4.941406250000000000e-01
9.687500000000000000e-01
1.718750000000000000e+00
-1.406250000000000000e+00
-6.328125000000000000e-01
-1.176757812500000000e-01
3.339843750000000000e-01
-1.101562500000000000e+00
-1.098632812500000000e-01
-3.421875000000000000e+00
2.255859375000000000e-01
-7.773437500000000000e-01
-1.476562500000000000e+00
5.273437500000000000e-01
-6.992187500000000000e-01
1.351562500000000000e+00
1.250000000000000000e-01
-3.691406250000000000e-01
-4.375000000000000000e-01
-6.884765625000000000e-02
-8.007812500000000000e-02
-7.539062500000000000e-01
4.863281250000000000e-01
-2.236328125000000000e-01
-1.218750000000000000e+00
4.467773437500000000e-02
9.062500000000000000e-01
5.371093750000000000e-02
-4.843750000000000000e-01
1.039062500000000000e+00
-1.552734375000000000e-01
1.376953125000000000e-01
1.585937500000000000e+00
9.179687500000000000e-01
-1.554687500000000000e+00
-5.932617187500000000e-02
-9.726562500000000000e-01
9.804687500000000000e-01
8.437500000000000000e-01
-4.121093750000000000e-01
7.773437500000000000e-01
-1.845703125000000000e-01
-6.914062500000000000e-01
-1.062500000000000000e+00
-6.367187500000000000e-01
-2.773437500000000000e-01
-1.015625000000000000e-01
-1.085937500000000000e+00
1.132812500000000000e+00
-5.390625000000000000e-01
-1.289062500000000000e-01
5.541992187500000000e-02
4.003906250000000000e-01
-6.093750000000000000e-01
-7.148437500000000000e-01
1.632812500000000000e+00
-3.109375000000000000e+00
-8.242187500000000000e-01
-1.531250000000000000e+00
1.156250000000000000e+00
2.460937500000000000e-01
-1.101562500000000000e+00
-5.937500000000000000e-01
-5.429687500000000000e-01
8.320312500000000000e-01
1.960937500000000000e+00
-1.210937500000000000e+00
-1.375000000000000000e+00
2.597656250000000000e-01
-3.687500000000000000e+00
-1.781250000000000000e+00
1.953125000000000000e-02
1.281250000000000000e+00
-3.105468750000000000e-01
-2.578125000000000000e+00
-6.562500000000000000e-01
1.117187500000000000e+00
-2.812500000000000000e-01
-1.226562500000000000e+00
3.953125000000000000e+00
3.769531250000000000e-01
-1.156250000000000000e+00
1.960937500000000000e+00
-5.937500000000000000e-01
1.904296875000000000e-01
-9.687500000000000000e-01
6.289062500000000000e-01
-1.851562500000000000e+00
1.851562500000000000e+00
-2.921875000000000000e+00
7.812500000000000000e-01
-2.625000000000000000e+00
6.015625000000000000e-01
-2.250000000000000000e+00
-3.828125000000000000e+00
-2.636718750000000000e-01
6.523437500000000000e-01
-6.835937500000000000e-01
-6.445312500000000000e-01
1.468750000000000000e+00
-2.421875000000000000e+00
1.425781250000000000e-01
-2.558593750000000000e-01
1.117187500000000000e+00
1.225585937500000000e-01
-3.320312500000000000e-01
-5.351562500000000000e-01
-4.863281250000000000e-01
-1.257812500000000000e+00
-9.033203125000000000e-02
9.257812500000000000e-01
9.179687500000000000e-02
-9.414062500000000000e-01
-3.906250000000000000e-02
2.484375000000000000e+00
-3.046875000000000000e+00
