7.750000000000000000e+00
4.160156250000000000e-01
-3.953125000000000000e+00
3.703125000000000000e+00
-1.273437500000000000e+00
-2.062500000000000000e+00
1.867187500000000000e+00
2.625000000000000000e+00
-2.015625000000000000e+00
-2.265625000000000000e+00
2.671875000000000000e+00
2.265625000000000000e+00
2.765625000000000000e+00
8.281250000000000000e-01
3.109375000000000000e+00
1.679687500000000000e+00
-3.484375000000000000e+00
2.953125000000000000e+00
8.125000000000000000e+00
1.865234375000000000e-01
-1.312500000000000000e+00
8.242187500000000000e-01
-2.203125000000000000e+00
-7.929687500000000000e-01
3.328125000000000000e+00
2.328125000000000000e+00
-1.195312500000000000e+00
-1.281250000000000000e+00
1.812500000000000000e+00
-3.390625000000000000e+00
5.593750000000000000e+00
-3.796875000000000000e+00
4.375000000000000000e+00
-2.796875000000000000e+00
-2.296875000000000000e+00
-1.914062500000000000e+00
-1.593750000000000000e+00
5.981445312500000000e-02
2.015625000000000000e+00
-7.958984375000000000e-02
-1.085937500000000000e+00
5.875000000000000000e+00
2.765625000000000000e+00
-1.476562500000000000e+00
-2.875000000000000000e+00
1.015625000000000000e+00
1.539062500000000000e+00
5.585937500000000000e-01
-7.812500000000000000e-01
4.562500000000000000e+00
1.007812500000000000e+00
-2.578125000000000000e+00
-1.226562500000000000e+00
-2.328125000000000000e+00
4.593750000000000000e+00
5.750000000000000000e+00
-2.600097656250000000e-02
5.156250000000000000e+00
1.687500000000000000e+00
2.453125000000000000e+00
3.203125000000000000e-01
1.203125000000000000e+00
1.500000000000000000e+00
4.718750000000000000e+00
3.140625000000000000e+00
-1.875000000000000000e-01
5.156250000000000000e+00
-7.617187500000000000e-01
2.140625000000000000e+00
-1.132812500000000000e+00
-2.296875000000000000e+00
2.753906250000000000e-01
1.164062500000000000e+00
-3.625000000000000000e+00
4.902343750000000000e-01
-5.500000000000000000e+00
4.843750000000000000e+00
1.179687500000000000e+00
4.218750000000000000e+00
1.375000000000000000e+00
2.765625000000000000e+00
2.484375000000000000e+00
-8.007812500000000000e-01
-1.748046875000000000e-01
-3.890625000000000000e+00
-1.367187500000000000e+00
4.968750000000000000e+00
4.500000000000000000e+00
1.804687500000000000e+00
-3.296875000000000000e+00
6.484375000000000000e-01
2.671875000000000000e+00
-3.671875000000000000e+00
1.648437500000000000e+00
-2.750000000000000000e+00
-3.703125000000000000e+00
9.562500000000000000e+00
3.203125000000000000e+00
-3.953125000000000000e+00
5.507812500000000000e-01
5.500000000000000000e+00
-2.296875000000000000e+00
-3.000000000000000000e+00
1.812500000000000000e+00
5.593750000000000000e+00
4.656250000000000000e+00
-1.460937500000000000e+00
9.179687500000000000e-01
-1.078125000000000000e+00
9.726562500000000000e-01
5.906250000000000000e+00
-3.625000000000000000e+00
-4.042968750000000000e-01
6.367187500000000000e-01
-1.367187500000000000e+00
4.656250000000000000e+00
-4.656250000000000000e+00
-1.710937500000000000e+00
-1.437500000000000000e+00
-1.625000000000000000e+00
-3.875000000000000000e+00
-2.593750000000000000e+00
-1.851562500000000000e+00
2.171875000000000000e+00
5.195312500000000000e-01
2.203125000000000000e+00
3.375000000000000000e+00
6.750000000000000000e+00
3.937500000000000000e+00
6.523437500000000000e-01
-2.001953125000000000e-01
-1.601562500000000000e+00
1.992187500000000000e+00
-2.578125000000000000e+00
6.250000000000000000e+00
3.984375000000000000e-01
7.304687500000000000e-01
4.125000000000000000e+00
3.625000000000000000e+00
-3.578125000000000000e+00
3.925781250000000000e-01
-9.062500000000000000e-01
4.218750000000000000e+00
1.367187500000000000e+00
3.796875000000000000e+00
-2.578125000000000000e+00
6.093750000000000000e+00
-1.195312500000000000e+00
3.812500000000000000e+00
3.500000000000000000e+00
8.937500000000000000e+00
-1.460937500000000000e+00
-2.359375000000000000e+00
-5.156250000000000000e-01
-1.101562500000000000e+00
3.453125000000000000e+00
-1.437500000000000000e+00
6.250000000000000000e-02
-7.343750000000000000e-01
-3.171875000000000000e+00
8.750000000000000000e-01
2.828125000000000000e+00
2.515625000000000000e+00
1.554687500000000000e+00
1.437500000000000000e+00
6.000000000000000000e+00
-2.171875000000000000e+00
9.492187500000000000e-01
1.257812500000000000e+00
-3.359375000000000000e+00
1.523437500000000000e+00
1.992187500000000000e-01
5.156250000000000000e+00
4.531250000000000000e+00
4.218750000000000000e-01
4.781250000000000000e+00
1.601562500000000000e+00
2.703125000000000000e+00
-2.203125000000000000e+00
3.421875000000000000e+00
3.515625000000000000e+00
4.406250000000000000e+00
1.279296875000000000e-01
8.398437500000000000e-01
6.640625000000000000e-02
6.718750000000000000e+00
2.109375000000000000e+00
1.187500000000000000e+00
-2.015625000000000000e+00
1.375000000000000000e+00
3.171875000000000000e+00
-6.328125000000000000e-01
4.406250000000000000e+00
4.906250000000000000e+00
2.265625000000000000e+00
4.750000000000000000e+00
-8.554687500000000000e-01
4.500000000000000000e+00
-1.773437500000000000e+00
-1.000000000000000000e+00
8.945312500000000000e-01
5.531250000000000000e+00
-1.406250000000000000e+00
-3.578125000000000000e+00
1.070312500000000000e+00
5.468750000000000000e+00
-1.117187500000000000e+00
-1.726562500000000000e+00
3.734375000000000000e+00
4.156250000000000000e+00
-3.062500000000000000e+00
4.656250000000000000e+00
-2.515625000000000000e+00
8.085937500000000000e-01
-3.296875000000000000e+00
6.593750000000000000e+00
6.125000000000000000e+00
2.812500000000000000e+00
-4.468750000000000000e+00
4.406250000000000000e+00
-9.687500000000000000e-01
1.437500000000000000e+00
1.531250000000000000e+00
5.039062500000000000e-01
1.468750000000000000e+00
-3.171875000000000000e+00
1.000000000000000000e+00
-1.914062500000000000e+00
1.875000000000000000e+00
-4.785156250000000000e-01
-2.093750000000000000e+00
8.187500000000000000e+00
6.156250000000000000e+00
-1.500000000000000000e+00
3.247070312500000000e-02
-2.031250000000000000e+00
-2.015625000000000000e+00
1.648437500000000000e+00
-3.937500000000000000e+00
-2.796875000000000000e+00
3.921875000000000000e+00
7.031250000000000000e-01
-6.406250000000000000e+00
-1.101562500000000000e+00
1.015625000000000000e+00
4.238281250000000000e-01
8.740234375000000000e-02
-1.242187500000000000e+00
3.730468750000000000e-01
-1.851562500000000000e+00
1.648437500000000000e+00
-3.421875000000000000e+00
6.406250000000000000e+00
-2.250000000000000000e+00
3.250000000000000000e+00
-1.289062500000000000e+00
-3.687500000000000000e+00
-3.953125000000000000e+00
-2.453125000000000000e+00
-3.250000000000000000e+00
-4.093750000000000000e+00
1.492187500000000000e+00
-2.328125000000000000e+00
-9.882812500000000000e-01
7.695312500000000000e-01
-7.695312500000000000e-01
-3.171875000000000000e+00
8.554687500000000000e-01
1.992187500000000000e+00
-1.351562500000000000e+00
5.468750000000000000e-01
7.812500000000000000e-02
-3.296875000000000000e+00
2.890625000000000000e+00
2.910156250000000000e-01
2.328125000000000000e+00
5.125000000000000000e+00
5.750000000000000000e+00
2.859375000000000000e+00
3.796875000000000000e+00
3.109375000000000000e+00
-1.375000000000000000e+00
3.171875000000000000e+00
-1.226562500000000000e+00
1.812500000000000000e+00
3.906250000000000000e-03
2.578125000000000000e+00
2.046875000000000000e+00
-5.273437500000000000e-01
-3.390625000000000000e+00
1.648437500000000000e+00
2.265625000000000000e+00
-1.351562500000000000e+00
9.023437500000000000e-01
-2.562500000000000000e+00
3.796875000000000000e+00
3.421875000000000000e+00
5.585937500000000000e-01
4.156250000000000000e+00
1.242187500000000000e+00
6.093750000000000000e-01
-6.992187500000000000e-01
7.000000000000000000e+00
5.093750000000000000e+00
2.921875000000000000e+00
2.031250000000000000e+00
-7.812500000000000000e-01
4.656250000000000000e+00
4.907226562500000000e-02
1.312500000000000000e+00
2.953125000000000000e+00
3.964843750000000000e-01
2.675781250000000000e-01
3.859375000000000000e+00
1.757812500000000000e+00
-3.421875000000000000e+00
-2.750000000000000000e+00
4.718750000000000000e+00
2.703125000000000000e+00
-2.000000000000000000e+00
-4.468750000000000000e+00
3.312500000000000000e+00
3.437500000000000000e+00
1.250000000000000000e+00
-2.871093750000000000e-01
-3.546875000000000000e+00
1.040039062500000000e-01
9.843750000000000000e-01
1.117187500000000000e+00
-4.156250000000000000e+00
1.476562500000000000e+00
2.578125000000000000e+00
2.328125000000000000e+00
1.171875000000000000e+00
-3.640625000000000000e+00
-6.992187500000000000e-01
7.500000000000000000e-01
5.187500000000000000e+00
2.312500000000000000e+00
-1.210937500000000000e+00
-2.421875000000000000e+00
3.296875000000000000e+00
3.984375000000000000e+00
3.328125000000000000e+00
-1.054687500000000000e+00
5.906250000000000000e+00
-2.046875000000000000e+00
-1.687500000000000000e+00
-1.679687500000000000e+00
1.937500000000000000e+00
-2.359375000000000000e+00
3.390625000000000000e+00
-1.414062500000000000e+00
4.906250000000000000e+00
-7.773437500000000000e-01
2.875000000000000000e+00
-2.953125000000000000e+00
1.289062500000000000e+00
-1.601562500000000000e+00
-1.789062500000000000e+00
-4.785156250000000000e-01
7.031250000000000000e-01
4.277343750000000000e-01
4.406250000000000000e+00
1.585937500000000000e+00
9.570312500000000000e-01
1.812500000000000000e+00
-1.695312500000000000e+00
-4.500000000000000000e+00
4.156250000000000000e+00
3.703125000000000000e+00
-1.625000000000000000e+00
2.750000000000000000e+00
7.093750000000000000e+00
-1.226562500000000000e+00
2.625000000000000000e+00
-9.257812500000000000e-01
1.664062500000000000e+00
-1.195312500000000000e+00
-3.261718750000000000e-01
-4.218750000000000000e+00
3.953125000000000000e+00
-1.062500000000000000e+00
5.093750000000000000e+00
