1.075000000000000000e+02
-6.031250000000000000e+00
-1.518750000000000000e+01
2.962500000000000000e+01
-5.500000000000000000e+00
-1.093750000000000000e+01
1.293750000000000000e+01
2.087500000000000000e+01
-9.000000000000000000e+00
-5.375000000000000000e+00
1.687500000000000000e+01
6.906250000000000000e+00
4.375000000000000000e+00
4.625000000000000000e+00
2.712500000000000000e+01
1.637500000000000000e+01
-2.137500000000000000e+01
1.987500000000000000e+01
9.350000000000000000e+01
8.632812500000000000e-01
-8.500000000000000000e+00
-4.687500000000000000e+00
6.550000000000000000e+01
-6.843750000000000000e+00
2.362500000000000000e+01
2.262500000000000000e+01
5.800000000000000000e+01
-4.718750000000000000e+00
4.218750000000000000e+00
-1.662500000000000000e+01
5.275000000000000000e+01
-2.500000000000000000e+01
3.162500000000000000e+01
-1.612500000000000000e+01
-1.875000000000000000e+00
-7.000000000000000000e+00
-4.968750000000000000e+00
2.421875000000000000e+00
2.337500000000000000e+01
-1.281250000000000000e+01
-8.437500000000000000e+00
4.800000000000000000e+01
6.500000000000000000e+00
-1.418750000000000000e+01
-4.281250000000000000e+00
5.500000000000000000e+00
4.656250000000000000e+00
-1.281250000000000000e+01
-5.906250000000000000e+00
5.275000000000000000e+01
-5.981445312500000000e-02
-3.046875000000000000e+00
-1.175000000000000000e+01
-1.393750000000000000e+01
3.425000000000000000e+01
7.000000000000000000e+01
-2.112500000000000000e+01
1.005000000000000000e+02
2.562500000000000000e+00
1.787500000000000000e+01
-6.156250000000000000e+00
3.328125000000000000e+00
3.734375000000000000e+00
3.100000000000000000e+01
8.062500000000000000e+00
-1.293750000000000000e+01
4.725000000000000000e+01
-8.812500000000000000e+00
-2.359375000000000000e+00
-2.137500000000000000e+01
-1.367187500000000000e+00
-3.875000000000000000e+00
1.539062500000000000e+00
-2.550000000000000000e+01
-1.325000000000000000e+01
-2.700000000000000000e+01
2.937500000000000000e+01
4.906250000000000000e+00
2.637500000000000000e+01
4.468750000000000000e+00
4.625000000000000000e+00
2.262500000000000000e+01
-9.187500000000000000e+00
-6.218750000000000000e+00
-2.162500000000000000e+01
-6.343750000000000000e+00
7.550000000000000000e+01
4.225000000000000000e+01
1.750000000000000000e+01
-2.390625000000000000e+00
-3.875000000000000000e+00
-7.125000000000000000e+00
-2.637500000000000000e+01
1.593750000000000000e+00
-1.962500000000000000e+01
-1.168750000000000000e+01
1.120000000000000000e+02
2.537500000000000000e+01
-2.859375000000000000e+00
-1.750000000000000000e+00
6.600000000000000000e+01
-3.703125000000000000e+00
-1.350000000000000000e+01
1.781250000000000000e+00
5.875000000000000000e+01
3.325000000000000000e+01
-3.250000000000000000e+00
-4.418945312500000000e-02
-3.437500000000000000e+00
-2.296875000000000000e+00
5.000000000000000000e+01
-1.375000000000000000e+01
-7.156250000000000000e+00
-6.343750000000000000e+00
-4.062500000000000000e+00
2.450000000000000000e+01
-4.800000000000000000e+01
-1.081250000000000000e+01
-5.125000000000000000e+00
-3.375000000000000000e+00
-1.331250000000000000e+01
-1.468750000000000000e+00
-1.218750000000000000e+01
1.862500000000000000e+01
-3.234375000000000000e+00
2.962500000000000000e+01
1.500000000000000000e+01
6.550000000000000000e+01
3.087500000000000000e+01
-4.000000000000000000e+00
-5.781250000000000000e+00
-2.750000000000000000e+01
1.306250000000000000e+01
-1.093750000000000000e+01
8.600000000000000000e+01
-9.250000000000000000e+00
-2.390625000000000000e+00
4.775000000000000000e+01
1.550000000000000000e+01
-1.350000000000000000e+01
2.390625000000000000e+00
-1.300000000000000000e+01
3.100000000000000000e+01
1.343750000000000000e+01
2.462500000000000000e+01
-8.062500000000000000e+00
7.550000000000000000e+01
-1.612500000000000000e+01
3.500000000000000000e+01
2.787500000000000000e+01
1.020000000000000000e+02
-9.750000000000000000e+00
-8.312500000000000000e+00
1.081250000000000000e+01
-5.500000000000000000e+00
7.000000000000000000e+01
-1.331250000000000000e+01
-3.015625000000000000e+00
-4.125000000000000000e+00
-1.018750000000000000e+01
1.507812500000000000e+00
2.962500000000000000e+01
1.812500000000000000e+01
6.075000000000000000e+01
1.562500000000000000e+00
5.325000000000000000e+01
-4.656250000000000000e+00
1.539062500000000000e+00
6.992187500000000000e-01
-1.331250000000000000e+01
5.500000000000000000e+00
-7.070312500000000000e-01
3.300000000000000000e+01
3.925000000000000000e+01
-7.281250000000000000e+00
3.225000000000000000e+01
3.812500000000000000e+00
1.150000000000000000e+01
-6.656250000000000000e+00
2.700000000000000000e+01
5.800000000000000000e+01
3.600000000000000000e+01
-1.862500000000000000e+01
-3.046875000000000000e+00
-1.900000000000000000e+01
6.300000000000000000e+01
9.812500000000000000e+00
9.375000000000000000e-01
-7.156250000000000000e+00
6.406250000000000000e+00
2.437500000000000000e+01
-6.531250000000000000e+00
4.175000000000000000e+01
3.137500000000000000e+01
1.468750000000000000e+01
8.250000000000000000e+01
-4.843750000000000000e-01
9.450000000000000000e+01
-4.031250000000000000e+00
-3.125000000000000000e+00
1.804687500000000000e+00
7.450000000000000000e+01
-4.937500000000000000e+00
-1.318750000000000000e+01
2.421875000000000000e+00
5.525000000000000000e+01
-2.850000000000000000e+01
-1.043750000000000000e+01
2.887500000000000000e+01
3.875000000000000000e+01
-7.500000000000000000e+00
3.975000000000000000e+01
-5.750000000000000000e+00
4.343750000000000000e+00
-7.250000000000000000e+00
5.975000000000000000e+01
6.450000000000000000e+01
1.900000000000000000e+01
-3.850000000000000000e+01
9.750000000000000000e+01
-2.140625000000000000e+00
2.343750000000000000e+00
7.593750000000000000e+00
-2.156250000000000000e+00
7.150000000000000000e+01
-1.168750000000000000e+01
-4.628906250000000000e-01
-4.187500000000000000e+00
4.800000000000000000e+01
-1.335937500000000000e+00
-7.843750000000000000e+00
9.050000000000000000e+01
8.800000000000000000e+01
-1.335937500000000000e+00
-1.320312500000000000e+00
-2.859375000000000000e+00
-1.550000000000000000e+01
1.281250000000000000e+01
-1.593750000000000000e+01
-2.250000000000000000e+00
1.762500000000000000e+01
-3.375000000000000000e+00
-4.825000000000000000e+01
-1.523437500000000000e+00
-2.437500000000000000e+00
5.737304687500000000e-02
3.328125000000000000e+00
-2.812500000000000000e+00
8.242187500000000000e-01
-4.750000000000000000e+00
9.450000000000000000e+01
-1.300000000000000000e+01
9.250000000000000000e+01
-4.687500000000000000e+00
1.762500000000000000e+01
-1.687500000000000000e+00
-1.356250000000000000e+01
-2.187500000000000000e+01
-1.300000000000000000e+01
-1.800000000000000000e+01
-2.200000000000000000e+01
-1.687500000000000000e+01
-4.031250000000000000e+00
-7.906250000000000000e+00
-1.037500000000000000e+01
-1.343750000000000000e+00
-1.800000000000000000e+01
-3.339843750000000000e-01
3.187500000000000000e+00
-4.031250000000000000e+00
-3.921875000000000000e+00
-6.757812500000000000e-01
-1.056250000000000000e+01
2.062500000000000000e+01
-3.578125000000000000e+00
5.475000000000000000e+01
3.875000000000000000e+01
9.050000000000000000e+01
1.837500000000000000e+01
4.325000000000000000e+01
2.900000000000000000e+01
-2.828125000000000000e+00
-1.418750000000000000e+01
-2.515625000000000000e+00
-5.875000000000000000e+00
2.087402343750000000e-02
2.600000000000000000e+01
1.468750000000000000e+01
-2.625000000000000000e+00
-1.200000000000000000e+01
2.812500000000000000e+00
1.600000000000000000e+01
-9.437500000000000000e+00
-5.593750000000000000e+00
-6.593750000000000000e+00
1.850000000000000000e+01
3.187500000000000000e+01
-1.381250000000000000e+01
2.937500000000000000e+01
6.445312500000000000e-01
-1.435546875000000000e-01
-1.218750000000000000e+01
7.750000000000000000e+01
3.575000000000000000e+01
2.950000000000000000e+01
9.250000000000000000e+00
-1.007812500000000000e+00
7.750000000000000000e+01
-2.203125000000000000e+00
-3.296875000000000000e+00
2.662500000000000000e+01
-7.968750000000000000e+00
-1.025000000000000000e+01
3.162500000000000000e+01
1.150000000000000000e+01
-1.787500000000000000e+01
-3.984375000000000000e+00
4.600000000000000000e+01
2.637500000000000000e+01
-5.750000000000000000e+00
-1.118750000000000000e+01
3.225000000000000000e+01
2.462500000000000000e+01
1.226562500000000000e+00
4.525000000000000000e+01
-1.381250000000000000e+01
2.546875000000000000e+00
-1.081250000000000000e+01
2.921875000000000000e+00
-1.737500000000000000e+01
7.593750000000000000e+00
9.687500000000000000e+00
1.350000000000000000e+01
3.652343750000000000e-01
-1.331250000000000000e+01
7.350000000000000000e+01
-2.468750000000000000e+00
9.450000000000000000e+01
2.250000000000000000e+01
-1.356250000000000000e+01
-2.328125000000000000e+00
2.550000000000000000e+01
2.000000000000000000e+01
3.062500000000000000e+01
-4.312500000000000000e+00
4.275000000000000000e+01
-1.231250000000000000e+01
-2.437500000000000000e+01
-5.156250000000000000e+00
1.612500000000000000e+01
-7.843750000000000000e+00
3.600000000000000000e+01
-1.293750000000000000e+01
5.600000000000000000e+01
-1.093750000000000000e+01
3.275000000000000000e+01
-2.337500000000000000e+01
4.600000000000000000e+01
-1.450000000000000000e+01
6.275000000000000000e+01
-4.656250000000000000e+00
-8.906250000000000000e-01
6.275000000000000000e+01
4.175000000000000000e+01
4.343750000000000000e+00
-5.406250000000000000e+00
3.000000000000000000e+01
-2.593750000000000000e+00
-2.037500000000000000e+01
2.662500000000000000e+01
4.000000000000000000e+01
-6.218750000000000000e+00
1.450000000000000000e+01
7.200000000000000000e+01
-1.231250000000000000e+01
2.100000000000000000e+01
-1.787500000000000000e+01
7.500000000000000000e+00
-1.101562500000000000e+00
-1.757812500000000000e+00
-1.862500000000000000e+01
3.062500000000000000e+01
-1.612500000000000000e+01
7.350000000000000000e+01
