2.406250000000000000e+00
-3.393554687500000000e-02
-2.359375000000000000e+00
2.375000000000000000e+00
-8.789062500000000000e-01
1.070312500000000000e+00
1.929687500000000000e+00
1.726562500000000000e+00
-1.531250000000000000e+00
-1.695312500000000000e+00
2.250000000000000000e+00
1.750000000000000000e+00
2.546875000000000000e+00
8.085937500000000000e-01
2.171875000000000000e+00
1.414062500000000000e+00
-1.906250000000000000e+00
1.789062500000000000e+00
3.296875000000000000e+00
-1.085937500000000000e+00
-7.500000000000000000e-01
2.421875000000000000e+00
-4.656250000000000000e+00
-1.210937500000000000e+00
2.015625000000000000e+00
1.468750000000000000e+00
-2.750000000000000000e+00
-1.289062500000000000e+00
2.753906250000000000e-01
-2.000000000000000000e+00
3.296875000000000000e+00
5.664062500000000000e-01
2.671875000000000000e+00
-1.117187500000000000e+00
-2.558593750000000000e-01
-2.109375000000000000e+00
7.304687500000000000e-01
-3.247070312500000000e-02
7.929687500000000000e-01
-1.664062500000000000e+00
-1.039062500000000000e+00
3.703125000000000000e+00
1.773437500000000000e+00
-9.062500000000000000e-01
-2.078125000000000000e+00
1.851562500000000000e+00
1.351562500000000000e+00
-8.447265625000000000e-02
1.148437500000000000e+00
2.421875000000000000e+00
-3.906250000000000000e-01
-1.820312500000000000e+00
1.601562500000000000e+00
-1.867187500000000000e+00
2.562500000000000000e+00
2.437500000000000000e+00
-1.148437500000000000e+00
-3.027343750000000000e-01
5.351562500000000000e-01
1.656250000000000000e+00
-1.234375000000000000e+00
1.625000000000000000e+00
5.493164062500000000e-02
3.421875000000000000e+00
2.703125000000000000e+00
-4.843750000000000000e-01
2.796875000000000000e+00
-1.318359375000000000e-01
2.539062500000000000e-02
1.164062500000000000e+00
-2.171875000000000000e+00
2.000000000000000000e+00
1.826171875000000000e-01
-2.015625000000000000e+00
2.062500000000000000e+00
-9.335937500000000000e-01
3.671875000000000000e+00
1.851562500000000000e+00
3.234375000000000000e+00
3.437500000000000000e-01
3.062500000000000000e+00
1.851562500000000000e+00
-1.398437500000000000e+00
-1.164062500000000000e+00
-2.937500000000000000e+00
1.414062500000000000e+00
2.000000000000000000e+00
2.703125000000000000e+00
1.414062500000000000e+00
-2.734375000000000000e+00
-7.773437500000000000e-01
1.562500000000000000e+00
-2.859375000000000000e+00
3.515625000000000000e-02
1.435546875000000000e-01
-1.898437500000000000e+00
4.500000000000000000e+00
2.031250000000000000e+00
-8.125000000000000000e-01
1.382812500000000000e+00
2.703125000000000000e+00
-2.171875000000000000e+00
-2.109375000000000000e+00
1.968750000000000000e+00
3.484375000000000000e+00
3.265625000000000000e+00
-6.787109375000000000e-02
1.906250000000000000e+00
-1.406250000000000000e+00
-4.472656250000000000e-01
3.828125000000000000e+00
-9.062500000000000000e-01
1.304687500000000000e+00
-1.031250000000000000e+00
-1.398437500000000000e+00
3.562500000000000000e+00
2.080078125000000000e-01
-1.335937500000000000e+00
-1.710937500000000000e+00
-7.929687500000000000e-01
-1.656250000000000000e+00
-1.625000000000000000e+00
-6.718750000000000000e-01
2.390625000000000000e+00
1.757812500000000000e+00
1.523437500000000000e+00
2.640625000000000000e+00
3.921875000000000000e+00
2.640625000000000000e+00
1.375000000000000000e+00
1.851562500000000000e+00
9.531250000000000000e-01
1.648437500000000000e+00
-1.625000000000000000e+00
-4.218750000000000000e-01
-8.789062500000000000e-01
-1.318359375000000000e-01
2.609375000000000000e+00
2.625000000000000000e+00
-1.914062500000000000e+00
-5.937500000000000000e-01
1.789062500000000000e+00
3.265625000000000000e+00
1.398437500000000000e+00
2.812500000000000000e+00
-1.507812500000000000e+00
2.859375000000000000e+00
-1.445312500000000000e+00
2.703125000000000000e+00
3.000000000000000000e+00
2.765625000000000000e+00
-9.179687500000000000e-01
-1.382812500000000000e+00
3.183593750000000000e-01
-1.562500000000000000e+00
-5.429687500000000000e-01
-1.312500000000000000e+00
-8.750000000000000000e-01
-2.734375000000000000e-02
-1.007812500000000000e+00
-5.546875000000000000e-01
-1.757812500000000000e-01
1.406250000000000000e+00
-1.945312500000000000e+00
2.526855468750000000e-02
3.562500000000000000e+00
-1.687500000000000000e+00
-1.767578125000000000e-01
2.171875000000000000e+00
-2.015625000000000000e+00
1.656250000000000000e+00
-1.476562500000000000e+00
3.671875000000000000e+00
2.828125000000000000e+00
-3.496093750000000000e-01
3.125000000000000000e+00
-3.585815429687500000e-03
2.875000000000000000e+00
9.414062500000000000e-01
2.390625000000000000e+00
1.070312500000000000e+00
2.890625000000000000e+00
-3.613281250000000000e-01
-6.718750000000000000e-01
5.585937500000000000e-01
4.031250000000000000e+00
2.015625000000000000e+00
8.085937500000000000e-01
-5.781250000000000000e-01
1.320312500000000000e+00
2.578125000000000000e+00
-1.023437500000000000e+00
2.500000000000000000e+00
3.484375000000000000e+00
1.851562500000000000e+00
8.398437500000000000e-01
1.923828125000000000e-01
2.001953125000000000e-01
-1.351562500000000000e+00
-1.039062500000000000e+00
9.804687500000000000e-01
1.664062500000000000e+00
-2.597656250000000000e-01
-6.445312500000000000e-01
1.196289062500000000e-01
2.796875000000000000e+00
-7.617187500000000000e-01
-1.812500000000000000e+00
2.453125000000000000e+00
2.265625000000000000e+00
-1.273437500000000000e+00
2.390625000000000000e+00
-1.742187500000000000e+00
1.898437500000000000e+00
-7.343750000000000000e-01
4.093750000000000000e+00
2.296875000000000000e+00
2.359375000000000000e+00
2.600097656250000000e-02
3.417968750000000000e-01
-1.234375000000000000e+00
1.533203125000000000e-01
1.335937500000000000e+00
-2.080078125000000000e-01
-2.109375000000000000e+00
-1.851562500000000000e+00
-8.242187500000000000e-01
-2.078125000000000000e+00
-4.316406250000000000e-01
2.062500000000000000e+00
-1.101562500000000000e+00
3.250000000000000000e+00
1.632812500000000000e+00
3.437500000000000000e-01
-2.001953125000000000e-01
-1.570312500000000000e+00
-4.941406250000000000e-01
2.140625000000000000e+00
-2.359375000000000000e+00
-1.164062500000000000e+00
3.078125000000000000e+00
6.367187500000000000e-01
-6.093750000000000000e-01
4.472656250000000000e-01
-1.992187500000000000e-01
-9.804687500000000000e-01
-4.707031250000000000e-01
-7.656250000000000000e-01
-1.000000000000000000e+00
-1.773437500000000000e+00
-1.914062500000000000e+00
-1.625000000000000000e+00
2.890625000000000000e+00
-1.554687500000000000e+00
2.484375000000000000e+00
1.726562500000000000e+00
-1.882812500000000000e+00
-2.203125000000000000e+00
-5.351562500000000000e-01
-9.023437500000000000e-01
-1.523437500000000000e+00
-8.437500000000000000e-01
-1.460937500000000000e+00
-3.906250000000000000e-02
1.312500000000000000e+00
4.746093750000000000e-01
-1.218750000000000000e+00
-8.554687500000000000e-01
4.730224609375000000e-03
-1.437500000000000000e+00
-1.875000000000000000e+00
-5.312500000000000000e-01
-1.078125000000000000e+00
1.976562500000000000e+00
-7.617187500000000000e-01
-9.726562500000000000e-01
2.875000000000000000e+00
1.195312500000000000e+00
2.328125000000000000e+00
2.500000000000000000e+00
2.015625000000000000e+00
-1.375000000000000000e+00
-3.250122070312500000e-03
-1.070312500000000000e+00
4.296875000000000000e-01
-8.398437500000000000e-01
1.117187500000000000e+00
1.914062500000000000e+00
-9.648437500000000000e-01
-1.375000000000000000e+00
1.812500000000000000e+00
2.171875000000000000e+00
-2.625000000000000000e+00
1.125000000000000000e+00
-1.562500000000000000e+00
2.687500000000000000e+00
1.992187500000000000e+00
-3.417968750000000000e-01
2.187500000000000000e+00
5.820312500000000000e-01
1.460937500000000000e+00
7.812500000000000000e-01
3.687500000000000000e+00
3.265625000000000000e+00
1.750000000000000000e+00
2.765625000000000000e+00
-1.335937500000000000e+00
1.398437500000000000e+00
8.437500000000000000e-01
-1.630859375000000000e-01
1.695312500000000000e+00
-6.210937500000000000e-01
1.695312500000000000e+00
2.515625000000000000e+00
1.773437500000000000e+00
-1.843750000000000000e+00
-1.851562500000000000e+00
2.359375000000000000e+00
1.804687500000000000e+00
-1.757812500000000000e+00
-2.312500000000000000e+00
2.015625000000000000e+00
3.015625000000000000e+00
1.773437500000000000e+00
-2.593750000000000000e+00
-1.273437500000000000e+00
-2.392578125000000000e-01
2.070312500000000000e-01
1.445312500000000000e+00
-2.109375000000000000e+00
1.203125000000000000e+00
2.093750000000000000e+00
2.515625000000000000e+00
2.265625000000000000e+00
-2.703125000000000000e+00
-3.359375000000000000e+00
-2.158203125000000000e-01
3.183593750000000000e-01
-5.273437500000000000e-01
3.881835937500000000e-02
-1.937500000000000000e+00
2.875000000000000000e+00
2.109375000000000000e+00
1.851562500000000000e+00
-1.382812500000000000e+00
3.671875000000000000e+00
-1.916503906250000000e-02
2.015625000000000000e+00
-1.601562500000000000e+00
-9.570312500000000000e-01
-1.789062500000000000e+00
1.929687500000000000e+00
1.040039062500000000e-01
2.750000000000000000e+00
-5.820312500000000000e-01
-1.562500000000000000e-01
6.250000000000000000e-01
-1.007812500000000000e+00
-1.023437500000000000e+00
-4.250000000000000000e+00
-8.007812500000000000e-01
-1.226562500000000000e+00
-2.625000000000000000e+00
2.593750000000000000e+00
1.851562500000000000e+00
-5.585937500000000000e-01
1.375000000000000000e+00
-1.781250000000000000e+00
-2.656250000000000000e+00
2.750000000000000000e+00
2.265625000000000000e+00
-1.281250000000000000e+00
2.312500000000000000e+00
3.953125000000000000e+00
-7.470703125000000000e-02
2.140625000000000000e+00
-8.945312500000000000e-01
1.351562500000000000e+00
-1.250000000000000000e-01
-8.164062500000000000e-01
-1.898437500000000000e+00
2.453125000000000000e+00
4.218750000000000000e-01
1.429687500000000000e+00
