5.093750000000000000e+00
5.781250000000000000e-01
-3.265625000000000000e+00
2.812500000000000000e+00
-1.117187500000000000e+00
-1.054687500000000000e+00
1.414062500000000000e+00
2.046875000000000000e+00
-1.210937500000000000e+00
-2.015625000000000000e+00
1.937500000000000000e+00
1.500000000000000000e+00
2.375000000000000000e+00
4.843750000000000000e-01
2.296875000000000000e+00
1.226562500000000000e+00
-2.796875000000000000e+00
2.078125000000000000e+00
5.625000000000000000e+00
-1.513671875000000000e-01
-1.367187500000000000e+00
1.062500000000000000e+00
-3.296875000000000000e+00
-8.945312500000000000e-01
2.296875000000000000e+00
1.585937500000000000e+00
-2.062500000000000000e+00
-1.687500000000000000e+00
1.062500000000000000e+00
-2.609375000000000000e+00
4.093750000000000000e+00
-2.625000000000000000e+00
3.062500000000000000e+00
-2.156250000000000000e+00
-1.648437500000000000e+00
-1.726562500000000000e+00
-7.148437500000000000e-01
-1.093750000000000000e-01
1.476562500000000000e+00
-3.222656250000000000e-01
-1.414062500000000000e+00
4.343750000000000000e+00
1.945312500000000000e+00
-8.554687500000000000e-01
-2.796875000000000000e+00
9.257812500000000000e-01
1.195312500000000000e+00
2.871093750000000000e-01
-3.906250000000000000e-01
3.312500000000000000e+00
6.093750000000000000e-01
-2.156250000000000000e+00
-2.949218750000000000e-01
-1.664062500000000000e+00
3.187500000000000000e+00
4.093750000000000000e+00
7.421875000000000000e-02
2.875000000000000000e+00
1.023437500000000000e+00
1.625000000000000000e+00
3.750000000000000000e-01
1.093750000000000000e+00
7.929687500000000000e-01
3.796875000000000000e+00
2.625000000000000000e+00
-2.578125000000000000e-01
3.703125000000000000e+00
-2.187500000000000000e-01
1.367187500000000000e+00
-9.062500000000000000e-01
-1.898437500000000000e+00
2.236328125000000000e-01
7.148437500000000000e-01
-2.640625000000000000e+00
5.781250000000000000e-01
-4.000000000000000000e+00
3.750000000000000000e+00
1.179687500000000000e+00
3.328125000000000000e+00
5.898437500000000000e-01
2.468750000000000000e+00
1.750000000000000000e+00
-5.273437500000000000e-01
-4.511718750000000000e-01
-3.328125000000000000e+00
-1.070312500000000000e+00
3.203125000000000000e+00
3.328125000000000000e+00
1.406250000000000000e+00
-3.125000000000000000e+00
3.105468750000000000e-01
2.046875000000000000e+00
-2.625000000000000000e+00
8.398437500000000000e-01
-1.875000000000000000e+00
-2.765625000000000000e+00
6.500000000000000000e+00
2.296875000000000000e+00
-3.296875000000000000e+00
7.500000000000000000e-01
3.890625000000000000e+00
-2.515625000000000000e+00
-2.640625000000000000e+00
1.710937500000000000e+00
4.093750000000000000e+00
3.453125000000000000e+00
-8.242187500000000000e-01
1.210937500000000000e+00
-1.375000000000000000e+00
5.937500000000000000e-01
4.500000000000000000e+00
-2.953125000000000000e+00
2.236328125000000000e-01
8.945312500000000000e-01
-1.132812500000000000e+00
3.578125000000000000e+00
-2.953125000000000000e+00
-1.070312500000000000e+00
-1.679687500000000000e+00
-9.843750000000000000e-01
-2.703125000000000000e+00
-2.484375000000000000e+00
-1.914062500000000000e+00
1.718750000000000000e+00
6.484375000000000000e-01
1.695312500000000000e+00
2.687500000000000000e+00
4.968750000000000000e+00
3.062500000000000000e+00
5.781250000000000000e-01
3.378906250000000000e-01
-1.007812500000000000e+00
1.523437500000000000e+00
-2.359375000000000000e+00
3.953125000000000000e+00
1.054687500000000000e-01
4.511718750000000000e-01
2.875000000000000000e+00
2.796875000000000000e+00
-2.187500000000000000e+00
-3.906250000000000000e-01
-3.964843750000000000e-01
3.062500000000000000e+00
1.023437500000000000e+00
2.953125000000000000e+00
-2.203125000000000000e+00
4.281250000000000000e+00
-1.226562500000000000e+00
2.921875000000000000e+00
2.703125000000000000e+00
6.125000000000000000e+00
-1.375000000000000000e+00
-1.960937500000000000e+00
-4.746093750000000000e-01
-1.460937500000000000e+00
1.687500000000000000e+00
-1.000000000000000000e+00
6.884765625000000000e-02
-6.523437500000000000e-01
-2.625000000000000000e+00
9.326171875000000000e-02
1.976562500000000000e+00
1.648437500000000000e+00
2.031250000000000000e-01
7.773437500000000000e-01
4.406250000000000000e+00
-1.625000000000000000e+00
5.195312500000000000e-01
1.328125000000000000e+00
-2.390625000000000000e+00
1.093750000000000000e+00
2.890625000000000000e-01
3.921875000000000000e+00
3.328125000000000000e+00
-4.418945312500000000e-02
3.578125000000000000e+00
7.304687500000000000e-01
2.265625000000000000e+00
-1.757812500000000000e+00
2.562500000000000000e+00
2.203125000000000000e+00
3.312500000000000000e+00
-1.796875000000000000e-01
3.027343750000000000e-01
1.962890625000000000e-01
4.781250000000000000e+00
1.687500000000000000e+00
8.320312500000000000e-01
-1.078125000000000000e+00
1.023437500000000000e+00
2.562500000000000000e+00
-5.937500000000000000e-01
3.328125000000000000e+00
3.703125000000000000e+00
1.554687500000000000e+00
2.828125000000000000e+00
-4.003906250000000000e-01
2.296875000000000000e+00
-1.531250000000000000e+00
-1.132812500000000000e+00
7.812500000000000000e-01
3.546875000000000000e+00
-9.414062500000000000e-01
-2.921875000000000000e+00
2.675781250000000000e-01
3.937500000000000000e+00
-7.031250000000000000e-01
-1.648437500000000000e+00
2.703125000000000000e+00
3.000000000000000000e+00
-2.500000000000000000e+00
3.375000000000000000e+00
-2.187500000000000000e+00
8.789062500000000000e-01
-2.656250000000000000e+00
4.843750000000000000e+00
4.187500000000000000e+00
2.125000000000000000e+00
-3.453125000000000000e+00
2.234375000000000000e+00
-7.695312500000000000e-01
6.289062500000000000e-01
1.226562500000000000e+00
1.289062500000000000e-01
4.174804687500000000e-02
-2.515625000000000000e+00
3.457031250000000000e-01
-2.609375000000000000e+00
8.750000000000000000e-01
-2.041015625000000000e-01
-1.843750000000000000e+00
5.750000000000000000e+00
3.937500000000000000e+00
-8.945312500000000000e-01
2.392578125000000000e-01
-2.171875000000000000e+00
-1.015625000000000000e+00
1.414062500000000000e+00
-2.828125000000000000e+00
-2.296875000000000000e+00
3.125000000000000000e+00
5.273437500000000000e-01
-5.031250000000000000e+00
-1.039062500000000000e+00
2.373046875000000000e-01
2.014160156250000000e-02
-5.625000000000000000e-01
-1.273437500000000000e+00
-1.748046875000000000e-01
-2.171875000000000000e+00
-1.040039062500000000e-01
-2.671875000000000000e+00
4.156250000000000000e+00
-1.843750000000000000e+00
2.625000000000000000e+00
-8.554687500000000000e-01
-2.937500000000000000e+00
-3.078125000000000000e+00
-1.625000000000000000e+00
-2.500000000000000000e+00
-2.953125000000000000e+00
1.304687500000000000e+00
-1.875000000000000000e+00
-8.125000000000000000e-01
8.437500000000000000e-01
-2.949218750000000000e-01
-2.421875000000000000e+00
2.792968750000000000e-01
1.164062500000000000e+00
-1.656250000000000000e+00
-7.500000000000000000e-01
-1.513671875000000000e-01
-2.640625000000000000e+00
2.062500000000000000e+00
1.601562500000000000e-01
8.320312500000000000e-01
3.828125000000000000e+00
3.546875000000000000e+00
2.125000000000000000e+00
2.796875000000000000e+00
2.203125000000000000e+00
-1.835937500000000000e+00
2.453125000000000000e+00
-9.687500000000000000e-01
1.257812500000000000e+00
-1.748046875000000000e-01
1.914062500000000000e+00
1.664062500000000000e+00
-2.226562500000000000e-01
-2.765625000000000000e+00
1.593750000000000000e+00
1.882812500000000000e+00
-1.054687500000000000e+00
7.773437500000000000e-01
-2.078125000000000000e+00
2.812500000000000000e+00
2.546875000000000000e+00
1.611328125000000000e-01
2.953125000000000000e+00
6.171875000000000000e-01
8.593750000000000000e-01
-2.636718750000000000e-01
4.968750000000000000e+00
3.687500000000000000e+00
2.109375000000000000e+00
1.585937500000000000e+00
-7.460937500000000000e-01
3.000000000000000000e+00
4.394531250000000000e-01
1.195312500000000000e+00
2.046875000000000000e+00
-4.296875000000000000e-01
4.316406250000000000e-01
2.703125000000000000e+00
1.273437500000000000e+00
-2.750000000000000000e+00
-2.546875000000000000e+00
3.250000000000000000e+00
2.062500000000000000e+00
-1.812500000000000000e+00
-3.421875000000000000e+00
2.484375000000000000e+00
2.625000000000000000e+00
1.289062500000000000e+00
-1.210937500000000000e+00
-2.859375000000000000e+00
-3.027343750000000000e-01
3.378906250000000000e-01
8.867187500000000000e-01
-3.171875000000000000e+00
1.000000000000000000e+00
1.968750000000000000e+00
1.945312500000000000e+00
1.257812500000000000e+00
-2.921875000000000000e+00
-1.835937500000000000e+00
-8.349609375000000000e-02
2.937500000000000000e+00
1.195312500000000000e+00
-3.359375000000000000e-01
-2.109375000000000000e+00
2.531250000000000000e+00
3.171875000000000000e+00
2.406250000000000000e+00
-9.843750000000000000e-01
4.406250000000000000e+00
-1.781250000000000000e+00
-5.000000000000000000e-01
-1.789062500000000000e+00
1.187500000000000000e+00
-2.015625000000000000e+00
2.515625000000000000e+00
-1.273437500000000000e+00
3.578125000000000000e+00
-7.695312500000000000e-01
1.820312500000000000e+00
-1.742187500000000000e+00
3.750000000000000000e-01
-9.570312500000000000e-01
-2.859375000000000000e+00
-7.304687500000000000e-01
3.574218750000000000e-01
-9.062500000000000000e-01
3.171875000000000000e+00
1.398437500000000000e+00
2.617187500000000000e-01
1.226562500000000000e+00
-1.523437500000000000e+00
-4.031250000000000000e+00
3.203125000000000000e+00
2.671875000000000000e+00
-1.898437500000000000e+00
2.203125000000000000e+00
4.968750000000000000e+00
-1.117187500000000000e+00
1.906250000000000000e+00
-2.460937500000000000e-01
1.289062500000000000e+00
-1.187500000000000000e+00
-1.904296875000000000e-01
-3.125000000000000000e+00
2.828125000000000000e+00
-8.242187500000000000e-01
3.296875000000000000e+00
