6.445312500000000000e-01
6.875000000000000000e-01
-2.312500000000000000e+00
1.539062500000000000e+00
-1.000000000000000000e+00
-4.472656250000000000e-01
7.500000000000000000e-01
1.023437500000000000e+00
-1.304687500000000000e+00
-1.960937500000000000e+00
1.132812500000000000e+00
1.304687500000000000e+00
2.015625000000000000e+00
3.281250000000000000e-01
1.195312500000000000e+00
3.378906250000000000e-01
-1.414062500000000000e+00
1.132812500000000000e+00
1.960937500000000000e+00
-1.043701171875000000e-02
-7.812500000000000000e-01
1.554687500000000000e+00
-5.781250000000000000e+00
-5.898437500000000000e-01
1.320312500000000000e+00
7.812500000000000000e-01
-4.062500000000000000e+00
-1.710937500000000000e+00
8.437500000000000000e-01
-1.992187500000000000e+00
2.140625000000000000e+00
-6.445312500000000000e-01
1.843750000000000000e+00
-1.460937500000000000e+00
-1.210937500000000000e+00
-1.781250000000000000e+00
-3.906250000000000000e-01
1.300048828125000000e-02
2.988281250000000000e-01
4.492187500000000000e-02
-1.281250000000000000e+00
2.515625000000000000e+00
1.750000000000000000e+00
-4.375000000000000000e-01
-2.703125000000000000e+00
6.523437500000000000e-01
9.375000000000000000e-01
5.585937500000000000e-01
1.679687500000000000e-01
1.343750000000000000e+00
5.156250000000000000e-01
-2.171875000000000000e+00
5.312500000000000000e-01
-9.882812500000000000e-01
1.773437500000000000e+00
1.312500000000000000e+00
6.992187500000000000e-01
-1.304687500000000000e+00
8.125000000000000000e-01
9.882812500000000000e-01
2.478027343750000000e-02
7.148437500000000000e-01
6.757812500000000000e-01
2.281250000000000000e+00
2.140625000000000000e+00
8.544921875000000000e-02
1.781250000000000000e+00
3.574218750000000000e-01
1.281250000000000000e+00
1.225585937500000000e-01
-1.804687500000000000e+00
1.826171875000000000e-01
8.632812500000000000e-01
-1.789062500000000000e+00
1.351562500000000000e+00
-1.648437500000000000e+00
2.453125000000000000e+00
8.632812500000000000e-01
2.140625000000000000e+00
1.406250000000000000e-01
2.203125000000000000e+00
7.460937500000000000e-01
-3.359375000000000000e-01
-3.417968750000000000e-01
-2.062500000000000000e+00
-2.070312500000000000e-01
1.250000000000000000e-01
1.632812500000000000e+00
5.351562500000000000e-01
-3.250000000000000000e+00
5.000000000000000000e-01
2.093750000000000000e+00
-1.101562500000000000e+00
7.929687500000000000e-01
-4.121093750000000000e-01
-2.171875000000000000e+00
1.992187500000000000e+00
1.304687500000000000e+00
-3.234375000000000000e+00
7.695312500000000000e-01
1.273437500000000000e+00
-2.578125000000000000e+00
-1.968750000000000000e+00
1.601562500000000000e+00
2.015625000000000000e+00
2.187500000000000000e+00
-4.531250000000000000e-01
1.125000000000000000e+00
-1.281250000000000000e+00
7.382812500000000000e-01
2.453125000000000000e+00
-2.265625000000000000e+00
6.835937500000000000e-01
1.015625000000000000e+00
-1.078125000000000000e+00
2.437500000000000000e+00
-2.910156250000000000e-01
-2.187500000000000000e-01
-1.835937500000000000e+00
-7.187500000000000000e-01
-1.773437500000000000e+00
-2.343750000000000000e+00
-6.132812500000000000e-01
8.398437500000000000e-01
8.007812500000000000e-01
5.000000000000000000e-01
1.851562500000000000e+00
2.531250000000000000e+00
1.710937500000000000e+00
7.031250000000000000e-01
8.632812500000000000e-01
6.875000000000000000e-01
7.695312500000000000e-01
-1.593750000000000000e+00
5.742187500000000000e-01
3.378906250000000000e-01
5.156250000000000000e-01
1.117187500000000000e+00
2.046875000000000000e+00
-1.664062500000000000e+00
-4.433593750000000000e-01
8.710937500000000000e-01
1.843750000000000000e+00
2.578125000000000000e-01
1.726562500000000000e+00
-1.898437500000000000e+00
9.882812500000000000e-01
-5.703125000000000000e-01
1.414062500000000000e+00
1.500000000000000000e+00
1.820312500000000000e+00
-1.132812500000000000e+00
-1.468750000000000000e+00
-8.945312500000000000e-01
-1.562500000000000000e+00
-1.382812500000000000e+00
-7.226562500000000000e-01
-3.906250000000000000e-02
-5.000000000000000000e-01
-1.750000000000000000e+00
1.914062500000000000e-01
5.117187500000000000e-01
9.687500000000000000e-01
-1.664062500000000000e+00
7.851562500000000000e-01
2.328125000000000000e+00
-1.789062500000000000e+00
8.447265625000000000e-02
1.320312500000000000e+00
-1.593750000000000000e+00
8.906250000000000000e-01
-9.765625000000000000e-02
2.500000000000000000e+00
1.789062500000000000e+00
9.375000000000000000e-02
2.328125000000000000e+00
5.273437500000000000e-01
1.875000000000000000e+00
-9.492187500000000000e-01
1.351562500000000000e+00
-5.195312500000000000e-01
1.789062500000000000e+00
3.964843750000000000e-01
5.781250000000000000e-01
9.375000000000000000e-01
2.515625000000000000e+00
1.195312500000000000e+00
5.507812500000000000e-01
-8.554687500000000000e-01
6.132812500000000000e-01
1.507812500000000000e+00
-3.984375000000000000e-01
1.781250000000000000e+00
2.484375000000000000e+00
9.804687500000000000e-01
-6.367187500000000000e-01
-4.199218750000000000e-01
-1.531250000000000000e+00
-1.375000000000000000e+00
-9.492187500000000000e-01
5.039062500000000000e-01
5.429687500000000000e-01
-6.875000000000000000e-01
-1.812500000000000000e+00
1.601562500000000000e-01
1.898437500000000000e+00
8.867187500000000000e-01
-1.539062500000000000e+00
1.445312500000000000e+00
1.335937500000000000e+00
-1.898437500000000000e+00
1.664062500000000000e+00
-2.187500000000000000e+00
6.250000000000000000e-01
-2.156250000000000000e+00
2.500000000000000000e+00
1.476562500000000000e+00
1.250000000000000000e+00
-1.625000000000000000e+00
-1.625000000000000000e+00
-8.867187500000000000e-01
2.294921875000000000e-01
7.070312500000000000e-01
1.396484375000000000e-01
-2.937500000000000000e+00
-1.835937500000000000e+00
4.003906250000000000e-01
-2.484375000000000000e+00
-1.437500000000000000e+00
-1.300048828125000000e-02
-1.070312500000000000e+00
1.851562500000000000e+00
5.351562500000000000e-01
-6.992187500000000000e-01
7.031250000000000000e-02
-2.140625000000000000e+00
-8.945312500000000000e-01
8.632812500000000000e-01
-2.203125000000000000e+00
-2.234375000000000000e+00
2.187500000000000000e+00
8.242187500000000000e-01
-1.375000000000000000e+00
-1.281250000000000000e+00
2.500000000000000000e-01
-1.328125000000000000e-01
-5.937500000000000000e-01
-1.289062500000000000e+00
-1.113281250000000000e-01
-2.078125000000000000e+00
-3.859375000000000000e+00
-1.960937500000000000e+00
2.451171875000000000e-01
-1.835937500000000000e+00
1.687500000000000000e+00
-2.578125000000000000e-01
-2.125000000000000000e+00
-1.945312500000000000e+00
-9.570312500000000000e-01
-1.632812500000000000e+00
-1.867187500000000000e+00
1.562500000000000000e+00
-1.695312500000000000e+00
-9.531250000000000000e-01
7.500000000000000000e-01
-2.265625000000000000e-01
-1.460937500000000000e+00
2.119140625000000000e-01
9.648437500000000000e-01
-1.789062500000000000e+00
-6.601562500000000000e-01
-4.003906250000000000e-01
-1.789062500000000000e+00
1.281250000000000000e+00
2.343750000000000000e-01
-9.218750000000000000e-01
2.109375000000000000e+00
-2.656250000000000000e-01
1.312500000000000000e+00
9.687500000000000000e-01
9.804687500000000000e-01
-1.906250000000000000e+00
2.578125000000000000e+00
-8.945312500000000000e-01
1.773437500000000000e+00
-3.535156250000000000e-01
7.187500000000000000e-01
9.570312500000000000e-01
-3.457031250000000000e-01
-1.835937500000000000e+00
1.382812500000000000e+00
1.023437500000000000e+00
-3.964843750000000000e-01
9.687500000000000000e-01
-2.000000000000000000e+00
2.171875000000000000e+00
1.226562500000000000e+00
4.628906250000000000e-01
1.875000000000000000e+00
1.040039062500000000e-01
8.554687500000000000e-01
6.054687500000000000e-01
1.875000000000000000e+00
2.312500000000000000e+00
8.437500000000000000e-01
1.351562500000000000e+00
-9.257812500000000000e-01
-3.125000000000000000e-02
4.453125000000000000e-01
9.257812500000000000e-01
9.257812500000000000e-01
1.845703125000000000e-01
8.710937500000000000e-01
1.562500000000000000e+00
6.835937500000000000e-01
-1.843750000000000000e+00
-2.515625000000000000e+00
1.382812500000000000e+00
8.007812500000000000e-01
-1.820312500000000000e+00
-2.921875000000000000e+00
1.195312500000000000e+00
1.601562500000000000e+00
1.164062500000000000e+00
-3.000000000000000000e+00
-1.835937500000000000e+00
-2.578125000000000000e-01
6.875000000000000000e-01
6.445312500000000000e-01
-2.109375000000000000e+00
6.992187500000000000e-01
1.687500000000000000e+00
1.226562500000000000e+00
1.273437500000000000e+00
-2.265625000000000000e+00
-4.343750000000000000e+00
9.912109375000000000e-02
-1.015625000000000000e+00
1.474609375000000000e-01
4.296875000000000000e-01
-2.046875000000000000e+00
1.445312500000000000e+00
2.218750000000000000e+00
1.210937500000000000e+00
-1.007812500000000000e+00
2.546875000000000000e+00
-8.242187500000000000e-01
9.375000000000000000e-01
-1.742187500000000000e+00
4.511718750000000000e-01
-2.140625000000000000e+00
1.062500000000000000e+00
-1.845703125000000000e-01
1.429687500000000000e+00
-2.333984375000000000e-01
2.226562500000000000e-01
-1.445312500000000000e-01
-1.812500000000000000e+00
-6.562500000000000000e-01
-5.031250000000000000e+00
-7.187500000000000000e-01
3.652343750000000000e-01
-3.703125000000000000e+00
1.460937500000000000e+00
1.085937500000000000e+00
5.273437500000000000e-01
1.357421875000000000e-01
-1.648437500000000000e+00
-2.609375000000000000e+00
1.937500000000000000e+00
1.031250000000000000e+00
-1.617187500000000000e+00
1.445312500000000000e+00
2.296875000000000000e+00
-3.769531250000000000e-01
9.492187500000000000e-01
-8.544921875000000000e-02
8.164062500000000000e-01
-1.078125000000000000e+00
-2.382812500000000000e-01
-2.062500000000000000e+00
1.492187500000000000e+00
8.320312500000000000e-01
2.187500000000000000e-01
