5.281250000000000000e+00
-6.787109375000000000e-02
-2.812500000000000000e+00
3.046875000000000000e+00
-1.437500000000000000e+00
-7.148437500000000000e-01
1.710937500000000000e+00
1.960937500000000000e+00
-1.710937500000000000e+00
-1.937500000000000000e+00
2.250000000000000000e+00
2.000000000000000000e+00
2.359375000000000000e+00
7.851562500000000000e-01
2.640625000000000000e+00
1.554687500000000000e+00
-2.765625000000000000e+00
2.234375000000000000e+00
5.750000000000000000e+00
-2.734375000000000000e-02
-1.312500000000000000e+00
1.406250000000000000e+00
-3.109375000000000000e+00
-8.242187500000000000e-01
2.578125000000000000e+00
1.937500000000000000e+00
-1.710937500000000000e+00
-1.585937500000000000e+00
1.210937500000000000e+00
-2.546875000000000000e+00
4.531250000000000000e+00
-1.687500000000000000e+00
3.546875000000000000e+00
-2.125000000000000000e+00
-1.289062500000000000e+00
-1.718750000000000000e+00
-4.531250000000000000e-01
3.203125000000000000e-01
1.335937500000000000e+00
-7.304687500000000000e-01
-1.414062500000000000e+00
4.781250000000000000e+00
2.421875000000000000e+00
-1.054687500000000000e+00
-2.703125000000000000e+00
1.187500000000000000e+00
1.257812500000000000e+00
5.390625000000000000e-01
1.787109375000000000e-01
3.546875000000000000e+00
7.148437500000000000e-01
-1.898437500000000000e+00
1.406250000000000000e-01
-1.820312500000000000e+00
3.625000000000000000e+00
4.093750000000000000e+00
-5.781250000000000000e-01
2.656250000000000000e+00
1.148437500000000000e+00
2.031250000000000000e+00
-3.886718750000000000e-01
1.296875000000000000e+00
9.882812500000000000e-01
3.875000000000000000e+00
2.671875000000000000e+00
-4.355468750000000000e-01
3.953125000000000000e+00
-3.906250000000000000e-01
1.312500000000000000e+00
-1.904296875000000000e-01
-1.968750000000000000e+00
7.695312500000000000e-01
9.492187500000000000e-01
-2.765625000000000000e+00
9.375000000000000000e-01
-3.171875000000000000e+00
4.093750000000000000e+00
1.351562500000000000e+00
3.703125000000000000e+00
9.648437500000000000e-01
2.500000000000000000e+00
2.125000000000000000e+00
-1.117187500000000000e+00
-7.539062500000000000e-01
-2.937500000000000000e+00
7.373046875000000000e-02
3.453125000000000000e+00
3.578125000000000000e+00
1.437500000000000000e+00
-3.125000000000000000e+00
7.812500000000000000e-02
2.203125000000000000e+00
-2.984375000000000000e+00
8.945312500000000000e-01
-1.187500000000000000e+00
-2.828125000000000000e+00
7.031250000000000000e+00
2.546875000000000000e+00
-2.296875000000000000e+00
8.125000000000000000e-01
4.156250000000000000e+00
-2.234375000000000000e+00
-2.390625000000000000e+00
1.664062500000000000e+00
4.625000000000000000e+00
4.000000000000000000e+00
-6.757812500000000000e-01
1.140625000000000000e+00
-1.382812500000000000e+00
4.941406250000000000e-01
4.843750000000000000e+00
-2.265625000000000000e+00
3.378906250000000000e-01
-4.418945312500000000e-02
-1.585937500000000000e+00
4.093750000000000000e+00
-2.078125000000000000e+00
-1.281250000000000000e+00
-1.554687500000000000e+00
-1.039062500000000000e+00
-2.625000000000000000e+00
-1.976562500000000000e+00
-1.125000000000000000e+00
2.203125000000000000e+00
9.687500000000000000e-01
1.804687500000000000e+00
2.734375000000000000e+00
5.406250000000000000e+00
3.250000000000000000e+00
8.554687500000000000e-01
6.250000000000000000e-01
-2.871093750000000000e-01
1.750000000000000000e+00
-2.046875000000000000e+00
3.328125000000000000e+00
-3.496093750000000000e-01
4.277343750000000000e-01
3.437500000000000000e+00
2.921875000000000000e+00
-2.593750000000000000e+00
2.851562500000000000e-01
2.792968750000000000e-01
3.546875000000000000e+00
1.250000000000000000e+00
3.171875000000000000e+00
-2.250000000000000000e+00
4.593750000000000000e+00
-1.656250000000000000e+00
3.328125000000000000e+00
3.140625000000000000e+00
5.968750000000000000e+00
-1.726562500000000000e+00
-1.687500000000000000e+00
-3.222656250000000000e-01
-1.617187500000000000e+00
1.570312500000000000e+00
-1.648437500000000000e+00
-3.886718750000000000e-01
-7.148437500000000000e-01
-1.976562500000000000e+00
4.785156250000000000e-01
1.593750000000000000e+00
2.000000000000000000e+00
4.218750000000000000e-01
1.000000000000000000e+00
4.718750000000000000e+00
-1.750000000000000000e+00
5.781250000000000000e-01
1.382812500000000000e+00
-2.390625000000000000e+00
1.539062500000000000e+00
-4.628906250000000000e-01
4.250000000000000000e+00
3.703125000000000000e+00
7.275390625000000000e-02
3.890625000000000000e+00
9.492187500000000000e-01
2.515625000000000000e+00
-7.539062500000000000e-01
2.734375000000000000e+00
2.406250000000000000e+00
3.609375000000000000e+00
-1.455078125000000000e-01
3.359375000000000000e-01
4.218750000000000000e-01
5.406250000000000000e+00
1.914062500000000000e+00
7.304687500000000000e-01
-1.023437500000000000e+00
1.289062500000000000e+00
2.703125000000000000e+00
-8.945312500000000000e-01
3.453125000000000000e+00
4.093750000000000000e+00
2.031250000000000000e+00
2.875000000000000000e+00
-4.140625000000000000e-01
2.437500000000000000e+00
-1.414062500000000000e+00
-7.773437500000000000e-01
7.500000000000000000e-01
3.734375000000000000e+00
-8.320312500000000000e-01
-2.062500000000000000e+00
5.585937500000000000e-01
4.125000000000000000e+00
-9.375000000000000000e-01
-1.593750000000000000e+00
3.125000000000000000e+00
3.140625000000000000e+00
-1.929687500000000000e+00
3.500000000000000000e+00
-2.234375000000000000e+00
1.148437500000000000e+00
-2.140625000000000000e+00
5.500000000000000000e+00
4.218750000000000000e+00
2.421875000000000000e+00
-2.468750000000000000e+00
2.546875000000000000e+00
-9.726562500000000000e-01
5.820312500000000000e-01
1.406250000000000000e+00
2.001953125000000000e-01
-1.562500000000000000e-01
-2.437500000000000000e+00
2.988281250000000000e-01
-1.960937500000000000e+00
7.695312500000000000e-01
7.070312500000000000e-01
-1.210937500000000000e+00
5.781250000000000000e+00
4.125000000000000000e+00
-6.875000000000000000e-01
3.906250000000000000e-02
-1.835937500000000000e+00
-1.757812500000000000e+00
1.726562500000000000e+00
-2.875000000000000000e+00
-1.875000000000000000e+00
3.421875000000000000e+00
5.000000000000000000e-01
-3.578125000000000000e+00
-7.343750000000000000e-01
6.015625000000000000e-01
-9.765625000000000000e-03
2.421875000000000000e-01
-1.132812500000000000e+00
-1.562500000000000000e-02
-1.937500000000000000e+00
5.200195312500000000e-02
-2.468750000000000000e+00
4.843750000000000000e+00
-1.960937500000000000e+00
2.750000000000000000e+00
3.261718750000000000e-01
-2.703125000000000000e+00
-2.921875000000000000e+00
-1.460937500000000000e+00
-2.296875000000000000e+00
-2.890625000000000000e+00
2.949218750000000000e-01
-1.726562500000000000e+00
-8.007812500000000000e-01
1.031250000000000000e+00
-2.636718750000000000e-01
-2.390625000000000000e+00
2.187500000000000000e-01
1.132812500000000000e+00
-1.398437500000000000e+00
-7.812500000000000000e-01
-1.435546875000000000e-01
-1.968750000000000000e+00
2.546875000000000000e+00
-2.490234375000000000e-01
1.007812500000000000e+00
3.937500000000000000e+00
3.625000000000000000e+00
2.546875000000000000e+00
3.140625000000000000e+00
2.640625000000000000e+00
-1.242187500000000000e+00
1.585937500000000000e+00
-1.203125000000000000e+00
1.156250000000000000e+00
-4.902343750000000000e-01
1.843750000000000000e+00
1.937500000000000000e+00
-7.226562500000000000e-01
-2.203125000000000000e+00
1.601562500000000000e+00
2.093750000000000000e+00
-1.367187500000000000e+00
1.218750000000000000e+00
-2.265625000000000000e+00
3.078125000000000000e+00
2.625000000000000000e+00
-2.871093750000000000e-01
3.171875000000000000e+00
8.632812500000000000e-01
8.750000000000000000e-01
1.015625000000000000e-01
5.500000000000000000e+00
4.093750000000000000e+00
2.375000000000000000e+00
2.109375000000000000e+00
-1.039062500000000000e+00
3.187500000000000000e+00
2.949218750000000000e-01
7.382812500000000000e-01
2.343750000000000000e+00
-1.279296875000000000e-01
1.023437500000000000e+00
3.125000000000000000e+00
1.664062500000000000e+00
-2.546875000000000000e+00
-2.515625000000000000e+00
3.500000000000000000e+00
2.187500000000000000e+00
-1.695312500000000000e+00
-3.609375000000000000e+00
2.625000000000000000e+00
3.125000000000000000e+00
1.242187500000000000e+00
-1.125000000000000000e+00
-2.328125000000000000e+00
3.637695312500000000e-02
4.531250000000000000e-01
1.070312500000000000e+00
-3.125000000000000000e+00
1.289062500000000000e+00
2.421875000000000000e+00
2.046875000000000000e+00
1.460937500000000000e+00
-3.000000000000000000e+00
-1.750000000000000000e+00
1.718750000000000000e-01
2.984375000000000000e+00
1.164062500000000000e+00
-3.417968750000000000e-01
-1.992187500000000000e+00
2.937500000000000000e+00
3.312500000000000000e+00
2.703125000000000000e+00
-1.101562500000000000e+00
4.531250000000000000e+00
-9.804687500000000000e-01
-4.418945312500000000e-02
-1.625000000000000000e+00
8.945312500000000000e-01
-2.578125000000000000e+00
2.687500000000000000e+00
-4.687500000000000000e-01
3.921875000000000000e+00
-6.835937500000000000e-01
1.648437500000000000e+00
-1.195312500000000000e+00
2.392578125000000000e-01
-1.789062500000000000e+00
-2.671875000000000000e+00
-7.851562500000000000e-01
1.494140625000000000e-01
-9.023437500000000000e-01
3.390625000000000000e+00
1.554687500000000000e+00
2.275390625000000000e-01
1.523437500000000000e+00
-1.656250000000000000e+00
-2.953125000000000000e+00
3.250000000000000000e+00
3.046875000000000000e+00
-1.750000000000000000e+00
2.281250000000000000e+00
5.500000000000000000e+00
-6.835937500000000000e-01
2.281250000000000000e+00
-9.179687500000000000e-01
1.539062500000000000e+00
-5.507812500000000000e-01
-2.412109375000000000e-01
-3.046875000000000000e+00
3.171875000000000000e+00
-4.082031250000000000e-01
3.390625000000000000e+00
