-1.406250000000000000e+00
8.320312500000000000e-01
-1.820312500000000000e+00
9.804687500000000000e-01
-8.789062500000000000e-01
6.054687500000000000e-01
7.304687500000000000e-01
7.500000000000000000e-01
-9.335937500000000000e-01
-1.679687500000000000e+00
9.257812500000000000e-01
1.007812500000000000e+00
1.960937500000000000e+00
2.343750000000000000e-01
7.187500000000000000e-01
1.533203125000000000e-01
-5.937500000000000000e-01
6.875000000000000000e-01
-5.737304687500000000e-02
-7.070312500000000000e-01
-4.941406250000000000e-01
2.296875000000000000e+00
-6.593750000000000000e+00
-5.351562500000000000e-01
7.617187500000000000e-01
3.691406250000000000e-01
-4.687500000000000000e+00
-1.726562500000000000e+00
2.460937500000000000e-01
-1.406250000000000000e+00
1.132812500000000000e+00
1.093750000000000000e+00
1.109375000000000000e+00
-6.640625000000000000e-01
-5.585937500000000000e-01
-1.898437500000000000e+00
4.687500000000000000e-01
-8.447265625000000000e-02
-9.375000000000000000e-02
-2.539062500000000000e-01
-1.179687500000000000e+00
1.523437500000000000e+00
1.242187500000000000e+00
-2.177734375000000000e-01
-2.500000000000000000e+00
8.867187500000000000e-01
9.062500000000000000e-01
3.535156250000000000e-01
7.851562500000000000e-01
4.609375000000000000e-01
-5.395507812500000000e-02
-1.914062500000000000e+00
1.468750000000000000e+00
-6.757812500000000000e-01
9.531250000000000000e-01
-2.087402343750000000e-02
5.507812500000000000e-01
-3.250000000000000000e+00
3.417968750000000000e-01
6.406250000000000000e-01
-2.558593750000000000e-01
7.695312500000000000e-01
8.398437500000000000e-02
1.718750000000000000e+00
1.960937500000000000e+00
1.298828125000000000e-01
8.945312500000000000e-01
5.312500000000000000e-01
5.976562500000000000e-01
5.937500000000000000e-01
-1.726562500000000000e+00
7.187500000000000000e-01
4.160156250000000000e-01
-1.187500000000000000e+00
2.140625000000000000e+00
5.468750000000000000e-02
1.914062500000000000e+00
1.062500000000000000e+00
1.601562500000000000e+00
-1.689453125000000000e-01
2.437500000000000000e+00
4.375000000000000000e-01
-3.808593750000000000e-01
-6.523437500000000000e-01
-1.773437500000000000e+00
6.835937500000000000e-01
-1.062500000000000000e+00
8.945312500000000000e-01
3.750000000000000000e-01
-3.125000000000000000e+00
-5.737304687500000000e-02
1.562500000000000000e+00
-6.289062500000000000e-01
2.216796875000000000e-01
7.812500000000000000e-01
-1.351562500000000000e+00
-1.376953125000000000e-01
8.242187500000000000e-01
-2.437500000000000000e+00
1.039062500000000000e+00
1.806640625000000000e-01
-2.625000000000000000e+00
-1.460937500000000000e+00
1.812500000000000000e+00
1.039062500000000000e+00
1.406250000000000000e+00
-1.279296875000000000e-01
1.625000000000000000e+00
-1.460937500000000000e+00
1.689453125000000000e-01
1.523437500000000000e+00
-1.296875000000000000e+00
1.351562500000000000e+00
6.562500000000000000e-01
-1.031250000000000000e+00
1.843750000000000000e+00
1.523437500000000000e+00
-1.396484375000000000e-01
-1.968750000000000000e+00
-5.468750000000000000e-01
-9.023437500000000000e-01
-2.234375000000000000e+00
-2.714843750000000000e-01
7.382812500000000000e-01
1.140625000000000000e+00
2.060546875000000000e-01
1.617187500000000000e+00
1.281250000000000000e+00
1.156250000000000000e+00
8.320312500000000000e-01
1.601562500000000000e+00
1.398437500000000000e+00
5.312500000000000000e-01
-1.117187500000000000e+00
-1.695312500000000000e+00
7.470703125000000000e-02
1.445312500000000000e-01
3.691406250000000000e-01
1.570312500000000000e+00
-9.687500000000000000e-01
-9.062500000000000000e-01
1.835937500000000000e+00
1.351562500000000000e+00
1.611328125000000000e-01
1.273437500000000000e+00
-1.351562500000000000e+00
-3.144531250000000000e-01
-5.195312500000000000e-01
8.320312500000000000e-01
1.101562500000000000e+00
-4.941406250000000000e-01
-8.281250000000000000e-01
-1.125000000000000000e+00
-7.070312500000000000e-01
-1.812500000000000000e+00
-2.890625000000000000e+00
-4.628906250000000000e-01
-1.904296875000000000e-01
-1.396484375000000000e-01
-1.101562500000000000e+00
-3.183593750000000000e-01
-5.195312500000000000e-01
5.117187500000000000e-01
-3.046875000000000000e+00
1.337890625000000000e-01
1.257812500000000000e+00
-1.476562500000000000e+00
-2.138671875000000000e-01
1.804687500000000000e+00
-1.054687500000000000e+00
8.554687500000000000e-01
-6.523437500000000000e-01
1.812500000000000000e+00
1.031250000000000000e+00
-2.265625000000000000e-01
1.585937500000000000e+00
-2.080078125000000000e-01
1.835937500000000000e+00
2.304687500000000000e-01
9.375000000000000000e-01
-1.414062500000000000e+00
1.179687500000000000e+00
2.734375000000000000e-01
-1.721191406250000000e-02
1.007812500000000000e+00
1.304687500000000000e+00
1.093750000000000000e+00
5.507812500000000000e-01
-4.082031250000000000e-01
4.902343750000000000e-01
1.226562500000000000e+00
-4.355468750000000000e-01
1.023437500000000000e+00
1.750000000000000000e+00
7.460937500000000000e-01
-2.031250000000000000e+00
-1.035156250000000000e-01
-3.078125000000000000e+00
-1.437500000000000000e+00
-1.039062500000000000e+00
5.312500000000000000e-01
-1.039062500000000000e+00
-3.242187500000000000e-01
-8.398437500000000000e-01
-1.669921875000000000e-01
8.320312500000000000e-01
1.257812500000000000e+00
-1.625000000000000000e+00
8.085937500000000000e-01
5.898437500000000000e-01
-1.351562500000000000e+00
7.617187500000000000e-01
-1.843750000000000000e+00
9.257812500000000000e-01
-1.226562500000000000e+00
1.335937500000000000e+00
-3.784179687500000000e-02
9.687500000000000000e-01
-4.316406250000000000e-01
-3.187500000000000000e+00
-1.015625000000000000e+00
-2.021484375000000000e-01
5.664062500000000000e-01
6.152343750000000000e-02
-4.187500000000000000e+00
-1.367187500000000000e+00
-1.767578125000000000e-01
-2.625000000000000000e+00
-2.125000000000000000e+00
8.125000000000000000e-01
-8.164062500000000000e-01
-7.812500000000000000e-02
-1.210937500000000000e+00
-2.294921875000000000e-01
-3.515625000000000000e-02
-2.078125000000000000e+00
-7.861328125000000000e-02
8.867187500000000000e-01
-1.562500000000000000e+00
-1.875000000000000000e+00
1.710937500000000000e+00
1.117187500000000000e+00
8.867187500000000000e-01
-7.382812500000000000e-01
-2.070312500000000000e-01
-8.007812500000000000e-01
-1.054687500000000000e+00
-1.140625000000000000e+00
-6.171875000000000000e-01
-2.140625000000000000e+00
-5.062500000000000000e+00
-1.242187500000000000e+00
-1.242187500000000000e+00
-1.554687500000000000e+00
1.351562500000000000e+00
6.406250000000000000e-01
-1.523437500000000000e+00
-1.210937500000000000e+00
-4.082031250000000000e-01
-7.500000000000000000e-01
-8.867187500000000000e-01
1.070312500000000000e+00
-1.382812500000000000e+00
-5.351562500000000000e-01
8.437500000000000000e-01
1.572265625000000000e-01
-6.523437500000000000e-01
-4.707031250000000000e-01
2.851562500000000000e-01
-1.937500000000000000e+00
-1.539062500000000000e+00
-7.187500000000000000e-01
-1.039062500000000000e+00
7.812500000000000000e-01
-4.394531250000000000e-03
-2.171875000000000000e+00
1.226562500000000000e+00
-1.945312500000000000e+00
9.882812500000000000e-01
3.378906250000000000e-01
3.964843750000000000e-01
-2.015625000000000000e+00
1.687500000000000000e+00
-7.929687500000000000e-01
1.273437500000000000e+00
-5.312500000000000000e-01
2.734375000000000000e-01
8.085937500000000000e-01
-4.433593750000000000e-01
-1.085937500000000000e+00
1.414062500000000000e+00
8.867187500000000000e-01
-7.460937500000000000e-01
9.531250000000000000e-01
-1.460937500000000000e+00
1.664062500000000000e+00
7.304687500000000000e-01
2.578125000000000000e-01
1.164062500000000000e+00
-6.835937500000000000e-02
1.289062500000000000e+00
1.132812500000000000e+00
4.531250000000000000e-01
1.585937500000000000e+00
3.671875000000000000e-01
1.562500000000000000e+00
-1.140625000000000000e+00
-1.289062500000000000e+00
9.257812500000000000e-01
4.316406250000000000e-01
3.515625000000000000e-01
-1.640625000000000000e-01
1.132812500000000000e+00
9.882812500000000000e-01
6.289062500000000000e-01
-1.187500000000000000e+00
-2.171875000000000000e+00
4.843750000000000000e-01
4.589843750000000000e-01
-1.625000000000000000e+00
-1.882812500000000000e+00
6.679687500000000000e-01
1.257812500000000000e+00
1.460937500000000000e+00
-3.875000000000000000e+00
-1.007812500000000000e+00
-3.417968750000000000e-01
3.808593750000000000e-01
7.773437500000000000e-01
-1.343750000000000000e+00
4.941406250000000000e-01
1.312500000000000000e+00
1.335937500000000000e+00
1.710937500000000000e+00
-1.875000000000000000e+00
-5.250000000000000000e+00
-1.835937500000000000e-01
-2.828125000000000000e+00
-9.804687500000000000e-01
9.726562500000000000e-01
-1.882812500000000000e+00
1.125000000000000000e+00
1.312500000000000000e+00
5.742187500000000000e-01
-1.156250000000000000e+00
1.710937500000000000e+00
-2.988281250000000000e-01
2.484375000000000000e+00
-1.750000000000000000e+00
-6.093750000000000000e-01
-1.820312500000000000e+00
4.550781250000000000e-01
1.386718750000000000e-01
4.628906250000000000e-01
-1.196289062500000000e-01
-9.414062500000000000e-01
1.218750000000000000e+00
-2.625000000000000000e+00
-2.314453125000000000e-01
-5.843750000000000000e+00
-7.929687500000000000e-01
-4.707031250000000000e-01
-4.781250000000000000e+00
7.343750000000000000e-01
1.195312500000000000e+00
5.932617187500000000e-02
-1.152343750000000000e-01
-1.585937500000000000e+00
-2.062500000000000000e+00
1.406250000000000000e+00
2.832031250000000000e-01
-1.507812500000000000e+00
1.257812500000000000e+00
9.375000000000000000e-01
1.843261718750000000e-02
6.367187500000000000e-01
1.464843750000000000e-01
6.210937500000000000e-01
-8.281250000000000000e-01
-4.433593750000000000e-01
-1.117187500000000000e+00
8.632812500000000000e-01
1.437500000000000000e+00
-1.156250000000000000e+00
