3.937500000000000000e+00
7.539062500000000000e-01
-3.203125000000000000e+00
2.578125000000000000e+00
-9.414062500000000000e-01
-1.273437500000000000e+00
1.335937500000000000e+00
1.742187500000000000e+00
-1.562500000000000000e+00
-2.203125000000000000e+00
1.937500000000000000e+00
1.914062500000000000e+00
2.500000000000000000e+00
6.250000000000000000e-01
2.109375000000000000e+00
9.492187500000000000e-01
-2.484375000000000000e+00
2.015625000000000000e+00
4.718750000000000000e+00
1.767578125000000000e-01
-9.023437500000000000e-01
1.039062500000000000e+00
-4.406250000000000000e+00
-8.242187500000000000e-01
2.296875000000000000e+00
1.539062500000000000e+00
-3.015625000000000000e+00
-1.320312500000000000e+00
1.500000000000000000e+00
-2.750000000000000000e+00
3.671875000000000000e+00
-2.421875000000000000e+00
3.078125000000000000e+00
-1.906250000000000000e+00
-1.898437500000000000e+00
-1.945312500000000000e+00
-1.085937500000000000e+00
1.196289062500000000e-01
1.085937500000000000e+00
1.445312500000000000e-01
-9.570312500000000000e-01
4.125000000000000000e+00
2.421875000000000000e+00
-1.007812500000000000e+00
-2.671875000000000000e+00
8.437500000000000000e-01
1.203125000000000000e+00
7.500000000000000000e-01
-3.105468750000000000e-01
2.796875000000000000e+00
7.929687500000000000e-01
-2.500000000000000000e+00
-4.375000000000000000e-01
-1.789062500000000000e+00
3.125000000000000000e+00
3.234375000000000000e+00
6.367187500000000000e-01
1.648437500000000000e+00
1.437500000000000000e+00
1.726562500000000000e+00
3.144531250000000000e-01
1.101562500000000000e+00
1.226562500000000000e+00
3.546875000000000000e+00
2.750000000000000000e+00
1.000976562500000000e-01
3.328125000000000000e+00
5.053710937500000000e-02
1.960937500000000000e+00
-3.085937500000000000e-01
-2.187500000000000000e+00
5.156250000000000000e-01
1.117187500000000000e+00
-2.625000000000000000e+00
9.062500000000000000e-01
-3.875000000000000000e+00
3.703125000000000000e+00
1.023437500000000000e+00
3.265625000000000000e+00
8.554687500000000000e-01
2.484375000000000000e+00
1.562500000000000000e+00
-4.472656250000000000e-01
-3.828125000000000000e-01
-3.046875000000000000e+00
-8.398437500000000000e-01
2.250000000000000000e+00
2.953125000000000000e+00
1.070312500000000000e+00
-3.203125000000000000e+00
6.445312500000000000e-01
2.609375000000000000e+00
-2.578125000000000000e+00
1.335937500000000000e+00
-1.679687500000000000e+00
-2.890625000000000000e+00
5.500000000000000000e+00
2.203125000000000000e+00
-3.484375000000000000e+00
6.718750000000000000e-01
3.125000000000000000e+00
-2.421875000000000000e+00
-2.671875000000000000e+00
1.648437500000000000e+00
3.546875000000000000e+00
3.500000000000000000e+00
-9.492187500000000000e-01
1.039062500000000000e+00
-1.210937500000000000e+00
9.531250000000000000e-01
4.093750000000000000e+00
-3.000000000000000000e+00
5.468750000000000000e-02
1.023437500000000000e+00
-1.156250000000000000e+00
3.671875000000000000e+00
-2.453125000000000000e+00
-1.125000000000000000e+00
-1.656250000000000000e+00
-1.210937500000000000e+00
-2.859375000000000000e+00
-2.562500000000000000e+00
-1.164062500000000000e+00
1.585937500000000000e+00
7.070312500000000000e-01
1.218750000000000000e+00
2.703125000000000000e+00
4.375000000000000000e+00
2.828125000000000000e+00
7.304687500000000000e-01
2.226562500000000000e-01
-4.941406250000000000e-01
1.437500000000000000e+00
-2.109375000000000000e+00
2.875000000000000000e+00
3.222656250000000000e-01
8.007812500000000000e-01
2.500000000000000000e+00
2.921875000000000000e+00
-2.562500000000000000e+00
-7.275390625000000000e-02
-2.197265625000000000e-01
3.046875000000000000e+00
8.281250000000000000e-01
2.796875000000000000e+00
-2.125000000000000000e+00
3.421875000000000000e+00
-6.054687500000000000e-01
2.562500000000000000e+00
2.500000000000000000e+00
5.093750000000000000e+00
-1.023437500000000000e+00
-2.015625000000000000e+00
-8.554687500000000000e-01
-1.210937500000000000e+00
8.945312500000000000e-01
-8.554687500000000000e-01
8.642578125000000000e-02
-4.238281250000000000e-01
-2.484375000000000000e+00
6.132812500000000000e-01
1.710937500000000000e+00
1.750000000000000000e+00
-4.375000000000000000e-01
1.320312500000000000e+00
4.031250000000000000e+00
-2.046875000000000000e+00
5.039062500000000000e-01
1.250000000000000000e+00
-2.515625000000000000e+00
1.289062500000000000e+00
4.223632812500000000e-02
3.859375000000000000e+00
3.125000000000000000e+00
4.160156250000000000e-01
3.562500000000000000e+00
1.218750000000000000e+00
2.171875000000000000e+00
-1.804687500000000000e+00
2.359375000000000000e+00
1.351562500000000000e+00
3.015625000000000000e+00
4.003906250000000000e-01
8.945312500000000000e-01
7.031250000000000000e-01
4.406250000000000000e+00
1.726562500000000000e+00
8.476562500000000000e-01
-1.171875000000000000e+00
1.031250000000000000e+00
2.343750000000000000e+00
-4.531250000000000000e-01
2.953125000000000000e+00
3.765625000000000000e+00
1.664062500000000000e+00
1.875000000000000000e+00
-7.226562500000000000e-01
1.054687500000000000e+00
-1.585937500000000000e+00
-1.125000000000000000e+00
6.835937500000000000e-01
2.937500000000000000e+00
-1.171875000000000000e+00
-2.640625000000000000e+00
7.070312500000000000e-01
3.453125000000000000e+00
-4.003906250000000000e-02
-1.695312500000000000e+00
2.578125000000000000e+00
2.687500000000000000e+00
-2.531250000000000000e+00
3.046875000000000000e+00
-2.281250000000000000e+00
7.343750000000000000e-01
-2.671875000000000000e+00
4.437500000000000000e+00
3.750000000000000000e+00
2.078125000000000000e+00
-2.812500000000000000e+00
1.117187500000000000e+00
-9.882812500000000000e-01
9.687500000000000000e-01
1.164062500000000000e+00
3.671875000000000000e-01
-1.023437500000000000e+00
-2.640625000000000000e+00
8.398437500000000000e-01
-2.187500000000000000e+00
1.093750000000000000e-01
-1.396484375000000000e-01
-1.648437500000000000e+00
4.843750000000000000e+00
2.953125000000000000e+00
-1.117187500000000000e+00
1.196289062500000000e-01
-2.078125000000000000e+00
-8.906250000000000000e-01
1.335937500000000000e+00
-3.265625000000000000e+00
-2.671875000000000000e+00
3.234375000000000000e+00
5.859375000000000000e-01
-4.156250000000000000e+00
-8.632812500000000000e-01
7.773437500000000000e-01
2.412109375000000000e-01
-2.636718750000000000e-01
-1.148437500000000000e+00
2.148437500000000000e-01
-1.960937500000000000e+00
-1.429687500000000000e+00
-2.812500000000000000e+00
3.171875000000000000e+00
-2.031250000000000000e+00
2.531250000000000000e+00
-8.437500000000000000e-01
-2.875000000000000000e+00
-3.078125000000000000e+00
-1.726562500000000000e+00
-2.265625000000000000e+00
-2.671875000000000000e+00
1.562500000000000000e+00
-2.031250000000000000e+00
-6.914062500000000000e-01
1.054687500000000000e+00
-5.625000000000000000e-01
-2.296875000000000000e+00
6.367187500000000000e-01
1.664062500000000000e+00
-1.632812500000000000e+00
-2.539062500000000000e-02
-9.765625000000000000e-02
-2.625000000000000000e+00
2.093750000000000000e+00
3.574218750000000000e-01
4.921875000000000000e-01
3.546875000000000000e+00
2.484375000000000000e+00
2.109375000000000000e+00
2.265625000000000000e+00
2.125000000000000000e+00
-1.687500000000000000e+00
3.078125000000000000e+00
-1.070312500000000000e+00
2.062500000000000000e+00
-5.346679687500000000e-02
1.585937500000000000e+00
1.500000000000000000e+00
-4.667968750000000000e-01
-2.671875000000000000e+00
1.601562500000000000e+00
1.695312500000000000e+00
-8.320312500000000000e-01
1.148437500000000000e+00
-2.171875000000000000e+00
3.078125000000000000e+00
2.187500000000000000e+00
8.632812500000000000e-01
2.953125000000000000e+00
8.632812500000000000e-01
6.718750000000000000e-01
-2.041015625000000000e-01
4.218750000000000000e+00
3.687500000000000000e+00
1.851562500000000000e+00
1.664062500000000000e+00
-9.492187500000000000e-01
1.968750000000000000e+00
1.914062500000000000e-01
1.296875000000000000e+00
1.898437500000000000e+00
4.453125000000000000e-01
8.085937500000000000e-01
2.656250000000000000e+00
1.226562500000000000e+00
-2.625000000000000000e+00
-2.562500000000000000e+00
2.921875000000000000e+00
1.679687500000000000e+00
-2.015625000000000000e+00
-3.625000000000000000e+00
2.171875000000000000e+00
2.609375000000000000e+00
1.210937500000000000e+00
-1.781250000000000000e+00
-2.734375000000000000e+00
2.343750000000000000e-02
1.132812500000000000e+00
8.867187500000000000e-01
-3.062500000000000000e+00
1.218750000000000000e+00
2.265625000000000000e+00
1.773437500000000000e+00
1.132812500000000000e+00
-3.046875000000000000e+00
-2.890625000000000000e+00
5.273437500000000000e-01
1.875000000000000000e+00
1.273437500000000000e+00
-7.812500000000000000e-02
-2.375000000000000000e+00
2.343750000000000000e+00
3.296875000000000000e+00
2.234375000000000000e+00
-1.140625000000000000e+00
4.218750000000000000e+00
-1.242187500000000000e+00
-5.742187500000000000e-01
-1.710937500000000000e+00
1.156250000000000000e+00
-2.000000000000000000e+00
2.109375000000000000e+00
-7.382812500000000000e-01
3.000000000000000000e+00
-5.585937500000000000e-01
1.554687500000000000e+00
-1.773437500000000000e+00
-2.753906250000000000e-01
-7.929687500000000000e-01
-3.671875000000000000e+00
-6.093750000000000000e-01
6.914062500000000000e-01
-1.835937500000000000e+00
2.828125000000000000e+00
1.375000000000000000e+00
8.632812500000000000e-01
8.750000000000000000e-01
-1.695312500000000000e+00
-3.625000000000000000e+00
3.000000000000000000e+00
2.234375000000000000e+00
-1.492187500000000000e+00
2.125000000000000000e+00
4.375000000000000000e+00
-8.476562500000000000e-01
1.789062500000000000e+00
-1.845703125000000000e-01
1.320312500000000000e+00
-1.007812500000000000e+00
-3.671875000000000000e-01
-3.062500000000000000e+00
2.640625000000000000e+00
-1.513671875000000000e-01
2.484375000000000000e+00
