4.062500000000000000e+00
7.382812500000000000e-01
-3.296875000000000000e+00
2.625000000000000000e+00
-1.093750000000000000e+00
-1.015625000000000000e+00
1.437500000000000000e+00
1.835937500000000000e+00
-1.437500000000000000e+00
-2.203125000000000000e+00
1.937500000000000000e+00
1.781250000000000000e+00
2.484375000000000000e+00
5.937500000000000000e-01
2.203125000000000000e+00
1.054687500000000000e+00
-2.546875000000000000e+00
2.031250000000000000e+00
4.593750000000000000e+00
1.157226562500000000e-01
-1.070312500000000000e+00
1.195312500000000000e+00
-4.218750000000000000e+00
-9.687500000000000000e-01
2.296875000000000000e+00
1.593750000000000000e+00
-2.921875000000000000e+00
-1.664062500000000000e+00
1.257812500000000000e+00
-2.703125000000000000e+00
3.750000000000000000e+00
-1.914062500000000000e+00
3.046875000000000000e+00
-1.960937500000000000e+00
-1.601562500000000000e+00
-1.968750000000000000e+00
-8.632812500000000000e-01
2.871093750000000000e-01
1.195312500000000000e+00
-1.337890625000000000e-01
-1.289062500000000000e+00
4.156250000000000000e+00
2.375000000000000000e+00
-9.882812500000000000e-01
-2.921875000000000000e+00
9.570312500000000000e-01
1.382812500000000000e+00
6.093750000000000000e-01
-2.138671875000000000e-01
2.828125000000000000e+00
8.320312500000000000e-01
-2.359375000000000000e+00
-2.910156250000000000e-01
-1.835937500000000000e+00
3.109375000000000000e+00
3.312500000000000000e+00
4.453125000000000000e-01
1.757812500000000000e+00
1.156250000000000000e+00
1.710937500000000000e+00
4.375000000000000000e-01
1.125000000000000000e+00
9.882812500000000000e-01
3.640625000000000000e+00
2.796875000000000000e+00
-8.349609375000000000e-02
3.437500000000000000e+00
2.832031250000000000e-02
1.812500000000000000e+00
-2.871093750000000000e-01
-2.171875000000000000e+00
6.250000000000000000e-01
1.023437500000000000e+00
-2.609375000000000000e+00
1.023437500000000000e+00
-3.203125000000000000e+00
3.750000000000000000e+00
1.218750000000000000e+00
3.359375000000000000e+00
5.429687500000000000e-01
2.546875000000000000e+00
1.601562500000000000e+00
-6.992187500000000000e-01
-6.523437500000000000e-01
-3.109375000000000000e+00
-5.429687500000000000e-01
2.312500000000000000e+00
3.046875000000000000e+00
1.179687500000000000e+00
-3.484375000000000000e+00
4.453125000000000000e-01
2.437500000000000000e+00
-2.546875000000000000e+00
1.085937500000000000e+00
-1.554687500000000000e+00
-2.765625000000000000e+00
5.625000000000000000e+00
2.265625000000000000e+00
-3.375000000000000000e+00
7.812500000000000000e-01
3.234375000000000000e+00
-2.687500000000000000e+00
-2.609375000000000000e+00
1.750000000000000000e+00
3.625000000000000000e+00
3.546875000000000000e+00
-7.304687500000000000e-01
1.156250000000000000e+00
-1.437500000000000000e+00
7.812500000000000000e-01
4.156250000000000000e+00
-2.750000000000000000e+00
2.871093750000000000e-01
1.007812500000000000e+00
-1.242187500000000000e+00
3.671875000000000000e+00
-2.187500000000000000e+00
-1.046875000000000000e+00
-1.851562500000000000e+00
-1.093750000000000000e+00
-2.640625000000000000e+00
-2.671875000000000000e+00
-1.375000000000000000e+00
1.726562500000000000e+00
7.304687500000000000e-01
1.375000000000000000e+00
2.640625000000000000e+00
4.406250000000000000e+00
2.875000000000000000e+00
8.007812500000000000e-01
4.433593750000000000e-01
-3.593750000000000000e-01
1.460937500000000000e+00
-2.203125000000000000e+00
2.687500000000000000e+00
1.113281250000000000e-01
6.328125000000000000e-01
2.609375000000000000e+00
2.890625000000000000e+00
-2.250000000000000000e+00
-7.080078125000000000e-02
1.455078125000000000e-01
3.046875000000000000e+00
9.023437500000000000e-01
2.859375000000000000e+00
-2.156250000000000000e+00
3.640625000000000000e+00
-1.000000000000000000e+00
2.609375000000000000e+00
2.562500000000000000e+00
5.187500000000000000e+00
-1.273437500000000000e+00
-1.898437500000000000e+00
-6.406250000000000000e-01
-1.585937500000000000e+00
9.062500000000000000e-01
-9.375000000000000000e-01
4.296875000000000000e-02
-5.078125000000000000e-01
-2.484375000000000000e+00
4.746093750000000000e-01
1.601562500000000000e+00
1.656250000000000000e+00
-4.375000000000000000e-01
1.164062500000000000e+00
4.000000000000000000e+00
-1.898437500000000000e+00
4.550781250000000000e-01
1.343750000000000000e+00
-2.546875000000000000e+00
1.335937500000000000e+00
-5.761718750000000000e-02
3.859375000000000000e+00
3.171875000000000000e+00
8.837890625000000000e-02
3.609375000000000000e+00
8.945312500000000000e-01
2.328125000000000000e+00
-1.500000000000000000e+00
2.406250000000000000e+00
1.601562500000000000e+00
3.140625000000000000e+00
1.357421875000000000e-01
6.406250000000000000e-01
7.851562500000000000e-01
4.343750000000000000e+00
1.726562500000000000e+00
9.257812500000000000e-01
-9.960937500000000000e-01
1.007812500000000000e+00
2.453125000000000000e+00
-5.117187500000000000e-01
3.062500000000000000e+00
3.750000000000000000e+00
1.687500000000000000e+00
2.109375000000000000e+00
-5.312500000000000000e-01
1.156250000000000000e+00
-1.585937500000000000e+00
-1.226562500000000000e+00
7.382812500000000000e-01
3.062500000000000000e+00
-9.687500000000000000e-01
-2.578125000000000000e+00
3.691406250000000000e-01
3.578125000000000000e+00
-1.015625000000000000e-01
-1.773437500000000000e+00
2.578125000000000000e+00
2.796875000000000000e+00
-2.468750000000000000e+00
3.062500000000000000e+00
-2.359375000000000000e+00
9.570312500000000000e-01
-2.562500000000000000e+00
4.531250000000000000e+00
3.765625000000000000e+00
2.156250000000000000e+00
-2.609375000000000000e+00
1.273437500000000000e+00
-1.093750000000000000e+00
7.304687500000000000e-01
1.242187500000000000e+00
2.158203125000000000e-01
-8.945312500000000000e-01
-2.609375000000000000e+00
5.820312500000000000e-01
-2.656250000000000000e+00
2.968750000000000000e-01
9.619140625000000000e-02
-1.757812500000000000e+00
5.000000000000000000e+00
2.921875000000000000e+00
-9.375000000000000000e-01
9.912109375000000000e-02
-2.281250000000000000e+00
-7.656250000000000000e-01
1.460937500000000000e+00
-3.000000000000000000e+00
-2.531250000000000000e+00
3.203125000000000000e+00
6.914062500000000000e-01
-3.609375000000000000e+00
-8.867187500000000000e-01
6.406250000000000000e-01
3.393554687500000000e-02
-3.417968750000000000e-01
-1.304687500000000000e+00
-4.547119140625000000e-03
-2.265625000000000000e+00
-1.203125000000000000e+00
-2.703125000000000000e+00
3.265625000000000000e+00
-2.062500000000000000e+00
2.578125000000000000e+00
-6.210937500000000000e-01
-2.921875000000000000e+00
-3.109375000000000000e+00
-1.585937500000000000e+00
-2.328125000000000000e+00
-2.656250000000000000e+00
1.468750000000000000e+00
-1.937500000000000000e+00
-8.085937500000000000e-01
1.085937500000000000e+00
-3.769531250000000000e-01
-2.343750000000000000e+00
3.828125000000000000e-01
1.406250000000000000e+00
-1.851562500000000000e+00
-6.757812500000000000e-01
-2.187500000000000000e-01
-2.546875000000000000e+00
2.062500000000000000e+00
1.708984375000000000e-01
3.437500000000000000e-01
3.578125000000000000e+00
2.640625000000000000e+00
2.078125000000000000e+00
2.359375000000000000e+00
2.250000000000000000e+00
-2.000000000000000000e+00
2.859375000000000000e+00
-1.148437500000000000e+00
1.726562500000000000e+00
-2.343750000000000000e-01
1.648437500000000000e+00
1.562500000000000000e+00
-4.531250000000000000e-01
-2.625000000000000000e+00
1.625000000000000000e+00
1.820312500000000000e+00
-9.023437500000000000e-01
1.218750000000000000e+00
-2.187500000000000000e+00
3.015625000000000000e+00
2.312500000000000000e+00
3.613281250000000000e-01
2.953125000000000000e+00
6.445312500000000000e-01
8.320312500000000000e-01
4.565429687500000000e-02
4.312500000000000000e+00
3.625000000000000000e+00
1.937500000000000000e+00
1.820312500000000000e+00
-1.031250000000000000e+00
1.937500000000000000e+00
4.199218750000000000e-01
1.242187500000000000e+00
1.898437500000000000e+00
8.984375000000000000e-02
8.164062500000000000e-01
2.687500000000000000e+00
1.242187500000000000e+00
-2.578125000000000000e+00
-2.625000000000000000e+00
2.921875000000000000e+00
1.750000000000000000e+00
-1.976562500000000000e+00
-3.453125000000000000e+00
2.265625000000000000e+00
2.656250000000000000e+00
1.257812500000000000e+00
-1.750000000000000000e+00
-2.640625000000000000e+00
1.767578125000000000e-01
6.523437500000000000e-01
9.726562500000000000e-01
-3.046875000000000000e+00
1.156250000000000000e+00
2.265625000000000000e+00
1.875000000000000000e+00
1.273437500000000000e+00
-3.046875000000000000e+00
-2.890625000000000000e+00
1.845703125000000000e-01
2.031250000000000000e+00
1.070312500000000000e+00
-1.336669921875000000e-02
-2.359375000000000000e+00
2.437500000000000000e+00
3.375000000000000000e+00
2.312500000000000000e+00
-1.210937500000000000e+00
4.250000000000000000e+00
-1.179687500000000000e+00
-1.513671875000000000e-01
-1.851562500000000000e+00
9.062500000000000000e-01
-2.187500000000000000e+00
2.218750000000000000e+00
-9.570312500000000000e-01
3.125000000000000000e+00
-6.679687500000000000e-01
1.382812500000000000e+00
-1.289062500000000000e+00
-2.236328125000000000e-01
-8.945312500000000000e-01
-3.640625000000000000e+00
-8.320312500000000000e-01
4.824218750000000000e-01
-1.687500000000000000e+00
2.812500000000000000e+00
1.429687500000000000e+00
5.820312500000000000e-01
1.023437500000000000e+00
-1.750000000000000000e+00
-3.546875000000000000e+00
3.078125000000000000e+00
2.265625000000000000e+00
-1.773437500000000000e+00
2.125000000000000000e+00
4.343750000000000000e+00
-8.750000000000000000e-01
1.875000000000000000e+00
-1.689453125000000000e-01
1.304687500000000000e+00
-1.164062500000000000e+00
-2.949218750000000000e-01
-2.937500000000000000e+00
2.609375000000000000e+00
-1.455078125000000000e-01
2.671875000000000000e+00
