2.531250000000000000e+00
7.226562500000000000e-01
-2.750000000000000000e+00
2.203125000000000000e+00
-9.648437500000000000e-01
-8.867187500000000000e-01
1.210937500000000000e+00
1.500000000000000000e+00
-1.476562500000000000e+00
-2.140625000000000000e+00
1.687500000000000000e+00
1.750000000000000000e+00
2.390625000000000000e+00
5.898437500000000000e-01
1.750000000000000000e+00
7.695312500000000000e-01
-2.078125000000000000e+00
1.726562500000000000e+00
3.453125000000000000e+00
9.094238281250000000e-03
-6.757812500000000000e-01
1.289062500000000000e+00
-5.000000000000000000e+00
-6.328125000000000000e-01
1.937500000000000000e+00
1.296875000000000000e+00
-3.562500000000000000e+00
-1.460937500000000000e+00
1.281250000000000000e+00
-2.453125000000000000e+00
3.046875000000000000e+00
-1.625000000000000000e+00
2.609375000000000000e+00
-1.460937500000000000e+00
-1.687500000000000000e+00
-2.000000000000000000e+00
-7.617187500000000000e-01
1.435546875000000000e-01
7.929687500000000000e-01
2.792968750000000000e-01
-1.007812500000000000e+00
3.453125000000000000e+00
2.140625000000000000e+00
-7.382812500000000000e-01
-2.750000000000000000e+00
8.554687500000000000e-01
1.125000000000000000e+00
7.617187500000000000e-01
-2.929687500000000000e-02
2.156250000000000000e+00
7.187500000000000000e-01
-2.406250000000000000e+00
0.000000000000000000e+00
-1.562500000000000000e+00
2.609375000000000000e+00
2.359375000000000000e+00
6.601562500000000000e-01
3.847656250000000000e-01
1.187500000000000000e+00
1.523437500000000000e+00
3.066406250000000000e-01
1.054687500000000000e+00
1.062500000000000000e+00
3.015625000000000000e+00
2.578125000000000000e+00
1.157226562500000000e-01
2.734375000000000000e+00
7.666015625000000000e-02
1.726562500000000000e+00
3.247070312500000000e-02
-2.187500000000000000e+00
5.507812500000000000e-01
9.843750000000000000e-01
-2.046875000000000000e+00
1.257812500000000000e+00
-2.937500000000000000e+00
3.296875000000000000e+00
1.015625000000000000e+00
2.875000000000000000e+00
6.523437500000000000e-01
2.453125000000000000e+00
1.320312500000000000e+00
-3.769531250000000000e-01
-5.000000000000000000e-01
-2.515625000000000000e+00
-4.218750000000000000e-01
1.382812500000000000e+00
2.421875000000000000e+00
8.906250000000000000e-01
-3.328125000000000000e+00
4.980468750000000000e-01
2.375000000000000000e+00
-2.046875000000000000e+00
1.156250000000000000e+00
-1.039062500000000000e+00
-2.640625000000000000e+00
4.031250000000000000e+00
1.875000000000000000e+00
-3.250000000000000000e+00
7.187500000000000000e-01
2.328125000000000000e+00
-2.500000000000000000e+00
-2.359375000000000000e+00
1.664062500000000000e+00
2.875000000000000000e+00
2.984375000000000000e+00
-8.320312500000000000e-01
1.101562500000000000e+00
-1.281250000000000000e+00
8.945312500000000000e-01
3.453125000000000000e+00
-2.578125000000000000e+00
2.558593750000000000e-01
8.945312500000000000e-01
-1.218750000000000000e+00
3.250000000000000000e+00
-1.460937500000000000e+00
-8.945312500000000000e-01
-1.695312500000000000e+00
-1.093750000000000000e+00
-2.359375000000000000e+00
-2.562500000000000000e+00
-7.968750000000000000e-01
1.398437500000000000e+00
7.695312500000000000e-01
9.570312500000000000e-01
2.437500000000000000e+00
3.546875000000000000e+00
2.421875000000000000e+00
7.656250000000000000e-01
4.765625000000000000e-01
6.176757812500000000e-02
1.242187500000000000e+00
-1.726562500000000000e+00
1.812500000000000000e+00
3.593750000000000000e-01
7.304687500000000000e-01
1.960937500000000000e+00
2.578125000000000000e+00
-2.203125000000000000e+00
-1.845703125000000000e-01
1.718750000000000000e-01
2.625000000000000000e+00
6.718750000000000000e-01
2.421875000000000000e+00
-2.000000000000000000e+00
2.453125000000000000e+00
-3.203125000000000000e-01
2.140625000000000000e+00
2.171875000000000000e+00
3.671875000000000000e+00
-9.882812500000000000e-01
-1.773437500000000000e+00
-8.750000000000000000e-01
-1.375000000000000000e+00
-6.787109375000000000e-02
-7.187500000000000000e-01
8.007812500000000000e-02
-3.261718750000000000e-01
-2.046875000000000000e+00
5.039062500000000000e-01
1.273437500000000000e+00
1.500000000000000000e+00
-1.015625000000000000e+00
1.187500000000000000e+00
3.296875000000000000e+00
-1.960937500000000000e+00
3.222656250000000000e-01
1.304687500000000000e+00
-2.125000000000000000e+00
1.218750000000000000e+00
-1.640625000000000000e-01
3.328125000000000000e+00
2.593750000000000000e+00
2.539062500000000000e-01
3.062500000000000000e+00
9.375000000000000000e-01
2.000000000000000000e+00
-1.343750000000000000e+00
2.031250000000000000e+00
6.523437500000000000e-01
2.562500000000000000e+00
5.000000000000000000e-01
7.343750000000000000e-01
8.164062500000000000e-01
3.578125000000000000e+00
1.625000000000000000e+00
7.812500000000000000e-01
-1.148437500000000000e+00
9.335937500000000000e-01
2.062500000000000000e+00
-3.847656250000000000e-01
2.468750000000000000e+00
3.265625000000000000e+00
1.500000000000000000e+00
8.164062500000000000e-01
-6.601562500000000000e-01
-3.125000000000000000e-02
-1.601562500000000000e+00
-1.101562500000000000e+00
6.562500000000000000e-01
1.914062500000000000e+00
-1.054687500000000000e+00
-2.125000000000000000e+00
4.863281250000000000e-01
2.750000000000000000e+00
4.785156250000000000e-01
-1.625000000000000000e+00
2.171875000000000000e+00
2.140625000000000000e+00
-2.140625000000000000e+00
2.484375000000000000e+00
-2.265625000000000000e+00
7.226562500000000000e-01
-2.265625000000000000e+00
3.640625000000000000e+00
2.750000000000000000e+00
1.789062500000000000e+00
-2.171875000000000000e+00
-3.125000000000000000e-02
-1.070312500000000000e+00
6.601562500000000000e-01
1.070312500000000000e+00
3.378906250000000000e-01
-1.875000000000000000e+00
-2.375000000000000000e+00
6.562500000000000000e-01
-2.312500000000000000e+00
-3.847656250000000000e-01
7.763671875000000000e-02
-1.445312500000000000e+00
3.562500000000000000e+00
1.875000000000000000e+00
-9.726562500000000000e-01
7.177734375000000000e-02
-2.125000000000000000e+00
-7.460937500000000000e-01
1.171875000000000000e+00
-2.890625000000000000e+00
-2.515625000000000000e+00
2.875000000000000000e+00
6.601562500000000000e-01
-2.921875000000000000e+00
-7.617187500000000000e-01
6.992187500000000000e-01
9.228515625000000000e-02
-3.964843750000000000e-01
-1.242187500000000000e+00
7.763671875000000000e-02
-2.031250000000000000e+00
-2.390625000000000000e+00
-2.421875000000000000e+00
1.992187500000000000e+00
-2.015625000000000000e+00
2.265625000000000000e+00
-4.824218750000000000e-01
-2.515625000000000000e+00
-2.578125000000000000e+00
-1.406250000000000000e+00
-1.695312500000000000e+00
-2.125000000000000000e+00
1.585937500000000000e+00
-1.914062500000000000e+00
-5.898437500000000000e-01
1.070312500000000000e+00
-4.628906250000000000e-01
-1.773437500000000000e+00
4.394531250000000000e-01
1.437500000000000000e+00
-1.710937500000000000e+00
-3.886718750000000000e-01
-2.460937500000000000e-01
-2.109375000000000000e+00
1.812500000000000000e+00
2.792968750000000000e-01
-1.484375000000000000e-01
2.937500000000000000e+00
1.375000000000000000e+00
1.851562500000000000e+00
1.750000000000000000e+00
1.757812500000000000e+00
-1.718750000000000000e+00
2.890625000000000000e+00
-1.125000000000000000e+00
1.906250000000000000e+00
-2.636718750000000000e-01
1.273437500000000000e+00
1.367187500000000000e+00
-5.312500000000000000e-01
-2.140625000000000000e+00
1.554687500000000000e+00
1.523437500000000000e+00
-7.656250000000000000e-01
1.062500000000000000e+00
-2.109375000000000000e+00
2.750000000000000000e+00
1.812500000000000000e+00
7.226562500000000000e-01
2.562500000000000000e+00
6.992187500000000000e-01
7.773437500000000000e-01
9.765625000000000000e-02
3.250000000000000000e+00
3.203125000000000000e+00
1.492187500000000000e+00
1.601562500000000000e+00
-1.101562500000000000e+00
1.101562500000000000e+00
3.203125000000000000e-01
1.085937500000000000e+00
1.539062500000000000e+00
4.589843750000000000e-01
7.695312500000000000e-01
2.265625000000000000e+00
1.117187500000000000e+00
-2.078125000000000000e+00
-2.578125000000000000e+00
2.265625000000000000e+00
1.367187500000000000e+00
-1.968750000000000000e+00
-3.312500000000000000e+00
1.804687500000000000e+00
2.296875000000000000e+00
1.218750000000000000e+00
-2.312500000000000000e+00
-2.187500000000000000e+00
5.200195312500000000e-02
9.726562500000000000e-01
8.945312500000000000e-01
-2.546875000000000000e+00
1.070312500000000000e+00
2.015625000000000000e+00
1.625000000000000000e+00
1.210937500000000000e+00
-2.687500000000000000e+00
-3.562500000000000000e+00
3.730468750000000000e-01
6.679687500000000000e-01
8.164062500000000000e-01
8.349609375000000000e-02
-2.375000000000000000e+00
2.015625000000000000e+00
2.875000000000000000e+00
1.843750000000000000e+00
-1.179687500000000000e+00
3.562500000000000000e+00
-9.218750000000000000e-01
6.787109375000000000e-02
-1.710937500000000000e+00
9.257812500000000000e-01
-2.109375000000000000e+00
1.687500000000000000e+00
-2.773437500000000000e-01
2.328125000000000000e+00
-3.027343750000000000e-01
1.023437500000000000e+00
-1.125000000000000000e+00
-8.320312500000000000e-01
-7.851562500000000000e-01
-4.281250000000000000e+00
-6.250000000000000000e-01
4.843750000000000000e-01
-2.578125000000000000e+00
2.265625000000000000e+00
1.335937500000000000e+00
8.398437500000000000e-01
5.664062500000000000e-01
-1.742187500000000000e+00
-2.984375000000000000e+00
2.562500000000000000e+00
1.726562500000000000e+00
-1.437500000000000000e+00
1.914062500000000000e+00
3.484375000000000000e+00
-4.218750000000000000e-01
1.500000000000000000e+00
-1.552734375000000000e-01
1.210937500000000000e+00
-8.945312500000000000e-01
-3.593750000000000000e-01
-2.484375000000000000e+00
2.250000000000000000e+00
2.158203125000000000e-01
1.531250000000000000e+00
