4.593750000000000000e+00
7.851562500000000000e-01
-3.062500000000000000e+00
2.703125000000000000e+00
-4.453125000000000000e-01
-2.236328125000000000e-01
1.710937500000000000e+00
1.945312500000000000e+00
-1.125000000000000000e+00
-1.976562500000000000e+00
2.109375000000000000e+00
1.773437500000000000e+00
2.515625000000000000e+00
6.328125000000000000e-01
2.328125000000000000e+00
1.195312500000000000e+00
-2.171875000000000000e+00
2.078125000000000000e+00
4.750000000000000000e+00
-4.433593750000000000e-01
-6.406250000000000000e-01
1.531250000000000000e+00
-3.140625000000000000e+00
-8.007812500000000000e-01
2.265625000000000000e+00
1.625000000000000000e+00
-2.046875000000000000e+00
-1.070312500000000000e+00
1.257812500000000000e+00
-2.468750000000000000e+00
3.687500000000000000e+00
-1.500000000000000000e+00
3.000000000000000000e+00
-1.375000000000000000e+00
-1.414062500000000000e+00
-1.875000000000000000e+00
-3.466796875000000000e-02
1.043701171875000000e-02
1.304687500000000000e+00
-5.390625000000000000e-01
-5.273437500000000000e-01
4.062500000000000000e+00
2.234375000000000000e+00
-1.007812500000000000e+00
-2.015625000000000000e+00
1.265625000000000000e+00
1.289062500000000000e+00
4.433593750000000000e-01
2.519531250000000000e-01
3.000000000000000000e+00
5.351562500000000000e-01
-2.078125000000000000e+00
1.166992187500000000e-01
-1.914062500000000000e+00
3.000000000000000000e+00
3.515625000000000000e+00
1.923828125000000000e-01
2.359375000000000000e+00
1.312500000000000000e+00
1.718750000000000000e+00
2.236328125000000000e-01
1.312500000000000000e+00
8.007812500000000000e-01
3.890625000000000000e+00
2.703125000000000000e+00
-1.696777343750000000e-02
3.421875000000000000e+00
5.859375000000000000e-02
1.742187500000000000e+00
-1.069335937500000000e-01
-1.976562500000000000e+00
1.351562500000000000e+00
9.101562500000000000e-01
-2.453125000000000000e+00
1.437500000000000000e+00
-3.125000000000000000e+00
3.765625000000000000e+00
1.437500000000000000e+00
3.359375000000000000e+00
6.875000000000000000e-01
2.765625000000000000e+00
1.742187500000000000e+00
-6.757812500000000000e-01
-7.382812500000000000e-01
-3.515625000000000000e+00
-2.148437500000000000e-02
2.921875000000000000e+00
3.125000000000000000e+00
1.398437500000000000e+00
-2.515625000000000000e+00
-1.191406250000000000e-01
2.203125000000000000e+00
-2.953125000000000000e+00
9.335937500000000000e-01
-1.164062500000000000e+00
-2.187500000000000000e+00
5.906250000000000000e+00
2.296875000000000000e+00
-2.421875000000000000e+00
9.648437500000000000e-01
3.546875000000000000e+00
-2.171875000000000000e+00
-2.390625000000000000e+00
1.882812500000000000e+00
3.671875000000000000e+00
3.562500000000000000e+00
-8.007812500000000000e-01
1.500000000000000000e+00
-1.156250000000000000e+00
3.535156250000000000e-01
4.156250000000000000e+00
-2.312500000000000000e+00
3.203125000000000000e-01
5.468750000000000000e-01
-8.554687500000000000e-01
3.625000000000000000e+00
-1.757812500000000000e+00
-1.445312500000000000e+00
-1.539062500000000000e+00
-1.085937500000000000e+00
-2.265625000000000000e+00
-2.234375000000000000e+00
-1.500000000000000000e+00
2.078125000000000000e+00
9.179687500000000000e-01
1.664062500000000000e+00
2.812500000000000000e+00
4.406250000000000000e+00
3.000000000000000000e+00
7.851562500000000000e-01
6.757812500000000000e-01
-6.367187500000000000e-01
1.617187500000000000e+00
-1.929687500000000000e+00
2.296875000000000000e+00
6.500244140625000000e-03
4.472656250000000000e-01
2.750000000000000000e+00
2.890625000000000000e+00
-1.929687500000000000e+00
-5.039062500000000000e-01
1.043701171875000000e-02
3.171875000000000000e+00
1.093750000000000000e+00
3.000000000000000000e+00
-1.570312500000000000e+00
4.031250000000000000e+00
-1.093750000000000000e+00
2.765625000000000000e+00
2.671875000000000000e+00
5.281250000000000000e+00
-5.468750000000000000e-01
-1.789062500000000000e+00
-3.007812500000000000e-01
-1.101562500000000000e+00
1.460937500000000000e+00
-6.210937500000000000e-01
-1.818847656250000000e-02
1.845703125000000000e-01
-2.093750000000000000e+00
2.490234375000000000e-01
1.398437500000000000e+00
1.648437500000000000e+00
-4.433593750000000000e-01
8.007812500000000000e-01
3.953125000000000000e+00
-1.539062500000000000e+00
3.320312500000000000e-01
1.710937500000000000e+00
-2.421875000000000000e+00
1.460937500000000000e+00
-3.457031250000000000e-01
3.875000000000000000e+00
3.171875000000000000e+00
1.826171875000000000e-01
3.453125000000000000e+00
6.914062500000000000e-01
2.500000000000000000e+00
-7.460937500000000000e-01
2.500000000000000000e+00
2.062500000000000000e+00
3.250000000000000000e+00
5.200195312500000000e-02
3.730468750000000000e-01
7.304687500000000000e-01
4.343750000000000000e+00
1.914062500000000000e+00
9.648437500000000000e-01
-6.601562500000000000e-01
1.203125000000000000e+00
2.656250000000000000e+00
-5.664062500000000000e-01
3.046875000000000000e+00
3.703125000000000000e+00
1.757812500000000000e+00
2.734375000000000000e+00
-3.515625000000000000e-01
1.914062500000000000e+00
-1.585937500000000000e+00
-1.164062500000000000e+00
8.320312500000000000e-01
3.250000000000000000e+00
-1.046875000000000000e+00
-2.140625000000000000e+00
6.562500000000000000e-01
3.500000000000000000e+00
-7.382812500000000000e-01
-1.656250000000000000e+00
2.640625000000000000e+00
2.812500000000000000e+00
-2.000000000000000000e+00
3.000000000000000000e+00
-1.664062500000000000e+00
1.250000000000000000e+00
-1.898437500000000000e+00
4.593750000000000000e+00
3.875000000000000000e+00
2.359375000000000000e+00
-2.156250000000000000e+00
2.078125000000000000e+00
-1.007812500000000000e+00
1.101562500000000000e+00
1.250000000000000000e+00
2.871093750000000000e-01
-6.250000000000000000e-02
-2.562500000000000000e+00
2.949218750000000000e-01
-2.265625000000000000e+00
7.968750000000000000e-01
7.382812500000000000e-01
-1.812500000000000000e+00
5.187500000000000000e+00
3.234375000000000000e+00
-7.460937500000000000e-01
1.562500000000000000e-02
-1.812500000000000000e+00
1.796875000000000000e-01
1.773437500000000000e+00
-2.984375000000000000e+00
-2.312500000000000000e+00
3.203125000000000000e+00
5.742187500000000000e-01
-3.515625000000000000e+00
3.906250000000000000e-02
3.183593750000000000e-01
-3.613281250000000000e-01
-7.851562500000000000e-01
-6.835937500000000000e-01
-1.826171875000000000e-01
-1.851562500000000000e+00
6.250000000000000000e-02
-2.640625000000000000e+00
3.984375000000000000e+00
-1.585937500000000000e+00
2.562500000000000000e+00
-1.494140625000000000e-01
-2.640625000000000000e+00
-3.046875000000000000e+00
-1.570312500000000000e+00
-1.687500000000000000e+00
-1.929687500000000000e+00
6.601562500000000000e-01
-1.539062500000000000e+00
-2.041015625000000000e-01
1.242187500000000000e+00
-1.865234375000000000e-01
-2.046875000000000000e+00
-9.094238281250000000e-03
1.257812500000000000e+00
-1.687500000000000000e+00
-8.085937500000000000e-01
-3.828125000000000000e-01
-2.125000000000000000e+00
2.078125000000000000e+00
1.176757812500000000e-01
5.546875000000000000e-01
3.500000000000000000e+00
3.015625000000000000e+00
2.203125000000000000e+00
2.656250000000000000e+00
2.390625000000000000e+00
-1.679687500000000000e+00
2.265625000000000000e+00
-9.492187500000000000e-01
1.445312500000000000e+00
-9.375000000000000000e-02
1.750000000000000000e+00
1.726562500000000000e+00
-6.132812500000000000e-01
-2.359375000000000000e+00
1.625000000000000000e+00
2.062500000000000000e+00
-1.593750000000000000e+00
1.367187500000000000e+00
-1.476562500000000000e+00
2.921875000000000000e+00
2.359375000000000000e+00
7.656250000000000000e-01
2.796875000000000000e+00
1.054687500000000000e+00
1.070312500000000000e+00
-9.228515625000000000e-02
4.531250000000000000e+00
3.578125000000000000e+00
2.078125000000000000e+00
2.171875000000000000e+00
-1.023437500000000000e+00
2.515625000000000000e+00
5.468750000000000000e-01
1.132812500000000000e+00
1.937500000000000000e+00
-2.031250000000000000e-01
8.398437500000000000e-01
2.703125000000000000e+00
1.523437500000000000e+00
-2.312500000000000000e+00
-1.804687500000000000e+00
3.000000000000000000e+00
1.968750000000000000e+00
-1.875000000000000000e+00
-2.562500000000000000e+00
2.328125000000000000e+00
2.796875000000000000e+00
1.468750000000000000e+00
-1.335937500000000000e+00
-2.312500000000000000e+00
2.600097656250000000e-02
8.476562500000000000e-01
1.187500000000000000e+00
-2.734375000000000000e+00
1.289062500000000000e+00
2.312500000000000000e+00
2.328125000000000000e+00
1.539062500000000000e+00
-2.953125000000000000e+00
-1.835937500000000000e+00
2.734375000000000000e-01
2.640625000000000000e+00
6.679687500000000000e-01
-1.533203125000000000e-01
-2.093750000000000000e+00
2.625000000000000000e+00
3.046875000000000000e+00
2.312500000000000000e+00
-1.109375000000000000e+00
4.281250000000000000e+00
-1.046875000000000000e+00
3.828125000000000000e-01
-1.562500000000000000e+00
5.312500000000000000e-01
-1.132812500000000000e+00
2.328125000000000000e+00
-1.007812500000000000e+00
3.250000000000000000e+00
-4.902343750000000000e-01
1.265625000000000000e+00
-1.101562500000000000e+00
4.433593750000000000e-01
-3.242187500000000000e-01
-2.515625000000000000e+00
-6.093750000000000000e-01
-9.130859375000000000e-02
-7.968750000000000000e-01
2.953125000000000000e+00
1.601562500000000000e+00
3.808593750000000000e-01
1.296875000000000000e+00
-1.343750000000000000e+00
-3.953125000000000000e+00
3.140625000000000000e+00
2.406250000000000000e+00
-1.195312500000000000e+00
2.265625000000000000e+00
4.281250000000000000e+00
-1.179687500000000000e+00
2.015625000000000000e+00
-2.597656250000000000e-01
1.414062500000000000e+00
-4.921875000000000000e-01
-4.589843750000000000e-01
-2.453125000000000000e+00
2.640625000000000000e+00
-2.265625000000000000e-01
2.953125000000000000e+00
