-1.898437500000000000e+00
5.000000000000000000e-01
-1.523437500000000000e+00
6.640625000000000000e-01
-2.294921875000000000e-01
1.742187500000000000e+00
8.242187500000000000e-01
5.273437500000000000e-01
-4.667968750000000000e-01
-9.570312500000000000e-01
8.242187500000000000e-01
5.937500000000000000e-01
1.554687500000000000e+00
3.833007812500000000e-02
5.781250000000000000e-01
1.982421875000000000e-01
1.015625000000000000e-01
3.671875000000000000e-01
-5.742187500000000000e-01
-1.554687500000000000e+00
-6.367187500000000000e-01
3.046875000000000000e+00
-5.875000000000000000e+00
-8.398437500000000000e-01
3.691406250000000000e-01
-1.250000000000000000e-01
-3.734375000000000000e+00
-1.000000000000000000e+00
-5.703125000000000000e-01
-6.250000000000000000e-01
7.187500000000000000e-01
2.375000000000000000e+00
5.976562500000000000e-01
-6.289062500000000000e-01
1.845703125000000000e-01
-1.382812500000000000e+00
1.789062500000000000e+00
-8.085937500000000000e-01
-1.337890625000000000e-01
-1.562500000000000000e+00
-6.093750000000000000e-01
1.062500000000000000e+00
4.121093750000000000e-01
-1.035156250000000000e-01
-1.226562500000000000e+00
1.148437500000000000e+00
9.531250000000000000e-01
-4.394531250000000000e-01
1.414062500000000000e+00
3.906250000000000000e-01
-8.867187500000000000e-01
-1.218750000000000000e+00
2.375000000000000000e+00
-4.121093750000000000e-01
3.535156250000000000e-01
-2.343750000000000000e-01
-6.562500000000000000e-01
-3.750000000000000000e+00
2.880859375000000000e-02
2.197265625000000000e-01
-1.179687500000000000e+00
8.437500000000000000e-01
-8.945312500000000000e-01
1.523437500000000000e+00
1.335937500000000000e+00
-1.446533203125000000e-02
3.750000000000000000e-01
2.460937500000000000e-01
-5.976562500000000000e-01
5.664062500000000000e-01
-1.195312500000000000e+00
1.296875000000000000e+00
-2.578125000000000000e-01
-1.468750000000000000e+00
2.359375000000000000e+00
1.273437500000000000e+00
1.335937500000000000e+00
1.257812500000000000e+00
1.101562500000000000e+00
-3.750000000000000000e-01
2.281250000000000000e+00
4.062500000000000000e-01
-9.179687500000000000e-01
-8.632812500000000000e-01
-2.125000000000000000e+00
1.320312500000000000e+00
-8.164062500000000000e-01
6.523437500000000000e-01
4.003906250000000000e-01
-1.617187500000000000e+00
-8.750000000000000000e-01
5.976562500000000000e-01
-7.500000000000000000e-01
-8.125000000000000000e-01
1.710937500000000000e+00
-2.558593750000000000e-01
-7.812500000000000000e-01
4.375000000000000000e-01
-8.242187500000000000e-01
1.281250000000000000e+00
8.544921875000000000e-02
-1.750000000000000000e+00
-9.882812500000000000e-01
1.789062500000000000e+00
7.617187500000000000e-01
9.570312500000000000e-01
1.806640625000000000e-01
2.125000000000000000e+00
-1.187500000000000000e+00
-1.117187500000000000e+00
1.085937500000000000e+00
-1.923828125000000000e-01
2.093750000000000000e+00
-2.470703125000000000e-01
-5.078125000000000000e-01
1.218750000000000000e+00
2.531250000000000000e+00
-5.585937500000000000e-01
-1.617187500000000000e+00
-8.154296875000000000e-02
-4.980468750000000000e-01
-1.218750000000000000e+00
-5.429687500000000000e-01
8.437500000000000000e-01
1.460937500000000000e+00
3.378906250000000000e-01
1.257812500000000000e+00
8.867187500000000000e-01
8.007812500000000000e-01
8.554687500000000000e-01
2.296875000000000000e+00
1.093750000000000000e+00
4.589843750000000000e-01
-1.156250000000000000e+00
-2.937500000000000000e+00
-6.523437500000000000e-01
-7.500000000000000000e-01
1.660156250000000000e-01
1.117187500000000000e+00
-7.500000000000000000e-01
-1.648437500000000000e+00
2.578125000000000000e+00
1.093750000000000000e+00
3.593750000000000000e-01
1.007812500000000000e+00
-3.847656250000000000e-01
-7.812500000000000000e-01
-1.523437500000000000e+00
7.148437500000000000e-01
9.492187500000000000e-01
-1.562500000000000000e+00
-3.046875000000000000e-01
-8.593750000000000000e-01
4.547119140625000000e-03
-1.304687500000000000e+00
-3.390625000000000000e+00
-5.507812500000000000e-01
-7.070312500000000000e-01
2.949218750000000000e-01
-9.726562500000000000e-01
-1.289062500000000000e+00
-1.773437500000000000e+00
1.728515625000000000e-01
-3.546875000000000000e+00
-1.117187500000000000e+00
8.750000000000000000e-01
-8.320312500000000000e-01
-3.125000000000000000e-01
2.265625000000000000e+00
-3.671875000000000000e-01
6.132812500000000000e-01
-6.875000000000000000e-01
1.398437500000000000e+00
6.367187500000000000e-01
-3.378906250000000000e-01
9.101562500000000000e-01
-1.023437500000000000e+00
1.781250000000000000e+00
1.875000000000000000e+00
6.757812500000000000e-01
-1.500000000000000000e+00
7.812500000000000000e-01
-3.984375000000000000e-01
-1.195312500000000000e+00
3.613281250000000000e-01
9.414062500000000000e-01
7.812500000000000000e-01
5.195312500000000000e-01
1.806640625000000000e-01
4.433593750000000000e-01
1.023437500000000000e+00
-9.218750000000000000e-01
5.898437500000000000e-01
1.210937500000000000e+00
4.062500000000000000e-01
-2.421875000000000000e+00
5.898437500000000000e-01
-2.953125000000000000e+00
-1.023437500000000000e+00
-8.906250000000000000e-01
4.785156250000000000e-01
-1.960937500000000000e+00
2.451171875000000000e-01
-3.261718750000000000e-01
-4.809570312500000000e-02
4.511718750000000000e-01
-2.014160156250000000e-02
-1.335937500000000000e+00
4.628906250000000000e-01
2.158203125000000000e-01
-1.148437500000000000e+00
3.964843750000000000e-01
-8.437500000000000000e-01
1.414062500000000000e+00
-4.042968750000000000e-01
8.398437500000000000e-01
-9.804687500000000000e-01
7.500000000000000000e-01
4.628906250000000000e-01
-3.125000000000000000e+00
-7.031250000000000000e-01
-1.806640625000000000e-01
3.242187500000000000e-01
-3.105468750000000000e-01
-4.218750000000000000e+00
-8.437500000000000000e-01
-1.179687500000000000e+00
-2.000000000000000000e+00
-2.437500000000000000e+00
1.585937500000000000e+00
-4.863281250000000000e-01
-9.492187500000000000e-01
-1.437500000000000000e+00
3.535156250000000000e-01
-3.105468750000000000e-01
-1.257812500000000000e+00
3.027343750000000000e-01
1.046875000000000000e+00
-9.257812500000000000e-01
-9.882812500000000000e-01
1.187500000000000000e+00
1.320312500000000000e+00
2.046875000000000000e+00
-2.949218750000000000e-01
-1.250000000000000000e+00
-1.617187500000000000e+00
-1.625000000000000000e+00
-4.199218750000000000e-01
-1.343750000000000000e+00
-1.523437500000000000e+00
-4.468750000000000000e+00
-6.718750000000000000e-01
-1.101562500000000000e+00
-7.148437500000000000e-01
9.570312500000000000e-01
1.195312500000000000e+00
-1.250000000000000000e+00
-6.562500000000000000e-01
-3.393554687500000000e-02
-5.664062500000000000e-01
-5.781250000000000000e-01
-5.273437500000000000e-01
-7.304687500000000000e-01
-4.843750000000000000e-01
7.773437500000000000e-01
9.726562500000000000e-01
-5.937500000000000000e-01
-1.492187500000000000e+00
-7.695312500000000000e-01
-1.320312500000000000e+00
-1.812500000000000000e+00
-9.531250000000000000e-01
-7.382812500000000000e-01
4.531250000000000000e-01
-5.273437500000000000e-01
-2.640625000000000000e+00
7.617187500000000000e-01
-2.468750000000000000e+00
7.929687500000000000e-01
4.433593750000000000e-01
-2.109375000000000000e-01
-1.539062500000000000e+00
-4.121093750000000000e-01
-2.314453125000000000e-01
1.591796875000000000e-01
-4.628906250000000000e-01
4.418945312500000000e-02
6.914062500000000000e-01
-4.121093750000000000e-01
-9.179687500000000000e-01
1.226562500000000000e+00
8.632812500000000000e-01
-1.398437500000000000e+00
7.148437500000000000e-01
-3.847656250000000000e-01
1.117187500000000000e+00
4.687500000000000000e-01
8.544921875000000000e-02
4.843750000000000000e-01
-2.597656250000000000e-01
1.687500000000000000e+00
1.382812500000000000e+00
5.859375000000000000e-02
1.023437500000000000e+00
1.098632812500000000e-01
1.875000000000000000e+00
-8.906250000000000000e-01
-1.046875000000000000e+00
1.476562500000000000e+00
-3.300781250000000000e-01
8.203125000000000000e-02
-1.343750000000000000e+00
1.148437500000000000e+00
6.093750000000000000e-01
5.507812500000000000e-01
-1.320312500000000000e+00
-9.726562500000000000e-01
2.236328125000000000e-01
4.531250000000000000e-01
-9.570312500000000000e-01
-5.820312500000000000e-01
3.691406250000000000e-01
9.843750000000000000e-01
1.710937500000000000e+00
-4.031250000000000000e+00
-8.750000000000000000e-01
-9.804687500000000000e-01
2.558593750000000000e-01
7.226562500000000000e-01
-1.187500000000000000e+00
1.982421875000000000e-01
8.242187500000000000e-01
1.460937500000000000e+00
2.187500000000000000e+00
-1.804687500000000000e+00
-4.156250000000000000e+00
-2.675781250000000000e-01
-3.328125000000000000e+00
-2.093750000000000000e+00
9.804687500000000000e-01
-1.054687500000000000e+00
1.078125000000000000e+00
-3.027343750000000000e-01
2.236328125000000000e-01
-9.882812500000000000e-01
1.132812500000000000e+00
-2.392578125000000000e-01
4.000000000000000000e+00
-1.312500000000000000e+00
-2.078125000000000000e+00
-4.902343750000000000e-01
2.294921875000000000e-01
-2.910156250000000000e-01
1.953125000000000000e-01
-4.355468750000000000e-01
-2.046875000000000000e+00
2.515625000000000000e+00
-2.953125000000000000e+00
2.968750000000000000e-01
-5.156250000000000000e+00
-5.468750000000000000e-01
-1.648437500000000000e+00
-4.562500000000000000e+00
5.273437500000000000e-01
1.085937500000000000e+00
-1.007812500000000000e+00
2.060546875000000000e-01
-6.523437500000000000e-01
-2.437500000000000000e+00
1.039062500000000000e+00
2.392578125000000000e-01
-1.046875000000000000e+00
1.000000000000000000e+00
5.976562500000000000e-01
-3.183593750000000000e-01
6.289062500000000000e-01
-1.718750000000000000e-01
3.847656250000000000e-01
-3.964843750000000000e-01
-7.500000000000000000e-01
-8.554687500000000000e-01
5.507812500000000000e-01
1.523437500000000000e+00
-1.687500000000000000e+00
