9.187500000000000000e+00
6.210937500000000000e-01
-3.828125000000000000e+00
3.828125000000000000e+00
-1.523437500000000000e+00
-2.875000000000000000e+00
1.664062500000000000e+00
2.671875000000000000e+00
-1.937500000000000000e+00
-2.203125000000000000e+00
2.500000000000000000e+00
2.125000000000000000e+00
2.453125000000000000e+00
7.148437500000000000e-01
3.109375000000000000e+00
1.625000000000000000e+00
-3.562500000000000000e+00
2.859375000000000000e+00
9.437500000000000000e+00
3.457031250000000000e-01
-1.585937500000000000e+00
6.210937500000000000e-01
-1.179687500000000000e+00
-6.718750000000000000e-01
3.234375000000000000e+00
2.203125000000000000e+00
-2.714843750000000000e-01
-1.664062500000000000e+00
1.867187500000000000e+00
-3.484375000000000000e+00
6.125000000000000000e+00
-4.750000000000000000e+00
4.468750000000000000e+00
-3.000000000000000000e+00
-2.796875000000000000e+00
-2.078125000000000000e+00
-2.046875000000000000e+00
1.298828125000000000e-01
2.140625000000000000e+00
-2.216796875000000000e-01
-1.562500000000000000e+00
6.218750000000000000e+00
2.343750000000000000e+00
-1.429687500000000000e+00
-3.140625000000000000e+00
7.304687500000000000e-01
1.476562500000000000e+00
1.562500000000000000e-01
-1.132812500000000000e+00
5.218750000000000000e+00
9.804687500000000000e-01
-2.578125000000000000e+00
-1.562500000000000000e+00
-1.929687500000000000e+00
4.781250000000000000e+00
6.781250000000000000e+00
0.000000000000000000e+00
6.656250000000000000e+00
1.750000000000000000e+00
2.468750000000000000e+00
2.558593750000000000e-01
9.804687500000000000e-01
1.820312500000000000e+00
4.656250000000000000e+00
2.812500000000000000e+00
-4.062500000000000000e-01
5.593750000000000000e+00
-3.281250000000000000e-01
1.960937500000000000e+00
-2.218750000000000000e+00
-2.078125000000000000e+00
-4.433593750000000000e-01
1.195312500000000000e+00
-3.953125000000000000e+00
-3.593750000000000000e-01
-6.500000000000000000e+00
4.656250000000000000e+00
8.242187500000000000e-01
4.000000000000000000e+00
1.523437500000000000e+00
2.500000000000000000e+00
2.546875000000000000e+00
-4.394531250000000000e-01
-2.275390625000000000e-01
-3.750000000000000000e+00
-2.140625000000000000e+00
5.781250000000000000e+00
4.843750000000000000e+00
1.773437500000000000e+00
-3.250000000000000000e+00
9.492187500000000000e-01
2.109375000000000000e+00
-3.234375000000000000e+00
1.812500000000000000e+00
-2.953125000000000000e+00
-3.875000000000000000e+00
1.068750000000000000e+01
3.125000000000000000e+00
-4.343750000000000000e+00
2.099609375000000000e-01
6.281250000000000000e+00
-2.593750000000000000e+00
-3.000000000000000000e+00
1.687500000000000000e+00
6.218750000000000000e+00
4.718750000000000000e+00
-1.539062500000000000e+00
7.382812500000000000e-01
-1.195312500000000000e+00
1.203125000000000000e+00
6.343750000000000000e+00
-4.281250000000000000e+00
-6.054687500000000000e-01
1.289062500000000000e+00
-1.539062500000000000e+00
4.531250000000000000e+00
-5.500000000000000000e+00
-1.585937500000000000e+00
-1.937500000000000000e+00
-1.585937500000000000e+00
-3.828125000000000000e+00
-2.578125000000000000e+00
-2.031250000000000000e+00
1.789062500000000000e+00
9.619140625000000000e-02
2.437500000000000000e+00
3.203125000000000000e+00
7.500000000000000000e+00
4.062500000000000000e+00
3.652343750000000000e-01
-6.679687500000000000e-01
-2.234375000000000000e+00
1.750000000000000000e+00
-2.812500000000000000e+00
8.187500000000000000e+00
3.066406250000000000e-01
9.492187500000000000e-01
4.437500000000000000e+00
3.312500000000000000e+00
-3.390625000000000000e+00
4.824218750000000000e-01
-1.625000000000000000e+00
4.093750000000000000e+00
1.195312500000000000e+00
3.703125000000000000e+00
-2.937500000000000000e+00
6.781250000000000000e+00
-1.320312500000000000e+00
4.031250000000000000e+00
3.375000000000000000e+00
1.025000000000000000e+01
-1.898437500000000000e+00
-2.484375000000000000e+00
-8.242187500000000000e-01
-1.437500000000000000e+00
4.281250000000000000e+00
-1.570312500000000000e+00
1.434326171875000000e-02
-9.804687500000000000e-01
-3.578125000000000000e+00
8.945312500000000000e-01
3.453125000000000000e+00
2.625000000000000000e+00
2.671875000000000000e+00
1.523437500000000000e+00
6.468750000000000000e+00
-2.265625000000000000e+00
1.117187500000000000e+00
1.015625000000000000e+00
-3.328125000000000000e+00
1.101562500000000000e+00
6.601562500000000000e-01
5.156250000000000000e+00
4.718750000000000000e+00
3.393554687500000000e-02
4.812500000000000000e+00
1.875000000000000000e+00
2.390625000000000000e+00
-2.796875000000000000e+00
3.375000000000000000e+00
4.156250000000000000e+00
4.406250000000000000e+00
-3.691406250000000000e-01
9.960937500000000000e-01
-8.007812500000000000e-01
7.343750000000000000e+00
1.851562500000000000e+00
9.570312500000000000e-01
-1.304687500000000000e+00
1.210937500000000000e+00
3.000000000000000000e+00
-8.320312500000000000e-01
4.875000000000000000e+00
4.875000000000000000e+00
2.046875000000000000e+00
5.531250000000000000e+00
-1.125000000000000000e+00
5.843750000000000000e+00
-1.695312500000000000e+00
-9.882812500000000000e-01
7.304687500000000000e-01
6.281250000000000000e+00
-1.601562500000000000e+00
-3.875000000000000000e+00
9.531250000000000000e-01
6.125000000000000000e+00
-1.460937500000000000e+00
-2.078125000000000000e+00
3.703125000000000000e+00
4.437500000000000000e+00
-3.234375000000000000e+00
5.093750000000000000e+00
-2.765625000000000000e+00
3.320312500000000000e-01
-3.375000000000000000e+00
6.968750000000000000e+00
6.656250000000000000e+00
2.390625000000000000e+00
-6.093750000000000000e+00
5.625000000000000000e+00
-8.007812500000000000e-01
1.085937500000000000e+00
1.335937500000000000e+00
5.976562500000000000e-01
2.421875000000000000e+00
-3.171875000000000000e+00
1.289062500000000000e+00
-2.203125000000000000e+00
2.421875000000000000e+00
-1.054687500000000000e+00
-1.710937500000000000e+00
9.125000000000000000e+00
7.500000000000000000e+00
-1.851562500000000000e+00
1.679687500000000000e-01
-2.312500000000000000e+00
-2.062500000000000000e+00
1.250000000000000000e+00
-3.984375000000000000e+00
-2.953125000000000000e+00
3.671875000000000000e+00
6.757812500000000000e-01
-7.656250000000000000e+00
-1.500000000000000000e+00
7.617187500000000000e-01
6.289062500000000000e-01
1.748046875000000000e-01
-1.312500000000000000e+00
4.921875000000000000e-01
-2.156250000000000000e+00
2.828125000000000000e+00
-3.390625000000000000e+00
7.343750000000000000e+00
-2.281250000000000000e+00
3.125000000000000000e+00
-1.851562500000000000e+00
-3.625000000000000000e+00
-3.875000000000000000e+00
-2.765625000000000000e+00
-3.515625000000000000e+00
-4.218750000000000000e+00
1.335937500000000000e+00
-2.250000000000000000e+00
-1.039062500000000000e+00
2.451171875000000000e-01
-9.882812500000000000e-01
-3.328125000000000000e+00
1.226562500000000000e+00
2.203125000000000000e+00
-1.539062500000000000e+00
5.234375000000000000e-01
1.069335937500000000e-01
-3.421875000000000000e+00
2.921875000000000000e+00
5.468750000000000000e-01
3.328125000000000000e+00
5.468750000000000000e+00
6.906250000000000000e+00
2.734375000000000000e+00
4.093750000000000000e+00
3.078125000000000000e+00
-1.539062500000000000e+00
2.765625000000000000e+00
-9.804687500000000000e-01
2.078125000000000000e+00
9.912109375000000000e-02
2.812500000000000000e+00
1.820312500000000000e+00
-3.886718750000000000e-01
-3.484375000000000000e+00
1.398437500000000000e+00
2.046875000000000000e+00
-7.851562500000000000e-01
6.210937500000000000e-01
-2.640625000000000000e+00
3.671875000000000000e+00
3.578125000000000000e+00
2.392578125000000000e-01
4.375000000000000000e+00
1.085937500000000000e+00
5.429687500000000000e-01
-1.101562500000000000e+00
7.750000000000000000e+00
5.250000000000000000e+00
3.078125000000000000e+00
1.570312500000000000e+00
-7.851562500000000000e-01
5.968750000000000000e+00
-8.984375000000000000e-02
1.750000000000000000e+00
2.984375000000000000e+00
2.373046875000000000e-01
1.300048828125000000e-02
3.921875000000000000e+00
1.562500000000000000e+00
-3.750000000000000000e+00
-3.015625000000000000e+00
5.156250000000000000e+00
2.812500000000000000e+00
-2.078125000000000000e+00
-4.625000000000000000e+00
3.437500000000000000e+00
3.187500000000000000e+00
1.085937500000000000e+00
4.941406250000000000e-01
-3.875000000000000000e+00
5.218505859375000000e-03
6.132812500000000000e-01
7.460937500000000000e-01
-4.218750000000000000e+00
1.218750000000000000e+00
2.171875000000000000e+00
2.109375000000000000e+00
9.023437500000000000e-01
-3.562500000000000000e+00
8.242187500000000000e-01
5.039062500000000000e-01
6.406250000000000000e+00
3.000000000000000000e+00
-3.906250000000000000e-01
-2.187500000000000000e+00
3.078125000000000000e+00
3.890625000000000000e+00
3.515625000000000000e+00
-1.148437500000000000e+00
6.000000000000000000e+00
-2.828125000000000000e+00
-2.500000000000000000e+00
-2.109375000000000000e+00
2.296875000000000000e+00
-2.640625000000000000e+00
3.671875000000000000e+00
-1.710937500000000000e+00
5.531250000000000000e+00
-1.000000000000000000e+00
3.640625000000000000e+00
-3.703125000000000000e+00
1.757812500000000000e+00
-1.710937500000000000e+00
-8.437500000000000000e-01
-7.656250000000000000e-01
9.960937500000000000e-01
1.117187500000000000e+00
4.718750000000000000e+00
1.398437500000000000e+00
8.593750000000000000e-01
1.820312500000000000e+00
-1.523437500000000000e+00
-4.468750000000000000e+00
4.093750000000000000e+00
4.031250000000000000e+00
-2.078125000000000000e+00
2.578125000000000000e+00
7.843750000000000000e+00
-1.414062500000000000e+00
2.453125000000000000e+00
-5.937500000000000000e-01
1.554687500000000000e+00
-1.382812500000000000e+00
-1.845703125000000000e-01
-4.281250000000000000e+00
4.156250000000000000e+00
-1.085937500000000000e+00
5.843750000000000000e+00
