3.609375000000000000e+00
3.378906250000000000e-01
-2.234375000000000000e+00
2.296875000000000000e+00
3.847656250000000000e-01
1.335937500000000000e+00
2.000000000000000000e+00
1.710937500000000000e+00
-1.031250000000000000e+00
-7.382812500000000000e-01
2.109375000000000000e+00
1.304687500000000000e+00
2.265625000000000000e+00
5.390625000000000000e-01
2.062500000000000000e+00
1.445312500000000000e+00
-1.554687500000000000e+00
1.742187500000000000e+00
4.781250000000000000e+00
-2.078125000000000000e+00
-2.226562500000000000e-01
3.046875000000000000e+00
-2.875000000000000000e+00
-8.437500000000000000e-01
1.875000000000000000e+00
1.234375000000000000e+00
-8.125000000000000000e-01
4.003906250000000000e-01
-3.203125000000000000e-01
-1.382812500000000000e+00
3.453125000000000000e+00
2.792968750000000000e-01
2.578125000000000000e+00
-1.187500000000000000e+00
-3.984375000000000000e-01
-1.187500000000000000e+00
1.476562500000000000e+00
-1.187500000000000000e+00
1.132812500000000000e+00
-2.765625000000000000e+00
5.664062500000000000e-01
3.640625000000000000e+00
7.812500000000000000e-01
-9.179687500000000000e-01
2.382812500000000000e-01
2.000000000000000000e+00
1.085937500000000000e+00
-1.273437500000000000e+00
1.070312500000000000e+00
2.921875000000000000e+00
-1.156250000000000000e+00
-1.273437500000000000e+00
1.976562500000000000e+00
-1.062500000000000000e+00
2.468750000000000000e+00
3.609375000000000000e+00
-2.015625000000000000e+00
1.000000000000000000e+00
5.585937500000000000e-01
1.429687500000000000e+00
-1.851562500000000000e+00
1.476562500000000000e+00
-5.664062500000000000e-01
3.546875000000000000e+00
2.203125000000000000e+00
-4.941406250000000000e-01
2.859375000000000000e+00
-3.027343750000000000e-01
-9.062500000000000000e-01
1.611328125000000000e-01
-1.023437500000000000e+00
1.960937500000000000e+00
-6.367187500000000000e-01
-2.359375000000000000e+00
2.140625000000000000e+00
-1.664062500000000000e+00
3.234375000000000000e+00
1.789062500000000000e+00
2.937500000000000000e+00
7.070312500000000000e-01
3.140625000000000000e+00
1.929687500000000000e+00
-4.316406250000000000e-01
-6.679687500000000000e-01
-3.546875000000000000e+00
1.257812500000000000e+00
3.500000000000000000e+00
2.812500000000000000e+00
1.625000000000000000e+00
-1.118164062500000000e-01
-1.289062500000000000e+00
5.664062500000000000e-01
-3.296875000000000000e+00
-6.484375000000000000e-01
6.054687500000000000e-01
-1.000000000000000000e+00
5.375000000000000000e+00
1.835937500000000000e+00
2.597656250000000000e-01
1.437500000000000000e+00
3.671875000000000000e+00
-4.941406250000000000e-01
-1.648437500000000000e+00
2.296875000000000000e+00
3.796875000000000000e+00
3.078125000000000000e+00
-5.859375000000000000e-01
2.390625000000000000e+00
-2.812500000000000000e-01
-1.406250000000000000e+00
3.859375000000000000e+00
-4.843750000000000000e-01
1.085937500000000000e+00
-1.523437500000000000e+00
-4.433593750000000000e-01
3.250000000000000000e+00
-3.144531250000000000e-01
-1.632812500000000000e+00
-6.093750000000000000e-01
-4.687500000000000000e-01
-1.562500000000000000e+00
-4.375000000000000000e-01
-9.062500000000000000e-01
2.171875000000000000e+00
1.750000000000000000e+00
1.789062500000000000e+00
2.671875000000000000e+00
4.343750000000000000e+00
2.671875000000000000e+00
9.687500000000000000e-01
1.789062500000000000e+00
-7.070312500000000000e-01
1.726562500000000000e+00
-1.445312500000000000e+00
9.257812500000000000e-01
-8.007812500000000000e-01
-8.750000000000000000e-01
2.703125000000000000e+00
2.328125000000000000e+00
-1.804687500000000000e+00
-1.367187500000000000e+00
1.320312500000000000e+00
3.187500000000000000e+00
1.476562500000000000e+00
2.812500000000000000e+00
-4.589843750000000000e-01
3.390625000000000000e+00
-1.601562500000000000e+00
2.875000000000000000e+00
2.859375000000000000e+00
3.546875000000000000e+00
2.470703125000000000e-01
-8.867187500000000000e-01
6.757812500000000000e-01
4.418945312500000000e-02
3.339843750000000000e-01
-8.437500000000000000e-01
-1.070312500000000000e+00
9.179687500000000000e-01
-1.109375000000000000e+00
-1.445312500000000000e+00
-2.988281250000000000e-01
1.398437500000000000e+00
-9.570312500000000000e-01
-1.085937500000000000e+00
3.671875000000000000e+00
-1.054687500000000000e+00
5.200195312500000000e-02
2.625000000000000000e+00
-1.414062500000000000e+00
1.171875000000000000e+00
-1.203125000000000000e+00
3.562500000000000000e+00
2.765625000000000000e+00
3.906250000000000000e-02
2.765625000000000000e+00
-3.066406250000000000e-01
3.000000000000000000e+00
1.539062500000000000e+00
2.312500000000000000e+00
1.718750000000000000e+00
2.812500000000000000e+00
-1.070312500000000000e+00
-1.648437500000000000e+00
-3.593750000000000000e-01
4.406250000000000000e+00
1.804687500000000000e+00
8.281250000000000000e-01
6.718750000000000000e-01
1.375000000000000000e+00
2.562500000000000000e+00
-1.000000000000000000e+00
2.468750000000000000e+00
3.125000000000000000e+00
1.539062500000000000e+00
1.835937500000000000e+00
3.652343750000000000e-01
1.968750000000000000e+00
-8.320312500000000000e-01
-2.636718750000000000e-01
1.054687500000000000e+00
1.875000000000000000e+00
-2.080078125000000000e-01
-4.863281250000000000e-01
7.500000000000000000e-01
2.890625000000000000e+00
-2.187500000000000000e+00
-8.125000000000000000e-01
2.390625000000000000e+00
2.140625000000000000e+00
-1.460937500000000000e+00
2.640625000000000000e+00
-1.611328125000000000e-01
1.820312500000000000e+00
-4.160156250000000000e-01
4.250000000000000000e+00
2.500000000000000000e+00
2.265625000000000000e+00
-9.882812500000000000e-01
1.820312500000000000e+00
-6.562500000000000000e-01
1.023437500000000000e+00
1.007812500000000000e+00
-4.218750000000000000e-01
-6.718750000000000000e-01
-1.476562500000000000e+00
-1.539062500000000000e+00
-8.164062500000000000e-01
2.597656250000000000e-01
2.265625000000000000e+00
-9.062500000000000000e-01
3.828125000000000000e+00
3.359375000000000000e+00
-5.395507812500000000e-02
-2.275390625000000000e-01
7.031250000000000000e-02
-6.367187500000000000e-01
2.203125000000000000e+00
-2.406250000000000000e+00
-4.628906250000000000e-01
2.750000000000000000e+00
8.554687500000000000e-01
-2.046875000000000000e+00
1.218750000000000000e+00
-1.085937500000000000e+00
-1.460937500000000000e+00
-8.320312500000000000e-01
3.496093750000000000e-01
-1.507812500000000000e+00
-1.611328125000000000e-01
1.669921875000000000e-01
-1.335937500000000000e+00
4.125000000000000000e+00
-3.496093750000000000e-01
2.140625000000000000e+00
1.710937500000000000e+00
-1.601562500000000000e+00
-1.718750000000000000e+00
-7.851562500000000000e-01
-5.742187500000000000e-01
-1.664062500000000000e+00
-2.312500000000000000e+00
-7.617187500000000000e-01
7.275390625000000000e-02
8.867187500000000000e-01
6.562500000000000000e-01
-1.289062500000000000e+00
-1.460937500000000000e+00
-7.460937500000000000e-01
-2.949218750000000000e-01
-7.148437500000000000e-01
-5.195312500000000000e-01
-1.125000000000000000e+00
1.835937500000000000e+00
-7.695312500000000000e-01
1.093750000000000000e-01
2.921875000000000000e+00
2.046875000000000000e+00
2.390625000000000000e+00
2.984375000000000000e+00
1.789062500000000000e+00
-4.218750000000000000e-01
-1.351562500000000000e+00
-1.818847656250000000e-02
-1.767578125000000000e-01
-4.003906250000000000e-01
1.257812500000000000e+00
1.789062500000000000e+00
-9.023437500000000000e-01
-1.554687500000000000e+00
1.601562500000000000e+00
2.062500000000000000e+00
-3.500000000000000000e+00
5.781250000000000000e-01
-1.040039062500000000e-01
2.140625000000000000e+00
1.992187500000000000e+00
3.125000000000000000e-01
2.015625000000000000e+00
9.179687500000000000e-01
1.835937500000000000e+00
3.906250000000000000e-01
4.343750000000000000e+00
3.187500000000000000e+00
1.718750000000000000e+00
2.921875000000000000e+00
-4.746093750000000000e-01
3.234375000000000000e+00
9.687500000000000000e-01
-6.054687500000000000e-01
1.718750000000000000e+00
-1.382812500000000000e+00
8.632812500000000000e-01
2.343750000000000000e+00
1.789062500000000000e+00
-1.843750000000000000e+00
8.203125000000000000e-02
2.750000000000000000e+00
2.046875000000000000e+00
-1.109375000000000000e+00
-1.085937500000000000e+00
2.109375000000000000e+00
2.796875000000000000e+00
2.046875000000000000e+00
-1.906250000000000000e+00
-1.414062500000000000e+00
-1.210937500000000000e+00
7.070312500000000000e-01
1.367187500000000000e+00
-2.062500000000000000e+00
8.437500000000000000e-01
1.492187500000000000e+00
2.828125000000000000e+00
2.515625000000000000e+00
-2.750000000000000000e+00
-6.718750000000000000e-01
3.183593750000000000e-01
1.460937500000000000e+00
-8.789062500000000000e-01
2.478027343750000000e-02
-5.625000000000000000e-01
2.796875000000000000e+00
6.171875000000000000e-01
1.664062500000000000e+00
-5.312500000000000000e-01
3.515625000000000000e+00
-8.710937500000000000e-01
2.250000000000000000e+00
-4.687500000000000000e-01
-1.031250000000000000e+00
4.121093750000000000e-01
1.976562500000000000e+00
-4.355468750000000000e-01
3.140625000000000000e+00
-4.355468750000000000e-01
-1.611328125000000000e-01
3.535156250000000000e-01
-9.375000000000000000e-02
-1.621093750000000000e-01
-2.500000000000000000e+00
-2.187500000000000000e-01
-2.062500000000000000e+00
-1.171875000000000000e+00
2.937500000000000000e+00
1.937500000000000000e+00
-1.109375000000000000e+00
1.414062500000000000e+00
-5.312500000000000000e-01
-3.453125000000000000e+00
2.703125000000000000e+00
2.734375000000000000e+00
1.835937500000000000e-01
2.328125000000000000e+00
4.500000000000000000e+00
-7.812500000000000000e-01
2.015625000000000000e+00
-1.351562500000000000e+00
1.242187500000000000e+00
1.046875000000000000e+00
-9.062500000000000000e-01
-1.757812500000000000e+00
2.562500000000000000e+00
-2.773437500000000000e-01
1.914062500000000000e+00
