1.670000000000000000e+02
-1.368750000000000000e+01
-2.137500000000000000e+01
4.275000000000000000e+01
-1.150000000000000000e+01
-1.862500000000000000e+01
1.581250000000000000e+01
3.275000000000000000e+01
-1.193750000000000000e+01
-6.156250000000000000e+00
2.200000000000000000e+01
4.781250000000000000e+00
2.234375000000000000e+00
5.500000000000000000e+00
3.875000000000000000e+01
2.262500000000000000e+01
-2.462500000000000000e+01
2.750000000000000000e+01
1.450000000000000000e+02
7.500000000000000000e-01
-1.556250000000000000e+01
-5.281250000000000000e+00
1.135000000000000000e+02
-7.406250000000000000e+00
3.275000000000000000e+01
3.300000000000000000e+01
9.950000000000000000e+01
-1.175000000000000000e+01
1.078125000000000000e+00
-2.300000000000000000e+01
7.750000000000000000e+01
-3.137500000000000000e+01
4.375000000000000000e+01
-2.412500000000000000e+01
-2.558593750000000000e-01
-1.181250000000000000e+01
-5.906250000000000000e+00
-1.539062500000000000e+00
3.775000000000000000e+01
-1.700000000000000000e+01
-1.787500000000000000e+01
6.950000000000000000e+01
-3.339843750000000000e-01
-1.837500000000000000e+01
-1.168750000000000000e+01
5.500000000000000000e+00
6.843750000000000000e+00
-2.350000000000000000e+01
-1.025000000000000000e+01
8.100000000000000000e+01
-2.515625000000000000e+00
-3.578125000000000000e+00
-1.862500000000000000e+01
-1.600000000000000000e+01
4.725000000000000000e+01
1.105000000000000000e+02
-3.275000000000000000e+01
1.650000000000000000e+02
-3.421875000000000000e+00
2.400000000000000000e+01
-8.500000000000000000e+00
7.382812500000000000e-01
1.437500000000000000e+00
3.950000000000000000e+01
8.312500000000000000e+00
-2.237500000000000000e+01
7.150000000000000000e+01
-1.850000000000000000e+01
-1.006250000000000000e+01
-4.325000000000000000e+01
9.062500000000000000e-01
-1.662500000000000000e+01
-2.921875000000000000e+00
-3.475000000000000000e+01
-2.237500000000000000e+01
-2.862500000000000000e+01
4.025000000000000000e+01
4.968750000000000000e+00
3.375000000000000000e+01
1.789062500000000000e+00
4.781250000000000000e+00
3.162500000000000000e+01
-1.662500000000000000e+01
-7.406250000000000000e+00
-2.712500000000000000e+01
-1.318750000000000000e+01
1.185000000000000000e+02
6.400000000000000000e+01
2.700000000000000000e+01
-7.093750000000000000e+00
-6.968750000000000000e+00
-2.337500000000000000e+01
-2.800000000000000000e+01
5.273437500000000000e-01
-2.662500000000000000e+01
-1.450000000000000000e+01
1.700000000000000000e+02
3.775000000000000000e+01
-1.012500000000000000e+01
-4.656250000000000000e+00
1.025000000000000000e+02
-9.187500000000000000e+00
-1.281250000000000000e+01
2.109375000000000000e+00
9.000000000000000000e+01
4.275000000000000000e+01
-4.968750000000000000e+00
-3.281250000000000000e-01
-6.156250000000000000e+00
-3.171875000000000000e+00
7.350000000000000000e+01
-1.987500000000000000e+01
-9.937500000000000000e+00
-5.656250000000000000e+00
-7.281250000000000000e+00
2.837500000000000000e+01
-7.150000000000000000e+01
-1.125000000000000000e+01
-9.187500000000000000e+00
-4.625000000000000000e+00
-1.637500000000000000e+01
-4.875000000000000000e+00
-2.087500000000000000e+01
2.300000000000000000e+01
-9.500000000000000000e+00
4.725000000000000000e+01
1.850000000000000000e+01
9.850000000000000000e+01
4.425000000000000000e+01
-1.006250000000000000e+01
-8.562500000000000000e+00
-4.375000000000000000e+01
1.662500000000000000e+01
-1.700000000000000000e+01
1.470000000000000000e+02
-1.100000000000000000e+01
-4.656250000000000000e+00
7.050000000000000000e+01
1.762500000000000000e+01
-1.887500000000000000e+01
1.375000000000000000e+00
-1.812500000000000000e+01
4.225000000000000000e+01
1.850000000000000000e+01
3.400000000000000000e+01
-1.175000000000000000e+01
1.140000000000000000e+02
-2.662500000000000000e+01
4.975000000000000000e+01
3.725000000000000000e+01
1.600000000000000000e+02
-1.650000000000000000e+01
-1.075000000000000000e+01
1.912500000000000000e+01
-1.150000000000000000e+01
1.105000000000000000e+02
-2.000000000000000000e+01
-4.125000000000000000e+00
-9.187500000000000000e+00
-1.612500000000000000e+01
-8.632812500000000000e-01
4.725000000000000000e+01
2.450000000000000000e+01
1.055000000000000000e+02
-2.328125000000000000e+00
7.850000000000000000e+01
-4.750000000000000000e+00
2.087402343750000000e-02
1.414062500000000000e+00
-1.762500000000000000e+01
3.578125000000000000e+00
2.015625000000000000e+00
4.400000000000000000e+01
5.675000000000000000e+01
-1.600000000000000000e+01
4.475000000000000000e+01
1.226562500000000000e+00
1.418750000000000000e+01
-7.343750000000000000e+00
4.025000000000000000e+01
9.050000000000000000e+01
5.275000000000000000e+01
-3.200000000000000000e+01
-6.968750000000000000e+00
-3.900000000000000000e+01
9.350000000000000000e+01
1.150000000000000000e+01
2.796875000000000000e+00
-1.812500000000000000e+01
5.593750000000000000e+00
3.675000000000000000e+01
-8.687500000000000000e+00
6.450000000000000000e+01
4.100000000000000000e+01
1.825000000000000000e+01
1.320000000000000000e+02
1.132812500000000000e+00
1.550000000000000000e+02
-8.062500000000000000e+00
-5.468750000000000000e+00
2.890625000000000000e+00
1.155000000000000000e+02
-5.781250000000000000e+00
-2.212500000000000000e+01
-1.906250000000000000e+00
8.600000000000000000e+01
-4.000000000000000000e+01
-1.712500000000000000e+01
3.875000000000000000e+01
5.875000000000000000e+01
-1.150000000000000000e+01
5.925000000000000000e+01
-1.031250000000000000e+01
5.406250000000000000e+00
-1.050000000000000000e+01
8.600000000000000000e+01
9.850000000000000000e+01
2.362500000000000000e+01
-7.050000000000000000e+01
1.570000000000000000e+02
-2.156250000000000000e+00
-2.578125000000000000e+00
9.562500000000000000e+00
-2.921875000000000000e+00
1.195000000000000000e+02
-1.418750000000000000e+01
-2.734375000000000000e+00
-1.181250000000000000e+01
7.850000000000000000e+01
-6.906250000000000000e+00
-1.143750000000000000e+01
1.390000000000000000e+02
1.400000000000000000e+02
-7.148437500000000000e-01
-3.515625000000000000e+00
-7.656250000000000000e+00
-2.862500000000000000e+01
1.468750000000000000e+01
-1.737500000000000000e+01
-3.765625000000000000e+00
1.812500000000000000e+01
-1.656250000000000000e+00
-6.375000000000000000e+01
-1.293750000000000000e+01
-6.750000000000000000e+00
-1.789062500000000000e+00
-3.437500000000000000e-01
-7.906250000000000000e+00
-4.472656250000000000e-01
-1.025000000000000000e+01
1.560000000000000000e+02
-1.612500000000000000e+01
1.390000000000000000e+02
-6.593750000000000000e+00
2.450000000000000000e+01
-6.750000000000000000e+00
-1.987500000000000000e+01
-3.000000000000000000e+01
-2.037500000000000000e+01
-2.837500000000000000e+01
-3.575000000000000000e+01
-2.150000000000000000e+01
-5.343750000000000000e+00
-1.650000000000000000e+01
-2.362500000000000000e+01
-8.710937500000000000e-01
-2.300000000000000000e+01
-2.234375000000000000e+00
2.988281250000000000e-01
-8.187500000000000000e+00
-1.025000000000000000e+01
-4.718750000000000000e+00
-1.637500000000000000e+01
2.587500000000000000e+01
-3.421875000000000000e+00
9.050000000000000000e+01
5.600000000000000000e+01
1.470000000000000000e+02
2.262500000000000000e+01
6.400000000000000000e+01
3.950000000000000000e+01
-7.750000000000000000e+00
-2.712500000000000000e+01
-2.703125000000000000e+00
-1.568750000000000000e+01
-9.179687500000000000e-01
4.200000000000000000e+01
2.100000000000000000e+01
-5.820312500000000000e-01
-1.500000000000000000e+01
2.015625000000000000e+00
2.137500000000000000e+01
-8.312500000000000000e+00
-1.962500000000000000e+01
-9.687500000000000000e+00
2.262500000000000000e+01
5.025000000000000000e+01
-2.462500000000000000e+01
4.325000000000000000e+01
-7.093750000000000000e+00
5.820312500000000000e-01
-1.556250000000000000e+01
1.155000000000000000e+02
5.000000000000000000e+01
4.325000000000000000e+01
9.250000000000000000e+00
-8.164062500000000000e-01
1.235000000000000000e+02
-3.979492187500000000e-02
-9.312500000000000000e+00
3.900000000000000000e+01
-1.393750000000000000e+01
-2.650000000000000000e+01
4.500000000000000000e+01
1.300000000000000000e+01
-2.462500000000000000e+01
-8.437500000000000000e+00
6.850000000000000000e+01
4.025000000000000000e+01
-6.593750000000000000e+00
-1.368750000000000000e+01
5.075000000000000000e+01
3.187500000000000000e+01
1.554687500000000000e+00
7.350000000000000000e+01
-2.037500000000000000e+01
-2.234375000000000000e+00
-2.300000000000000000e+01
2.609375000000000000e+00
-2.237500000000000000e+01
6.500000000000000000e+00
7.125000000000000000e+00
1.737500000000000000e+01
-1.101562500000000000e+00
-1.468750000000000000e+01
1.265000000000000000e+02
-8.437500000000000000e+00
1.520000000000000000e+02
3.325000000000000000e+01
-2.400000000000000000e+01
-2.515625000000000000e+00
3.625000000000000000e+01
2.637500000000000000e+01
4.525000000000000000e+01
-5.125000000000000000e+00
6.125000000000000000e+01
-2.437500000000000000e+01
-3.225000000000000000e+01
-9.750000000000000000e+00
2.650000000000000000e+01
-1.443750000000000000e+01
5.600000000000000000e+01
-2.137500000000000000e+01
8.550000000000000000e+01
-1.518750000000000000e+01
5.125000000000000000e+01
-2.950000000000000000e+01
7.350000000000000000e+01
-2.437500000000000000e+01
1.075000000000000000e+02
-6.968750000000000000e+00
-2.796875000000000000e+00
1.025000000000000000e+02
6.225000000000000000e+01
3.453125000000000000e+00
-9.750000000000000000e+00
4.700000000000000000e+01
-1.539062500000000000e+00
-2.912500000000000000e+01
3.925000000000000000e+01
5.975000000000000000e+01
-1.418750000000000000e+01
2.000000000000000000e+01
1.105000000000000000e+02
-1.675000000000000000e+01
2.737500000000000000e+01
-2.937500000000000000e+01
7.250000000000000000e+00
-7.156250000000000000e+00
-1.960937500000000000e+00
-2.637500000000000000e+01
4.400000000000000000e+01
-1.712500000000000000e+01
1.160000000000000000e+02
