1.180000000000000000e+02
-7.843750000000000000e+00
-1.550000000000000000e+01
3.137500000000000000e+01
-6.843750000000000000e+00
-1.268750000000000000e+01
1.256250000000000000e+01
2.300000000000000000e+01
-9.062500000000000000e+00
-5.156250000000000000e+00
1.700000000000000000e+01
5.843750000000000000e+00
3.203125000000000000e+00
4.531250000000000000e+00
2.837500000000000000e+01
1.662500000000000000e+01
-2.050000000000000000e+01
2.062500000000000000e+01
1.025000000000000000e+02
7.500000000000000000e-01
-9.500000000000000000e+00
-4.468750000000000000e+00
7.600000000000000000e+01
-5.750000000000000000e+00
2.412500000000000000e+01
2.350000000000000000e+01
6.650000000000000000e+01
-6.625000000000000000e+00
3.453125000000000000e+00
-1.712500000000000000e+01
5.600000000000000000e+01
-2.537500000000000000e+01
3.275000000000000000e+01
-1.662500000000000000e+01
-2.203125000000000000e+00
-8.187500000000000000e+00
-4.593750000000000000e+00
1.062500000000000000e+00
2.562500000000000000e+01
-1.268750000000000000e+01
-1.050000000000000000e+01
5.000000000000000000e+01
3.500000000000000000e+00
-1.368750000000000000e+01
-6.375000000000000000e+00
4.812500000000000000e+00
4.906250000000000000e+00
-1.475000000000000000e+01
-6.906250000000000000e+00
5.700000000000000000e+01
-1.484375000000000000e-01
-2.953125000000000000e+00
-1.300000000000000000e+01
-1.275000000000000000e+01
3.525000000000000000e+01
7.750000000000000000e+01
-2.237500000000000000e+01
1.135000000000000000e+02
9.882812500000000000e-01
1.837500000000000000e+01
-6.375000000000000000e+00
2.046875000000000000e+00
3.515625000000000000e+00
3.062500000000000000e+01
7.125000000000000000e+00
-1.456250000000000000e+01
5.100000000000000000e+01
-1.081250000000000000e+01
-4.281250000000000000e+00
-2.662500000000000000e+01
-1.117187500000000000e+00
-7.625000000000000000e+00
5.351562500000000000e-01
-2.550000000000000000e+01
-1.500000000000000000e+01
-2.562500000000000000e+01
2.987500000000000000e+01
4.031250000000000000e+00
2.562500000000000000e+01
3.671875000000000000e+00
4.250000000000000000e+00
2.350000000000000000e+01
-1.043750000000000000e+01
-6.156250000000000000e+00
-2.137500000000000000e+01
-8.375000000000000000e+00
8.250000000000000000e+01
4.525000000000000000e+01
1.887500000000000000e+01
-3.421875000000000000e+00
-4.343750000000000000e+00
-1.193750000000000000e+01
-2.400000000000000000e+01
1.773437500000000000e+00
-2.012500000000000000e+01
-1.175000000000000000e+01
1.205000000000000000e+02
2.687500000000000000e+01
-5.125000000000000000e+00
-3.062500000000000000e+00
7.200000000000000000e+01
-5.031250000000000000e+00
-1.100000000000000000e+01
1.789062500000000000e+00
6.325000000000000000e+01
3.300000000000000000e+01
-4.031250000000000000e+00
-3.847656250000000000e-01
-3.812500000000000000e+00
-1.937500000000000000e+00
5.275000000000000000e+01
-1.531250000000000000e+01
-7.625000000000000000e+00
-5.281250000000000000e+00
-5.031250000000000000e+00
2.337500000000000000e+01
-5.100000000000000000e+01
-1.000000000000000000e+01
-6.031250000000000000e+00
-3.937500000000000000e+00
-1.281250000000000000e+01
-2.265625000000000000e+00
-1.425000000000000000e+01
1.787500000000000000e+01
-5.468750000000000000e+00
3.275000000000000000e+01
1.481250000000000000e+01
7.000000000000000000e+01
3.225000000000000000e+01
-5.781250000000000000e+00
-6.656250000000000000e+00
-3.012500000000000000e+01
1.250000000000000000e+01
-1.181250000000000000e+01
9.800000000000000000e+01
-8.187500000000000000e+00
-2.546875000000000000e+00
5.075000000000000000e+01
1.418750000000000000e+01
-1.393750000000000000e+01
1.875000000000000000e+00
-1.443750000000000000e+01
3.162500000000000000e+01
1.368750000000000000e+01
2.512500000000000000e+01
-8.937500000000000000e+00
8.100000000000000000e+01
-1.750000000000000000e+01
3.625000000000000000e+01
2.800000000000000000e+01
1.120000000000000000e+02
-1.100000000000000000e+01
-7.875000000000000000e+00
1.181250000000000000e+01
-7.343750000000000000e+00
7.750000000000000000e+01
-1.400000000000000000e+01
-3.078125000000000000e+00
-4.906250000000000000e+00
-1.125000000000000000e+01
8.320312500000000000e-01
3.325000000000000000e+01
1.862500000000000000e+01
6.950000000000000000e+01
3.105468750000000000e-01
5.675000000000000000e+01
-4.468750000000000000e+00
1.429687500000000000e+00
6.992187500000000000e-01
-1.343750000000000000e+01
4.062500000000000000e+00
5.117187500000000000e-01
3.325000000000000000e+01
4.125000000000000000e+01
-9.250000000000000000e+00
3.300000000000000000e+01
3.328125000000000000e+00
1.081250000000000000e+01
-6.343750000000000000e+00
2.837500000000000000e+01
6.325000000000000000e+01
3.800000000000000000e+01
-2.100000000000000000e+01
-3.750000000000000000e+00
-2.437500000000000000e+01
6.700000000000000000e+01
9.312500000000000000e+00
1.304687500000000000e+00
-9.937500000000000000e+00
5.750000000000000000e+00
2.587500000000000000e+01
-6.906250000000000000e+00
4.525000000000000000e+01
3.150000000000000000e+01
1.443750000000000000e+01
9.150000000000000000e+01
-5.117187500000000000e-01
1.060000000000000000e+02
-5.375000000000000000e+00
-3.234375000000000000e+00
1.914062500000000000e+00
8.150000000000000000e+01
-5.593750000000000000e+00
-1.518750000000000000e+01
1.203125000000000000e+00
6.025000000000000000e+01
-3.037500000000000000e+01
-1.168750000000000000e+01
2.912500000000000000e+01
4.175000000000000000e+01
-8.187500000000000000e+00
4.275000000000000000e+01
-6.750000000000000000e+00
3.640625000000000000e+00
-7.406250000000000000e+00
6.275000000000000000e+01
6.950000000000000000e+01
1.825000000000000000e+01
-4.600000000000000000e+01
1.080000000000000000e+02
-1.726562500000000000e+00
6.132812500000000000e-01
7.343750000000000000e+00
-2.125000000000000000e+00
8.150000000000000000e+01
-1.200000000000000000e+01
-7.070312500000000000e-01
-6.250000000000000000e+00
5.400000000000000000e+01
-3.328125000000000000e+00
-7.750000000000000000e+00
9.850000000000000000e+01
9.750000000000000000e+01
-1.476562500000000000e+00
-2.015625000000000000e+00
-4.218750000000000000e+00
-1.737500000000000000e+01
1.168750000000000000e+01
-1.450000000000000000e+01
-3.015625000000000000e+00
1.575000000000000000e+01
-2.671875000000000000e+00
-4.925000000000000000e+01
-4.531250000000000000e+00
-3.453125000000000000e+00
-3.906250000000000000e-01
1.328125000000000000e+00
-3.984375000000000000e+00
5.039062500000000000e-01
-6.156250000000000000e+00
1.060000000000000000e+02
-1.275000000000000000e+01
9.950000000000000000e+01
-4.968750000000000000e+00
1.787500000000000000e+01
-3.453125000000000000e+00
-1.425000000000000000e+01
-2.250000000000000000e+01
-1.450000000000000000e+01
-1.887500000000000000e+01
-2.362500000000000000e+01
-1.687500000000000000e+01
-3.640625000000000000e+00
-9.250000000000000000e+00
-1.418750000000000000e+01
-1.414062500000000000e+00
-1.750000000000000000e+01
-3.964843750000000000e-01
2.750000000000000000e+00
-4.781250000000000000e+00
-5.343750000000000000e+00
-1.726562500000000000e+00
-1.125000000000000000e+01
2.037500000000000000e+01
-2.750000000000000000e+00
6.200000000000000000e+01
4.075000000000000000e+01
1.015000000000000000e+02
1.787500000000000000e+01
4.600000000000000000e+01
2.962500000000000000e+01
-3.859375000000000000e+00
-1.712500000000000000e+01
-2.203125000000000000e+00
-8.375000000000000000e+00
-3.750000000000000000e-01
2.887500000000000000e+01
1.500000000000000000e+01
-1.789062500000000000e+00
-1.156250000000000000e+01
1.937500000000000000e+00
1.600000000000000000e+01
-7.906250000000000000e+00
-9.437500000000000000e+00
-7.093750000000000000e+00
1.812500000000000000e+01
3.475000000000000000e+01
-1.550000000000000000e+01
3.150000000000000000e+01
-1.617187500000000000e+00
-1.318359375000000000e-01
-1.243750000000000000e+01
8.250000000000000000e+01
3.700000000000000000e+01
3.112500000000000000e+01
7.906250000000000000e+00
-1.070312500000000000e+00
8.600000000000000000e+01
-1.656250000000000000e+00
-4.156250000000000000e+00
2.812500000000000000e+01
-8.937500000000000000e+00
-1.481250000000000000e+01
3.300000000000000000e+01
1.075000000000000000e+01
-1.812500000000000000e+01
-5.187500000000000000e+00
4.925000000000000000e+01
2.850000000000000000e+01
-5.468750000000000000e+00
-1.131250000000000000e+01
3.500000000000000000e+01
2.437500000000000000e+01
1.000000000000000000e+00
5.100000000000000000e+01
-1.450000000000000000e+01
1.031250000000000000e+00
-1.331250000000000000e+01
2.359375000000000000e+00
-1.700000000000000000e+01
6.500000000000000000e+00
7.750000000000000000e+00
1.350000000000000000e+01
-2.968750000000000000e-01
-1.256250000000000000e+01
8.450000000000000000e+01
-3.984375000000000000e+00
1.055000000000000000e+02
2.487500000000000000e+01
-1.525000000000000000e+01
-2.109375000000000000e+00
2.612500000000000000e+01
2.037500000000000000e+01
3.250000000000000000e+01
-4.031250000000000000e+00
4.475000000000000000e+01
-1.581250000000000000e+01
-2.500000000000000000e+01
-6.125000000000000000e+00
1.812500000000000000e+01
-9.250000000000000000e+00
3.900000000000000000e+01
-1.418750000000000000e+01
6.075000000000000000e+01
-1.081250000000000000e+01
3.675000000000000000e+01
-2.350000000000000000e+01
5.100000000000000000e+01
-1.612500000000000000e+01
7.200000000000000000e+01
-4.812500000000000000e+00
-1.250000000000000000e+00
7.000000000000000000e+01
4.425000000000000000e+01
3.546875000000000000e+00
-5.843750000000000000e+00
3.250000000000000000e+01
-1.679687500000000000e+00
-2.100000000000000000e+01
2.812500000000000000e+01
4.250000000000000000e+01
-8.187500000000000000e+00
1.481250000000000000e+01
7.750000000000000000e+01
-1.243750000000000000e+01
2.087500000000000000e+01
-1.975000000000000000e+01
6.718750000000000000e+00
-2.687500000000000000e+00
-1.414062500000000000e+00
-1.900000000000000000e+01
3.225000000000000000e+01
-1.418750000000000000e+01
8.050000000000000000e+01
