2.236328125000000000e-01
5.000000000000000000e-01
-2.109375000000000000e+00
1.625000000000000000e+00
-8.398437500000000000e-01
3.535156250000000000e-01
1.281250000000000000e+00
1.226562500000000000e+00
-1.343750000000000000e+00
-1.898437500000000000e+00
1.523437500000000000e+00
1.617187500000000000e+00
2.375000000000000000e+00
6.210937500000000000e-01
1.375000000000000000e+00
6.289062500000000000e-01
-8.867187500000000000e-01
1.281250000000000000e+00
1.179687500000000000e+00
-6.875000000000000000e-01
-2.597656250000000000e-01
2.187500000000000000e+00
-5.750000000000000000e+00
-3.750000000000000000e-01
1.429687500000000000e+00
9.375000000000000000e-01
-4.187500000000000000e+00
-1.468750000000000000e+00
6.445312500000000000e-01
-1.867187500000000000e+00
1.937500000000000000e+00
5.429687500000000000e-01
1.851562500000000000e+00
-5.664062500000000000e-01
-9.375000000000000000e-01
-1.976562500000000000e+00
2.421875000000000000e-01
-3.515625000000000000e-02
3.300781250000000000e-01
-9.179687500000000000e-02
-8.320312500000000000e-01
2.437500000000000000e+00
1.742187500000000000e+00
-4.277343750000000000e-01
-2.484375000000000000e+00
1.179687500000000000e+00
1.250000000000000000e+00
5.898437500000000000e-01
7.382812500000000000e-01
1.148437500000000000e+00
2.558593750000000000e-01
-2.062500000000000000e+00
1.039062500000000000e+00
-1.179687500000000000e+00
1.726562500000000000e+00
8.242187500000000000e-01
5.976562500000000000e-01
-1.867187500000000000e+00
5.546875000000000000e-01
1.218750000000000000e+00
1.367187500000000000e-02
1.117187500000000000e+00
5.351562500000000000e-01
2.437500000000000000e+00
2.390625000000000000e+00
1.235351562500000000e-01
1.710937500000000000e+00
5.273437500000000000e-02
1.085937500000000000e+00
9.062500000000000000e-01
-2.062500000000000000e+00
1.320312500000000000e+00
5.898437500000000000e-01
-1.195312500000000000e+00
2.375000000000000000e+00
-6.718750000000000000e-01
2.750000000000000000e+00
1.304687500000000000e+00
2.312500000000000000e+00
3.164062500000000000e-01
2.796875000000000000e+00
1.023437500000000000e+00
-8.125000000000000000e-01
-7.382812500000000000e-01
-2.078125000000000000e+00
8.593750000000000000e-01
8.349609375000000000e-02
1.632812500000000000e+00
8.125000000000000000e-01
-3.187500000000000000e+00
-9.814453125000000000e-02
1.867187500000000000e+00
-1.539062500000000000e+00
6.914062500000000000e-01
3.769531250000000000e-01
-1.835937500000000000e+00
1.750000000000000000e+00
1.437500000000000000e+00
-2.234375000000000000e+00
1.000000000000000000e+00
1.046875000000000000e+00
-2.453125000000000000e+00
-1.445312500000000000e+00
1.937500000000000000e+00
1.843750000000000000e+00
2.218750000000000000e+00
-5.351562500000000000e-01
1.562500000000000000e+00
-1.304687500000000000e+00
4.902343750000000000e-01
2.453125000000000000e+00
-1.351562500000000000e+00
8.554687500000000000e-01
7.226562500000000000e-02
-1.109375000000000000e+00
2.640625000000000000e+00
9.062500000000000000e-01
-7.773437500000000000e-01
-1.687500000000000000e+00
-9.882812500000000000e-01
-1.445312500000000000e+00
-2.203125000000000000e+00
-2.812500000000000000e-01
1.398437500000000000e+00
1.148437500000000000e+00
6.289062500000000000e-01
2.203125000000000000e+00
2.234375000000000000e+00
1.820312500000000000e+00
1.023437500000000000e+00
1.320312500000000000e+00
1.109375000000000000e+00
1.031250000000000000e+00
-1.179687500000000000e+00
-9.687500000000000000e-01
2.109375000000000000e-01
3.496093750000000000e-01
1.179687500000000000e+00
2.140625000000000000e+00
-1.554687500000000000e+00
-4.003906250000000000e-01
1.304687500000000000e+00
2.187500000000000000e+00
6.210937500000000000e-01
2.000000000000000000e+00
-1.445312500000000000e+00
1.046875000000000000e+00
-2.373046875000000000e-01
1.492187500000000000e+00
1.789062500000000000e+00
1.078125000000000000e+00
-7.187500000000000000e-01
-1.382812500000000000e+00
-4.746093750000000000e-01
-1.585937500000000000e+00
-1.757812500000000000e+00
-4.941406250000000000e-01
-1.308593750000000000e-01
5.737304687500000000e-02
-1.132812500000000000e+00
4.296875000000000000e-02
-6.445312500000000000e-02
1.039062500000000000e+00
-2.531250000000000000e+00
5.820312500000000000e-01
2.140625000000000000e+00
-1.710937500000000000e+00
-7.763671875000000000e-02
1.914062500000000000e+00
-1.664062500000000000e+00
1.320312500000000000e+00
-9.687500000000000000e-01
2.625000000000000000e+00
1.781250000000000000e+00
-5.590820312500000000e-02
2.296875000000000000e+00
3.261718750000000000e-01
2.171875000000000000e+00
2.929687500000000000e-01
1.601562500000000000e+00
-3.359375000000000000e-01
1.992187500000000000e+00
5.625000000000000000e-01
2.851562500000000000e-01
1.164062500000000000e+00
2.296875000000000000e+00
1.625000000000000000e+00
9.062500000000000000e-01
-1.164062500000000000e+00
8.906250000000000000e-01
1.835937500000000000e+00
-3.671875000000000000e-01
1.625000000000000000e+00
2.578125000000000000e+00
1.351562500000000000e+00
-7.695312500000000000e-01
-3.378906250000000000e-01
-1.664062500000000000e+00
-1.601562500000000000e+00
-9.843750000000000000e-01
7.851562500000000000e-01
1.835937500000000000e-01
-7.304687500000000000e-01
-1.007812500000000000e+00
1.416015625000000000e-01
1.562500000000000000e+00
9.218750000000000000e-01
-1.523437500000000000e+00
1.531250000000000000e+00
1.312500000000000000e+00
-1.437500000000000000e+00
1.523437500000000000e+00
-1.929687500000000000e+00
1.187500000000000000e+00
-1.210937500000000000e+00
2.437500000000000000e+00
1.148437500000000000e+00
1.648437500000000000e+00
-3.027343750000000000e-01
-1.750000000000000000e+00
-1.273437500000000000e+00
2.187500000000000000e-01
9.687500000000000000e-01
3.066406250000000000e-01
-3.171875000000000000e+00
-1.882812500000000000e+00
4.809570312500000000e-02
-2.375000000000000000e+00
-1.171875000000000000e+00
1.085937500000000000e+00
-1.156250000000000000e+00
1.414062500000000000e+00
-1.196289062500000000e-01
-4.472656250000000000e-01
-1.601562500000000000e-01
-2.031250000000000000e+00
-1.914062500000000000e-01
1.304687500000000000e+00
-2.265625000000000000e+00
-2.046875000000000000e+00
2.390625000000000000e+00
1.007812500000000000e+00
1.523437500000000000e-01
-2.001953125000000000e-01
4.277343750000000000e-01
-5.117187500000000000e-01
-7.304687500000000000e-01
-1.062500000000000000e+00
-3.808593750000000000e-01
-1.976562500000000000e+00
-3.671875000000000000e+00
-1.750000000000000000e+00
3.359375000000000000e-01
-1.757812500000000000e+00
1.937500000000000000e+00
5.781250000000000000e-01
-1.875000000000000000e+00
-1.851562500000000000e+00
-8.554687500000000000e-01
-5.664062500000000000e-01
-1.101562500000000000e+00
1.031250000000000000e+00
-1.585937500000000000e+00
-3.183593750000000000e-01
1.179687500000000000e+00
-1.010742187500000000e-01
-8.437500000000000000e-01
-1.611328125000000000e-01
7.070312500000000000e-01
-1.773437500000000000e+00
-1.179687500000000000e+00
-6.132812500000000000e-01
-1.195312500000000000e+00
1.367187500000000000e+00
-5.541992187500000000e-02
-1.554687500000000000e+00
1.960937500000000000e+00
-5.117187500000000000e-01
1.585937500000000000e+00
1.125000000000000000e+00
1.250000000000000000e+00
-1.710937500000000000e+00
2.015625000000000000e+00
-1.132812500000000000e+00
1.257812500000000000e+00
-5.625000000000000000e-01
7.500000000000000000e-01
1.320312500000000000e+00
-8.437500000000000000e-01
-1.187500000000000000e+00
1.523437500000000000e+00
1.429687500000000000e+00
-1.437500000000000000e+00
1.109375000000000000e+00
-1.648437500000000000e+00
2.296875000000000000e+00
1.312500000000000000e+00
5.000000000000000000e-01
1.812500000000000000e+00
5.390625000000000000e-01
1.250000000000000000e+00
7.695312500000000000e-01
1.687500000000000000e+00
2.453125000000000000e+00
9.492187500000000000e-01
2.078125000000000000e+00
-1.343750000000000000e+00
-3.964843750000000000e-01
7.617187500000000000e-01
4.765625000000000000e-01
1.007812500000000000e+00
4.609375000000000000e-01
9.960937500000000000e-01
1.718750000000000000e+00
1.187500000000000000e+00
-1.148437500000000000e+00
-2.218750000000000000e+00
1.304687500000000000e+00
1.031250000000000000e+00
-1.773437500000000000e+00
-2.328125000000000000e+00
1.257812500000000000e+00
2.015625000000000000e+00
1.492187500000000000e+00
-3.296875000000000000e+00
-1.203125000000000000e+00
9.094238281250000000e-03
6.757812500000000000e-01
1.195312500000000000e+00
-1.570312500000000000e+00
9.570312500000000000e-01
1.726562500000000000e+00
1.812500000000000000e+00
1.726562500000000000e+00
-2.250000000000000000e+00
-4.625000000000000000e+00
8.447265625000000000e-02
-1.351562500000000000e+00
-4.843750000000000000e-01
4.882812500000000000e-02
-2.140625000000000000e+00
1.789062500000000000e+00
1.960937500000000000e+00
1.179687500000000000e+00
-1.210937500000000000e+00
2.656250000000000000e+00
-4.907226562500000000e-02
1.992187500000000000e+00
-1.585937500000000000e+00
-2.470703125000000000e-01
-1.820312500000000000e+00
1.023437500000000000e+00
2.656250000000000000e-01
1.242187500000000000e+00
6.225585937500000000e-02
-3.437500000000000000e-01
5.781250000000000000e-01
-1.726562500000000000e+00
-6.132812500000000000e-01
-5.125000000000000000e+00
-5.976562500000000000e-01
-4.687500000000000000e-01
-3.687500000000000000e+00
1.468750000000000000e+00
1.507812500000000000e+00
5.664062500000000000e-01
3.457031250000000000e-01
-1.687500000000000000e+00
-2.140625000000000000e+00
2.062500000000000000e+00
9.335937500000000000e-01
-1.242187500000000000e+00
1.750000000000000000e+00
1.992187500000000000e+00
1.591796875000000000e-01
1.242187500000000000e+00
-3.652343750000000000e-01
1.101562500000000000e+00
-4.746093750000000000e-01
-5.273437500000000000e-01
-1.398437500000000000e+00
1.617187500000000000e+00
1.117187500000000000e+00
-1.300048828125000000e-02
