6.000000000000000000e+00
1.007812500000000000e+00
-3.250000000000000000e+00
2.937500000000000000e+00
-7.773437500000000000e-01
-1.437500000000000000e+00
1.476562500000000000e+00
2.000000000000000000e+00
-1.437500000000000000e+00
-2.171875000000000000e+00
2.078125000000000000e+00
1.906250000000000000e+00
2.437500000000000000e+00
6.210937500000000000e-01
2.437500000000000000e+00
1.148437500000000000e+00
-2.765625000000000000e+00
2.218750000000000000e+00
6.406250000000000000e+00
7.812500000000000000e-03
-1.007812500000000000e+00
9.882812500000000000e-01
-2.625000000000000000e+00
-7.382812500000000000e-01
2.437500000000000000e+00
1.742187500000000000e+00
-1.625000000000000000e+00
-1.343750000000000000e+00
1.773437500000000000e+00
-2.953125000000000000e+00
4.343750000000000000e+00
-3.328125000000000000e+00
3.453125000000000000e+00
-1.929687500000000000e+00
-2.312500000000000000e+00
-2.109375000000000000e+00
-8.945312500000000000e-01
1.279296875000000000e-01
1.460937500000000000e+00
-3.652343750000000000e-01
-8.554687500000000000e-01
4.625000000000000000e+00
2.250000000000000000e+00
-1.125000000000000000e+00
-2.421875000000000000e+00
8.945312500000000000e-01
1.070312500000000000e+00
5.312500000000000000e-01
-4.238281250000000000e-01
3.671875000000000000e+00
8.007812500000000000e-01
-2.437500000000000000e+00
-6.367187500000000000e-01
-1.742187500000000000e+00
3.578125000000000000e+00
4.656250000000000000e+00
4.003906250000000000e-01
3.875000000000000000e+00
1.773437500000000000e+00
1.898437500000000000e+00
2.255859375000000000e-01
1.085937500000000000e+00
1.500000000000000000e+00
4.031250000000000000e+00
2.703125000000000000e+00
-8.056640625000000000e-02
4.031250000000000000e+00
3.378906250000000000e-01
2.125000000000000000e+00
-1.140625000000000000e+00
-2.078125000000000000e+00
5.429687500000000000e-01
1.210937500000000000e+00
-3.078125000000000000e+00
5.703125000000000000e-01
-5.093750000000000000e+00
3.875000000000000000e+00
9.843750000000000000e-01
3.390625000000000000e+00
1.140625000000000000e+00
2.562500000000000000e+00
1.875000000000000000e+00
-4.614257812500000000e-02
-5.976562500000000000e-01
-3.500000000000000000e+00
-1.242187500000000000e+00
3.750000000000000000e+00
3.546875000000000000e+00
1.335937500000000000e+00
-2.765625000000000000e+00
4.238281250000000000e-01
2.296875000000000000e+00
-2.953125000000000000e+00
1.507812500000000000e+00
-1.945312500000000000e+00
-3.046875000000000000e+00
7.343750000000000000e+00
2.375000000000000000e+00
-3.390625000000000000e+00
5.585937500000000000e-01
4.375000000000000000e+00
-2.546875000000000000e+00
-2.687500000000000000e+00
1.757812500000000000e+00
4.406250000000000000e+00
3.875000000000000000e+00
-1.164062500000000000e+00
1.070312500000000000e+00
-1.195312500000000000e+00
8.750000000000000000e-01
4.750000000000000000e+00
-3.546875000000000000e+00
-3.261718750000000000e-01
1.187500000000000000e+00
-1.257812500000000000e+00
3.828125000000000000e+00
-3.296875000000000000e+00
-1.398437500000000000e+00
-1.976562500000000000e+00
-1.218750000000000000e+00
-2.890625000000000000e+00
-2.390625000000000000e+00
-1.812500000000000000e+00
1.687500000000000000e+00
4.199218750000000000e-01
1.773437500000000000e+00
2.953125000000000000e+00
5.343750000000000000e+00
3.296875000000000000e+00
4.843750000000000000e-01
-1.357421875000000000e-01
-1.500000000000000000e+00
1.523437500000000000e+00
-2.296875000000000000e+00
4.500000000000000000e+00
2.519531250000000000e-01
9.062500000000000000e-01
3.125000000000000000e+00
2.937500000000000000e+00
-2.390625000000000000e+00
-1.728515625000000000e-01
-1.101562500000000000e+00
3.296875000000000000e+00
9.179687500000000000e-01
3.078125000000000000e+00
-2.328125000000000000e+00
4.781250000000000000e+00
-1.046875000000000000e+00
3.062500000000000000e+00
2.671875000000000000e+00
6.906250000000000000e+00
-1.054687500000000000e+00
-2.125000000000000000e+00
-9.062500000000000000e-01
-1.195312500000000000e+00
2.500000000000000000e+00
-8.476562500000000000e-01
-4.956054687500000000e-02
-2.275390625000000000e-01
-2.734375000000000000e+00
6.640625000000000000e-01
2.484375000000000000e+00
2.000000000000000000e+00
6.289062500000000000e-01
1.320312500000000000e+00
4.718750000000000000e+00
-2.078125000000000000e+00
7.343750000000000000e-01
1.312500000000000000e+00
-2.796875000000000000e+00
1.203125000000000000e+00
1.425781250000000000e-01
4.218750000000000000e+00
3.546875000000000000e+00
2.001953125000000000e-01
3.796875000000000000e+00
1.382812500000000000e+00
2.265625000000000000e+00
-1.976562500000000000e+00
2.578125000000000000e+00
2.625000000000000000e+00
3.421875000000000000e+00
-4.956054687500000000e-02
9.687500000000000000e-01
2.119140625000000000e-01
5.218750000000000000e+00
1.812500000000000000e+00
7.460937500000000000e-01
-2.675781250000000000e-01
1.195312500000000000e+00
2.562500000000000000e+00
-7.304687500000000000e-01
3.562500000000000000e+00
3.984375000000000000e+00
1.718750000000000000e+00
3.625000000000000000e+00
-8.593750000000000000e-01
3.125000000000000000e+00
-1.648437500000000000e+00
-1.117187500000000000e+00
7.226562500000000000e-01
4.281250000000000000e+00
-1.562500000000000000e+00
-2.859375000000000000e+00
8.125000000000000000e-01
4.250000000000000000e+00
-1.023437500000000000e+00
-1.914062500000000000e+00
2.921875000000000000e+00
3.265625000000000000e+00
-2.515625000000000000e+00
3.671875000000000000e+00
-2.234375000000000000e+00
5.742187500000000000e-01
-2.515625000000000000e+00
5.218750000000000000e+00
4.843750000000000000e+00
2.093750000000000000e+00
-4.031250000000000000e+00
3.078125000000000000e+00
-8.554687500000000000e-01
1.000000000000000000e+00
1.156250000000000000e+00
5.664062500000000000e-01
7.656250000000000000e-01
-2.875000000000000000e+00
9.843750000000000000e-01
-2.437500000000000000e+00
1.320312500000000000e+00
-1.953125000000000000e-01
-1.648437500000000000e+00
6.406250000000000000e+00
4.656250000000000000e+00
-1.398437500000000000e+00
2.753906250000000000e-01
-2.140625000000000000e+00
-2.792968750000000000e-01
1.375000000000000000e+00
-3.562500000000000000e+00
-2.875000000000000000e+00
3.296875000000000000e+00
3.496093750000000000e-01
-5.750000000000000000e+00
-4.433593750000000000e-01
5.820312500000000000e-01
1.494140625000000000e-01
-4.316406250000000000e-01
-8.437500000000000000e-01
1.982421875000000000e-01
-2.078125000000000000e+00
7.812500000000000000e-01
-2.953125000000000000e+00
4.906250000000000000e+00
-1.929687500000000000e+00
2.625000000000000000e+00
-1.031250000000000000e+00
-2.812500000000000000e+00
-3.359375000000000000e+00
-2.171875000000000000e+00
-2.296875000000000000e+00
-2.562500000000000000e+00
8.437500000000000000e-01
-1.843750000000000000e+00
-3.007812500000000000e-01
8.554687500000000000e-01
-6.992187500000000000e-01
-2.468750000000000000e+00
7.539062500000000000e-01
1.914062500000000000e+00
-1.804687500000000000e+00
-2.871093750000000000e-01
-4.418945312500000000e-02
-2.640625000000000000e+00
2.343750000000000000e+00
5.351562500000000000e-01
1.695312500000000000e+00
4.093750000000000000e+00
4.156250000000000000e+00
2.296875000000000000e+00
2.937500000000000000e+00
2.593750000000000000e+00
-1.773437500000000000e+00
2.765625000000000000e+00
-9.257812500000000000e-01
2.156250000000000000e+00
1.186523437500000000e-01
2.000000000000000000e+00
1.562500000000000000e+00
-5.468750000000000000e-01
-2.828125000000000000e+00
1.476562500000000000e+00
1.875000000000000000e+00
-1.031250000000000000e+00
1.218750000000000000e+00
-2.015625000000000000e+00
3.171875000000000000e+00
2.578125000000000000e+00
7.968750000000000000e-01
3.328125000000000000e+00
1.179687500000000000e+00
7.500000000000000000e-01
-7.851562500000000000e-01
5.500000000000000000e+00
4.031250000000000000e+00
2.296875000000000000e+00
1.617187500000000000e+00
-1.039062500000000000e+00
3.703125000000000000e+00
3.039550781250000000e-02
1.773437500000000000e+00
2.171875000000000000e+00
2.014160156250000000e-02
7.500000000000000000e-01
2.984375000000000000e+00
1.437500000000000000e+00
-2.921875000000000000e+00
-2.375000000000000000e+00
3.625000000000000000e+00
2.078125000000000000e+00
-2.203125000000000000e+00
-3.609375000000000000e+00
2.546875000000000000e+00
2.703125000000000000e+00
1.242187500000000000e+00
-6.054687500000000000e-01
-2.984375000000000000e+00
-2.600097656250000000e-02
9.726562500000000000e-01
8.554687500000000000e-01
-3.187500000000000000e+00
1.242187500000000000e+00
2.234375000000000000e+00
2.109375000000000000e+00
1.101562500000000000e+00
-3.203125000000000000e+00
-7.617187500000000000e-01
2.949218750000000000e-01
3.953125000000000000e+00
1.945312500000000000e+00
3.964843750000000000e-01
-2.109375000000000000e+00
2.484375000000000000e+00
3.562500000000000000e+00
2.640625000000000000e+00
-1.187500000000000000e+00
4.656250000000000000e+00
-2.171875000000000000e+00
-1.117187500000000000e+00
-2.015625000000000000e+00
1.398437500000000000e+00
-1.601562500000000000e+00
2.625000000000000000e+00
-1.195312500000000000e+00
3.937500000000000000e+00
-6.914062500000000000e-01
2.500000000000000000e+00
-2.609375000000000000e+00
9.570312500000000000e-01
-6.289062500000000000e-01
-1.898437500000000000e+00
-8.242187500000000000e-01
6.093750000000000000e-01
-1.767578125000000000e-01
3.453125000000000000e+00
1.476562500000000000e+00
7.343750000000000000e-01
1.195312500000000000e+00
-1.343750000000000000e+00
-4.156250000000000000e+00
3.296875000000000000e+00
2.812500000000000000e+00
-1.664062500000000000e+00
2.250000000000000000e+00
5.343750000000000000e+00
-1.460937500000000000e+00
1.937500000000000000e+00
7.666015625000000000e-02
1.429687500000000000e+00
-6.875000000000000000e-01
-3.300781250000000000e-01
-3.046875000000000000e+00
3.046875000000000000e+00
-5.742187500000000000e-01
3.765625000000000000e+00
