2.687500000000000000e+00
7.500000000000000000e-01
-2.671875000000000000e+00
2.187500000000000000e+00
-8.710937500000000000e-01
-4.785156250000000000e-01
1.343750000000000000e+00
1.500000000000000000e+00
-1.445312500000000000e+00
-2.109375000000000000e+00
1.750000000000000000e+00
1.851562500000000000e+00
2.421875000000000000e+00
5.976562500000000000e-01
1.914062500000000000e+00
8.398437500000000000e-01
-1.835937500000000000e+00
1.679687500000000000e+00
3.250000000000000000e+00
-2.294921875000000000e-01
-5.781250000000000000e-01
1.468750000000000000e+00
-4.656250000000000000e+00
-7.187500000000000000e-01
1.851562500000000000e+00
1.335937500000000000e+00
-3.359375000000000000e+00
-1.648437500000000000e+00
1.179687500000000000e+00
-2.515625000000000000e+00
3.000000000000000000e+00
-1.218750000000000000e+00
2.578125000000000000e+00
-1.242187500000000000e+00
-1.500000000000000000e+00
-2.078125000000000000e+00
-4.199218750000000000e-01
4.121093750000000000e-01
7.500000000000000000e-01
-3.378906250000000000e-01
-1.078125000000000000e+00
3.421875000000000000e+00
2.171875000000000000e+00
-8.085937500000000000e-01
-2.609375000000000000e+00
1.023437500000000000e+00
1.156250000000000000e+00
5.312500000000000000e-01
1.904296875000000000e-01
2.203125000000000000e+00
6.601562500000000000e-01
-2.234375000000000000e+00
2.636718750000000000e-01
-1.523437500000000000e+00
2.500000000000000000e+00
2.390625000000000000e+00
6.679687500000000000e-01
4.843750000000000000e-01
1.093750000000000000e+00
1.531250000000000000e+00
2.216796875000000000e-01
1.085937500000000000e+00
1.015625000000000000e+00
3.234375000000000000e+00
2.625000000000000000e+00
1.171875000000000000e-02
2.750000000000000000e+00
5.312500000000000000e-01
1.601562500000000000e+00
2.138671875000000000e-01
-2.015625000000000000e+00
1.070312500000000000e+00
1.070312500000000000e+00
-2.078125000000000000e+00
1.476562500000000000e+00
-2.484375000000000000e+00
3.296875000000000000e+00
1.148437500000000000e+00
2.875000000000000000e+00
4.824218750000000000e-01
2.640625000000000000e+00
1.367187500000000000e+00
-5.117187500000000000e-01
-7.851562500000000000e-01
-2.796875000000000000e+00
5.786132812500000000e-02
1.398437500000000000e+00
2.484375000000000000e+00
1.000000000000000000e+00
-3.140625000000000000e+00
2.871093750000000000e-01
2.203125000000000000e+00
-2.203125000000000000e+00
1.039062500000000000e+00
-7.226562500000000000e-01
-2.453125000000000000e+00
4.156250000000000000e+00
1.835937500000000000e+00
-2.796875000000000000e+00
8.242187500000000000e-01
2.437500000000000000e+00
-2.671875000000000000e+00
-2.140625000000000000e+00
1.773437500000000000e+00
2.953125000000000000e+00
3.046875000000000000e+00
-5.625000000000000000e-01
1.312500000000000000e+00
-1.351562500000000000e+00
7.851562500000000000e-01
3.453125000000000000e+00
-2.437500000000000000e+00
2.656250000000000000e-01
7.539062500000000000e-01
-1.265625000000000000e+00
3.250000000000000000e+00
-8.632812500000000000e-01
-7.851562500000000000e-01
-1.960937500000000000e+00
-9.414062500000000000e-01
-2.046875000000000000e+00
-2.296875000000000000e+00
-8.320312500000000000e-01
1.507812500000000000e+00
8.554687500000000000e-01
1.093750000000000000e+00
2.546875000000000000e+00
3.562500000000000000e+00
2.468750000000000000e+00
9.062500000000000000e-01
6.523437500000000000e-01
1.513671875000000000e-01
1.218750000000000000e+00
-1.757812500000000000e+00
9.570312500000000000e-01
1.010742187500000000e-01
6.367187500000000000e-01
2.062500000000000000e+00
2.562500000000000000e+00
-1.710937500000000000e+00
-3.535156250000000000e-01
4.746093750000000000e-01
2.671875000000000000e+00
7.226562500000000000e-01
2.484375000000000000e+00
-2.015625000000000000e+00
2.703125000000000000e+00
-6.210937500000000000e-01
2.203125000000000000e+00
2.203125000000000000e+00
3.609375000000000000e+00
-1.062500000000000000e+00
-1.648437500000000000e+00
-7.304687500000000000e-01
-1.585937500000000000e+00
-1.562500000000000000e-02
-6.718750000000000000e-01
-2.609252929687500000e-03
-1.474609375000000000e-01
-1.820312500000000000e+00
2.578125000000000000e-01
1.062500000000000000e+00
1.460937500000000000e+00
-1.406250000000000000e+00
1.023437500000000000e+00
3.250000000000000000e+00
-1.976562500000000000e+00
1.943359375000000000e-01
1.554687500000000000e+00
-2.140625000000000000e+00
1.328125000000000000e+00
-5.117187500000000000e-01
3.359375000000000000e+00
2.609375000000000000e+00
-2.343750000000000000e-02
3.000000000000000000e+00
8.281250000000000000e-01
2.250000000000000000e+00
-9.257812500000000000e-01
1.976562500000000000e+00
8.632812500000000000e-01
2.640625000000000000e+00
1.875000000000000000e-01
6.523437500000000000e-01
1.070312500000000000e+00
3.500000000000000000e+00
1.726562500000000000e+00
7.343750000000000000e-01
-5.585937500000000000e-01
1.039062500000000000e+00
2.140625000000000000e+00
-5.039062500000000000e-01
2.515625000000000000e+00
3.296875000000000000e+00
1.531250000000000000e+00
1.062500000000000000e+00
-6.250000000000000000e-01
1.040039062500000000e-01
-1.507812500000000000e+00
-1.039062500000000000e+00
7.070312500000000000e-01
2.046875000000000000e+00
-1.039062500000000000e+00
-1.773437500000000000e+00
2.421875000000000000e-01
2.750000000000000000e+00
1.679687500000000000e-01
-1.742187500000000000e+00
2.140625000000000000e+00
2.140625000000000000e+00
-1.914062500000000000e+00
2.421875000000000000e+00
-2.187500000000000000e+00
9.257812500000000000e-01
-1.843750000000000000e+00
3.703125000000000000e+00
2.796875000000000000e+00
1.851562500000000000e+00
-1.562500000000000000e+00
1.875000000000000000e-01
-1.000000000000000000e+00
3.906250000000000000e-01
1.062500000000000000e+00
3.066406250000000000e-01
-1.656250000000000000e+00
-2.359375000000000000e+00
3.574218750000000000e-01
-2.578125000000000000e+00
-2.343750000000000000e-01
5.234375000000000000e-01
-1.148437500000000000e+00
3.671875000000000000e+00
1.679687500000000000e+00
-8.281250000000000000e-01
7.666015625000000000e-02
-2.203125000000000000e+00
-5.200195312500000000e-02
1.437500000000000000e+00
-2.828125000000000000e+00
-2.421875000000000000e+00
2.921875000000000000e+00
5.273437500000000000e-01
-2.359375000000000000e+00
-3.222656250000000000e-01
5.195312500000000000e-01
-1.875000000000000000e-01
-4.628906250000000000e-01
-1.023437500000000000e+00
-2.021484375000000000e-01
-2.171875000000000000e+00
-2.015625000000000000e+00
-2.328125000000000000e+00
2.265625000000000000e+00
-1.914062500000000000e+00
2.234375000000000000e+00
-1.176757812500000000e-01
-2.312500000000000000e+00
-2.625000000000000000e+00
-1.289062500000000000e+00
-1.273437500000000000e+00
-1.664062500000000000e+00
9.492187500000000000e-01
-1.687500000000000000e+00
-4.316406250000000000e-01
1.109375000000000000e+00
-3.808593750000000000e-01
-1.632812500000000000e+00
2.714843750000000000e-01
1.335937500000000000e+00
-1.914062500000000000e+00
-8.476562500000000000e-01
-3.613281250000000000e-01
-1.875000000000000000e+00
1.812500000000000000e+00
2.558593750000000000e-01
-2.792968750000000000e-01
2.890625000000000000e+00
1.382812500000000000e+00
1.882812500000000000e+00
1.882812500000000000e+00
1.976562500000000000e+00
-1.929687500000000000e+00
2.375000000000000000e+00
-1.039062500000000000e+00
1.726562500000000000e+00
-2.578125000000000000e-01
1.250000000000000000e+00
1.429687500000000000e+00
-7.460937500000000000e-01
-1.929687500000000000e+00
1.585937500000000000e+00
1.632812500000000000e+00
-1.132812500000000000e+00
1.492187500000000000e+00
-1.968750000000000000e+00
2.750000000000000000e+00
1.835937500000000000e+00
4.531250000000000000e-01
2.453125000000000000e+00
7.031250000000000000e-01
9.257812500000000000e-01
9.912109375000000000e-02
3.312500000000000000e+00
3.125000000000000000e+00
1.539062500000000000e+00
1.851562500000000000e+00
-1.187500000000000000e+00
1.101562500000000000e+00
3.046875000000000000e-01
1.320312500000000000e+00
1.476562500000000000e+00
3.300781250000000000e-01
1.140625000000000000e+00
2.250000000000000000e+00
1.234375000000000000e+00
-1.937500000000000000e+00
-2.421875000000000000e+00
2.250000000000000000e+00
1.437500000000000000e+00
-2.109375000000000000e+00
-2.984375000000000000e+00
1.789062500000000000e+00
2.359375000000000000e+00
1.296875000000000000e+00
-2.171875000000000000e+00
-2.031250000000000000e+00
2.470703125000000000e-01
6.523437500000000000e-01
1.000000000000000000e+00
-2.203125000000000000e+00
1.148437500000000000e+00
2.109375000000000000e+00
1.875000000000000000e+00
1.367187500000000000e+00
-2.703125000000000000e+00
-3.328125000000000000e+00
-1.304626464843750000e-03
8.242187500000000000e-01
6.875000000000000000e-01
3.437500000000000000e-01
-2.125000000000000000e+00
2.109375000000000000e+00
2.937500000000000000e+00
1.851562500000000000e+00
-1.195312500000000000e+00
3.546875000000000000e+00
-7.187500000000000000e-01
4.609375000000000000e-01
-1.960937500000000000e+00
2.871093750000000000e-01
-1.960937500000000000e+00
1.726562500000000000e+00
-2.929687500000000000e-01
2.437500000000000000e+00
-3.886718750000000000e-01
9.179687500000000000e-01
-7.695312500000000000e-01
-6.679687500000000000e-01
-6.445312500000000000e-01
-4.000000000000000000e+00
-9.179687500000000000e-01
7.275390625000000000e-02
-2.406250000000000000e+00
2.250000000000000000e+00
1.500000000000000000e+00
6.875000000000000000e-01
7.382812500000000000e-01
-1.648437500000000000e+00
-3.000000000000000000e+00
2.609375000000000000e+00
1.695312500000000000e+00
-1.625000000000000000e+00
1.960937500000000000e+00
3.328125000000000000e+00
-6.250000000000000000e-01
1.562500000000000000e+00
-4.418945312500000000e-02
1.226562500000000000e+00
-5.859375000000000000e-01
-3.203125000000000000e-01
-2.078125000000000000e+00
2.187500000000000000e+00
3.691406250000000000e-01
1.601562500000000000e+00
