1.601562500000000000e+00
-3.574218750000000000e-01
-2.421875000000000000e+00
2.265625000000000000e+00
-8.593750000000000000e-01
1.335937500000000000e+00
2.015625000000000000e+00
1.625000000000000000e+00
-1.750000000000000000e+00
-1.648437500000000000e+00
2.250000000000000000e+00
1.906250000000000000e+00
2.500000000000000000e+00
9.101562500000000000e-01
2.187500000000000000e+00
1.406250000000000000e+00
-1.351562500000000000e+00
1.718750000000000000e+00
2.500000000000000000e+00
-1.132812500000000000e+00
-6.445312500000000000e-01
2.734375000000000000e+00
-4.906250000000000000e+00
-1.273437500000000000e+00
1.945312500000000000e+00
1.367187500000000000e+00
-2.953125000000000000e+00
-1.164062500000000000e+00
8.593750000000000000e-02
-1.875000000000000000e+00
3.046875000000000000e+00
1.351562500000000000e+00
2.546875000000000000e+00
-1.101562500000000000e+00
2.734375000000000000e-02
-1.875000000000000000e+00
9.257812500000000000e-01
-3.417968750000000000e-01
7.382812500000000000e-01
-1.789062500000000000e+00
-8.125000000000000000e-01
3.562500000000000000e+00
1.726562500000000000e+00
-9.960937500000000000e-01
-1.906250000000000000e+00
1.937500000000000000e+00
1.625000000000000000e+00
-2.451171875000000000e-01
1.312500000000000000e+00
2.140625000000000000e+00
-5.859375000000000000e-01
-1.710937500000000000e+00
1.789062500000000000e+00
-1.812500000000000000e+00
2.359375000000000000e+00
1.898437500000000000e+00
-1.140625000000000000e+00
-1.218750000000000000e+00
2.792968750000000000e-01
1.617187500000000000e+00
-1.437500000000000000e+00
1.648437500000000000e+00
-1.225585937500000000e-01
3.312500000000000000e+00
2.609375000000000000e+00
-4.687500000000000000e-01
2.515625000000000000e+00
-5.273437500000000000e-01
-1.640625000000000000e-01
1.468750000000000000e+00
-2.062500000000000000e+00
2.359375000000000000e+00
6.298828125000000000e-02
-2.078125000000000000e+00
2.515625000000000000e+00
2.209472656250000000e-02
3.578125000000000000e+00
1.968750000000000000e+00
3.078125000000000000e+00
3.007812500000000000e-01
3.125000000000000000e+00
1.812500000000000000e+00
-2.000000000000000000e+00
-1.296875000000000000e+00
-2.953125000000000000e+00
1.882812500000000000e+00
1.617187500000000000e+00
2.578125000000000000e+00
1.445312500000000000e+00
-2.578125000000000000e+00
-9.335937500000000000e-01
1.398437500000000000e+00
-2.875000000000000000e+00
-7.226562500000000000e-02
5.781250000000000000e-01
-1.710937500000000000e+00
3.828125000000000000e+00
1.976562500000000000e+00
-3.964843750000000000e-01
1.445312500000000000e+00
2.328125000000000000e+00
-1.937500000000000000e+00
-1.742187500000000000e+00
2.000000000000000000e+00
3.234375000000000000e+00
3.109375000000000000e+00
-2.868652343750000000e-02
2.046875000000000000e+00
-1.335937500000000000e+00
-5.312500000000000000e-01
3.609375000000000000e+00
-3.925781250000000000e-01
1.507812500000000000e+00
-1.585937500000000000e+00
-1.257812500000000000e+00
3.421875000000000000e+00
1.031250000000000000e+00
-1.492187500000000000e+00
-1.593750000000000000e+00
-7.460937500000000000e-01
-1.742187500000000000e+00
-1.335937500000000000e+00
-4.687500000000000000e-01
2.484375000000000000e+00
1.820312500000000000e+00
1.437500000000000000e+00
2.562500000000000000e+00
3.625000000000000000e+00
2.500000000000000000e+00
1.492187500000000000e+00
2.140625000000000000e+00
1.187500000000000000e+00
1.632812500000000000e+00
-1.617187500000000000e+00
-1.500000000000000000e+00
-9.843750000000000000e-01
-3.691406250000000000e-01
2.421875000000000000e+00
2.625000000000000000e+00
-2.156250000000000000e+00
-4.121093750000000000e-01
2.437500000000000000e+00
3.265625000000000000e+00
1.468750000000000000e+00
2.750000000000000000e+00
-1.187500000000000000e+00
2.312500000000000000e+00
-1.500000000000000000e+00
2.515625000000000000e+00
2.984375000000000000e+00
1.867187500000000000e+00
-8.593750000000000000e-01
-1.437500000000000000e+00
6.054687500000000000e-01
-1.500000000000000000e+00
-1.335937500000000000e+00
-1.335937500000000000e+00
-1.062500000000000000e+00
2.929687500000000000e-02
-9.335937500000000000e-01
-5.898437500000000000e-01
-1.000000000000000000e+00
1.367187500000000000e+00
-2.484375000000000000e+00
-8.837890625000000000e-02
3.375000000000000000e+00
-1.695312500000000000e+00
-3.027343750000000000e-01
2.390625000000000000e+00
-1.937500000000000000e+00
1.789062500000000000e+00
-1.664062500000000000e+00
3.562500000000000000e+00
2.687500000000000000e+00
-3.222656250000000000e-01
2.984375000000000000e+00
-9.716796875000000000e-02
2.937500000000000000e+00
1.710937500000000000e+00
2.359375000000000000e+00
6.757812500000000000e-01
2.812500000000000000e+00
-2.373046875000000000e-01
-7.382812500000000000e-01
8.437500000000000000e-01
3.765625000000000000e+00
2.015625000000000000e+00
1.039062500000000000e+00
-1.046875000000000000e+00
1.304687500000000000e+00
2.546875000000000000e+00
-1.078125000000000000e+00
2.312500000000000000e+00
3.421875000000000000e+00
1.875000000000000000e+00
1.953125000000000000e-01
3.378906250000000000e-01
-3.203125000000000000e-01
-1.312500000000000000e+00
-9.375000000000000000e-01
1.015625000000000000e+00
9.492187500000000000e-01
-4.418945312500000000e-02
-4.707031250000000000e-01
1.982421875000000000e-01
2.515625000000000000e+00
-6.757812500000000000e-01
-1.656250000000000000e+00
2.343750000000000000e+00
2.015625000000000000e+00
-1.320312500000000000e+00
2.203125000000000000e+00
-1.601562500000000000e+00
2.140625000000000000e+00
-4.433593750000000000e-01
3.828125000000000000e+00
1.687500000000000000e+00
2.453125000000000000e+00
9.179687500000000000e-01
-2.255859375000000000e-01
-1.375000000000000000e+00
1.464843750000000000e-01
1.335937500000000000e+00
-2.226562500000000000e-01
-2.703125000000000000e+00
-1.773437500000000000e+00
-9.570312500000000000e-01
-1.851562500000000000e+00
-8.437500000000000000e-01
2.328125000000000000e+00
-1.085937500000000000e+00
2.500000000000000000e+00
9.687500000000000000e-01
5.000000000000000000e-01
-5.000000000000000000e-01
-1.476562500000000000e+00
-7.382812500000000000e-01
2.312500000000000000e+00
-2.421875000000000000e+00
-1.054687500000000000e+00
3.000000000000000000e+00
8.906250000000000000e-01
6.679687500000000000e-01
4.375000000000000000e-01
-8.740234375000000000e-02
-1.054687500000000000e+00
-3.515625000000000000e-01
-6.679687500000000000e-01
-1.000000000000000000e+00
-1.625000000000000000e+00
-2.265625000000000000e+00
-1.679687500000000000e+00
2.390625000000000000e+00
-1.523437500000000000e+00
2.437500000000000000e+00
1.867187500000000000e+00
-1.976562500000000000e+00
-2.125000000000000000e+00
-4.160156250000000000e-01
-7.460937500000000000e-01
-1.531250000000000000e+00
-1.023437500000000000e+00
-1.500000000000000000e+00
-3.496093750000000000e-01
1.351562500000000000e+00
6.835937500000000000e-01
-1.226562500000000000e+00
-1.000000000000000000e+00
-2.470703125000000000e-01
-1.335937500000000000e+00
-1.726562500000000000e+00
-6.875000000000000000e-01
-1.117187500000000000e+00
1.882812500000000000e+00
-1.023437500000000000e+00
-1.492187500000000000e+00
2.640625000000000000e+00
4.902343750000000000e-01
2.296875000000000000e+00
2.421875000000000000e+00
1.812500000000000000e+00
-1.265625000000000000e+00
-2.714843750000000000e-01
-1.093750000000000000e+00
1.591796875000000000e-01
-8.476562500000000000e-01
1.046875000000000000e+00
1.929687500000000000e+00
-1.164062500000000000e+00
-1.351562500000000000e+00
1.757812500000000000e+00
2.187500000000000000e+00
-2.796875000000000000e+00
1.148437500000000000e+00
-1.437500000000000000e+00
2.703125000000000000e+00
1.914062500000000000e+00
-3.144531250000000000e-01
1.968750000000000000e+00
5.781250000000000000e-01
1.593750000000000000e+00
1.054687500000000000e+00
3.265625000000000000e+00
3.187500000000000000e+00
1.585937500000000000e+00
3.171875000000000000e+00
-1.398437500000000000e+00
8.476562500000000000e-01
1.093750000000000000e+00
-5.351562500000000000e-01
1.625000000000000000e+00
-3.300781250000000000e-01
1.593750000000000000e+00
2.484375000000000000e+00
1.804687500000000000e+00
-1.773437500000000000e+00
-1.726562500000000000e+00
2.171875000000000000e+00
1.742187500000000000e+00
-1.562500000000000000e+00
-2.156250000000000000e+00
1.898437500000000000e+00
3.000000000000000000e+00
1.804687500000000000e+00
-3.062500000000000000e+00
-1.289062500000000000e+00
-3.593750000000000000e-01
2.519531250000000000e-01
1.585937500000000000e+00
-2.046875000000000000e+00
1.250000000000000000e+00
2.093750000000000000e+00
2.546875000000000000e+00
2.406250000000000000e+00
-2.796875000000000000e+00
-3.671875000000000000e+00
-1.171875000000000000e-01
-5.156250000000000000e-01
-1.117187500000000000e+00
-4.941406250000000000e-01
-1.789062500000000000e+00
2.921875000000000000e+00
1.539062500000000000e+00
1.695312500000000000e+00
-1.406250000000000000e+00
3.546875000000000000e+00
4.433593750000000000e-01
2.859375000000000000e+00
-1.437500000000000000e+00
-1.585937500000000000e+00
-1.656250000000000000e+00
1.718750000000000000e+00
9.765625000000000000e-02
2.375000000000000000e+00
-6.718750000000000000e-01
-9.062500000000000000e-01
1.445312500000000000e+00
-1.468750000000000000e+00
-1.101562500000000000e+00
-4.562500000000000000e+00
-6.914062500000000000e-01
-1.468750000000000000e+00
-3.046875000000000000e+00
2.421875000000000000e+00
1.812500000000000000e+00
-5.156250000000000000e-01
1.476562500000000000e+00
-1.656250000000000000e+00
-2.406250000000000000e+00
2.671875000000000000e+00
2.078125000000000000e+00
-1.195312500000000000e+00
2.265625000000000000e+00
3.640625000000000000e+00
3.784179687500000000e-02
2.203125000000000000e+00
-1.289062500000000000e+00
1.367187500000000000e+00
-2.502441406250000000e-02
-1.093750000000000000e+00
-1.875000000000000000e+00
2.390625000000000000e+00
6.601562500000000000e-01
8.281250000000000000e-01
