-1.195312500000000000e+00
2.753906250000000000e-01
-1.585937500000000000e+00
1.007812500000000000e+00
-6.289062500000000000e-01
8.125000000000000000e-01
8.867187500000000000e-01
7.070312500000000000e-01
-1.007812500000000000e+00
-1.468750000000000000e+00
1.046875000000000000e+00
1.218750000000000000e+00
1.812500000000000000e+00
4.082031250000000000e-01
8.320312500000000000e-01
2.910156250000000000e-01
6.591796875000000000e-02
6.757812500000000000e-01
-7.031250000000000000e-02
-9.023437500000000000e-01
-3.203125000000000000e-01
2.578125000000000000e+00
-5.500000000000000000e+00
-3.496093750000000000e-01
8.007812500000000000e-01
3.593750000000000000e-01
-3.750000000000000000e+00
-1.140625000000000000e+00
2.558593750000000000e-01
-1.195312500000000000e+00
1.109375000000000000e+00
1.500000000000000000e+00
1.148437500000000000e+00
-4.785156250000000000e-01
-5.039062500000000000e-01
-1.562500000000000000e+00
9.257812500000000000e-01
-4.628906250000000000e-01
-2.282714843750000000e-02
-3.808593750000000000e-01
-5.039062500000000000e-01
1.562500000000000000e+00
1.085937500000000000e+00
-2.714843750000000000e-01
-1.835937500000000000e+00
9.882812500000000000e-01
1.085937500000000000e+00
2.753906250000000000e-01
1.054687500000000000e+00
5.742187500000000000e-01
-1.718750000000000000e-01
-1.554687500000000000e+00
1.648437500000000000e+00
-6.210937500000000000e-01
9.843750000000000000e-01
-9.912109375000000000e-02
3.359375000000000000e-01
-2.984375000000000000e+00
3.691406250000000000e-01
7.070312500000000000e-01
-5.078125000000000000e-01
9.101562500000000000e-01
7.910156250000000000e-02
1.726562500000000000e+00
1.687500000000000000e+00
1.118164062500000000e-01
8.398437500000000000e-01
4.760742187500000000e-03
4.941406250000000000e-01
7.539062500000000000e-01
-1.554687500000000000e+00
1.210937500000000000e+00
3.183593750000000000e-01
-1.179687500000000000e+00
2.375000000000000000e+00
3.496093750000000000e-01
1.812500000000000000e+00
1.117187500000000000e+00
1.507812500000000000e+00
2.255859375000000000e-01
2.328125000000000000e+00
5.976562500000000000e-01
-9.882812500000000000e-01
-7.382812500000000000e-01
-1.773437500000000000e+00
9.882812500000000000e-01
-6.523437500000000000e-01
9.492187500000000000e-01
4.765625000000000000e-01
-2.390625000000000000e+00
-3.652343750000000000e-01
1.242187500000000000e+00
-9.062500000000000000e-01
1.757812500000000000e-01
1.187500000000000000e+00
-1.000000000000000000e+00
7.275390625000000000e-02
7.929687500000000000e-01
-1.460937500000000000e+00
9.882812500000000000e-01
2.753906250000000000e-01
-1.937500000000000000e+00
-8.867187500000000000e-01
1.757812500000000000e+00
1.023437500000000000e+00
1.468750000000000000e+00
-3.261718750000000000e-01
1.687500000000000000e+00
-1.226562500000000000e+00
-5.493164062500000000e-02
1.523437500000000000e+00
-8.125000000000000000e-01
1.320312500000000000e+00
-2.109375000000000000e-01
-7.148437500000000000e-01
1.726562500000000000e+00
2.015625000000000000e+00
-7.695312500000000000e-01
-1.562500000000000000e+00
-5.156250000000000000e-01
-1.007812500000000000e+00
-1.593750000000000000e+00
-5.737304687500000000e-02
1.023437500000000000e+00
1.164062500000000000e+00
2.597656250000000000e-01
1.625000000000000000e+00
1.304687500000000000e+00
1.156250000000000000e+00
8.554687500000000000e-01
1.648437500000000000e+00
1.046875000000000000e+00
6.484375000000000000e-01
-9.414062500000000000e-01
-1.945312500000000000e+00
1.434326171875000000e-02
-6.298828125000000000e-02
4.765625000000000000e-01
1.539062500000000000e+00
-1.335937500000000000e+00
-7.187500000000000000e-01
1.742187500000000000e+00
1.460937500000000000e+00
3.750000000000000000e-01
1.328125000000000000e+00
-8.085937500000000000e-01
-1.513671875000000000e-01
-4.375000000000000000e-01
9.375000000000000000e-01
1.195312500000000000e+00
-5.859375000000000000e-01
-4.687500000000000000e-01
-1.226562500000000000e+00
-3.828125000000000000e-01
-1.335937500000000000e+00
-2.703125000000000000e+00
-4.218750000000000000e-01
-4.394531250000000000e-01
1.689453125000000000e-01
-9.492187500000000000e-01
-3.085937500000000000e-01
-9.414062500000000000e-01
6.601562500000000000e-01
-2.671875000000000000e+00
-8.447265625000000000e-02
1.273437500000000000e+00
-1.335937500000000000e+00
-1.669921875000000000e-01
2.000000000000000000e+00
-8.085937500000000000e-01
9.570312500000000000e-01
-7.929687500000000000e-01
1.812500000000000000e+00
1.046875000000000000e+00
-1.562500000000000000e-02
1.414062500000000000e+00
-7.177734375000000000e-02
1.750000000000000000e+00
1.140625000000000000e+00
9.882812500000000000e-01
-1.140625000000000000e+00
1.210937500000000000e+00
4.238281250000000000e-01
-9.228515625000000000e-02
9.062500000000000000e-01
1.398437500000000000e+00
1.101562500000000000e+00
6.523437500000000000e-01
-9.648437500000000000e-01
6.523437500000000000e-01
1.210937500000000000e+00
-5.429687500000000000e-01
9.218750000000000000e-01
1.750000000000000000e+00
8.632812500000000000e-01
-1.867187500000000000e+00
-3.637695312500000000e-02
-2.484375000000000000e+00
-1.343750000000000000e+00
-7.929687500000000000e-01
5.390625000000000000e-01
-1.132812500000000000e+00
-4.121093750000000000e-01
-5.664062500000000000e-01
2.392578125000000000e-01
7.929687500000000000e-01
7.460937500000000000e-01
-1.304687500000000000e+00
8.906250000000000000e-01
5.976562500000000000e-01
-1.117187500000000000e+00
8.242187500000000000e-01
-1.375000000000000000e+00
1.101562500000000000e+00
-7.617187500000000000e-01
1.398437500000000000e+00
-1.196289062500000000e-01
1.101562500000000000e+00
1.513671875000000000e-01
-2.609375000000000000e+00
-1.054687500000000000e+00
4.760742187500000000e-02
5.859375000000000000e-01
1.884765625000000000e-01
-3.640625000000000000e+00
-1.304687500000000000e+00
-2.500000000000000000e-01
-1.851562500000000000e+00
-1.867187500000000000e+00
1.195312500000000000e+00
-7.343750000000000000e-01
-1.376953125000000000e-01
-9.804687500000000000e-01
-2.021484375000000000e-01
-2.949218750000000000e-01
-1.625000000000000000e+00
-1.601562500000000000e-01
9.726562500000000000e-01
-1.726562500000000000e+00
-1.593750000000000000e+00
1.664062500000000000e+00
1.210937500000000000e+00
1.445312500000000000e+00
-4.433593750000000000e-01
-1.445312500000000000e-01
-7.851562500000000000e-01
-1.000000000000000000e+00
-7.617187500000000000e-01
-4.824218750000000000e-01
-1.601562500000000000e+00
-4.000000000000000000e+00
-1.289062500000000000e+00
-6.562500000000000000e-01
-1.273437500000000000e+00
1.320312500000000000e+00
7.148437500000000000e-01
-1.476562500000000000e+00
-1.132812500000000000e+00
-5.625000000000000000e-01
-3.964843750000000000e-01
-7.500000000000000000e-01
4.785156250000000000e-01
-1.242187500000000000e+00
-5.898437500000000000e-01
1.007812500000000000e+00
2.949218750000000000e-01
-6.992187500000000000e-01
-5.351562500000000000e-01
1.630859375000000000e-01
-1.523437500000000000e+00
-1.085937500000000000e+00
-8.007812500000000000e-01
-8.867187500000000000e-01
9.062500000000000000e-01
-2.470703125000000000e-01
-1.835937500000000000e+00
1.156250000000000000e+00
-1.750000000000000000e+00
1.085937500000000000e+00
6.054687500000000000e-01
4.433593750000000000e-01
-1.437500000000000000e+00
1.093750000000000000e+00
-7.851562500000000000e-01
8.476562500000000000e-01
-3.925781250000000000e-01
3.242187500000000000e-01
8.789062500000000000e-01
-7.304687500000000000e-01
-9.062500000000000000e-01
1.273437500000000000e+00
1.007812500000000000e+00
-1.148437500000000000e+00
8.945312500000000000e-01
-1.023437500000000000e+00
1.648437500000000000e+00
7.460937500000000000e-01
5.273437500000000000e-01
1.125000000000000000e+00
3.652343750000000000e-01
1.351562500000000000e+00
1.023437500000000000e+00
5.820312500000000000e-01
1.648437500000000000e+00
4.062500000000000000e-01
1.875000000000000000e+00
-1.164062500000000000e+00
-9.804687500000000000e-01
1.023437500000000000e+00
6.689453125000000000e-02
4.609375000000000000e-01
-9.094238281250000000e-03
8.710937500000000000e-01
1.070312500000000000e+00
8.437500000000000000e-01
-1.062500000000000000e+00
-1.632812500000000000e+00
6.132812500000000000e-01
5.898437500000000000e-01
-1.320312500000000000e+00
-1.437500000000000000e+00
6.445312500000000000e-01
1.367187500000000000e+00
1.460937500000000000e+00
-3.562500000000000000e+00
-9.570312500000000000e-01
-4.355468750000000000e-01
6.992187500000000000e-01
9.062500000000000000e-01
-1.218750000000000000e+00
6.054687500000000000e-01
1.265625000000000000e+00
1.429687500000000000e+00
1.757812500000000000e+00
-1.812500000000000000e+00
-4.062500000000000000e+00
1.318359375000000000e-01
-2.500000000000000000e+00
-1.226562500000000000e+00
3.105468750000000000e-01
-1.570312500000000000e+00
1.218750000000000000e+00
7.070312500000000000e-01
6.289062500000000000e-01
-1.148437500000000000e+00
1.664062500000000000e+00
7.275390625000000000e-02
3.000000000000000000e+00
-1.335937500000000000e+00
-8.632812500000000000e-01
-1.179687500000000000e+00
4.511718750000000000e-01
1.875000000000000000e-01
4.511718750000000000e-01
-4.589843750000000000e-02
-1.179687500000000000e+00
1.593750000000000000e+00
-2.312500000000000000e+00
-2.773437500000000000e-01
-4.750000000000000000e+00
-4.316406250000000000e-01
-7.617187500000000000e-01
-4.000000000000000000e+00
8.437500000000000000e-01
1.179687500000000000e+00
7.275390625000000000e-02
1.088867187500000000e-01
-1.062500000000000000e+00
-1.937500000000000000e+00
1.335937500000000000e+00
3.808593750000000000e-01
-1.031250000000000000e+00
1.226562500000000000e+00
1.000000000000000000e+00
3.015136718750000000e-02
7.968750000000000000e-01
-3.769531250000000000e-01
7.617187500000000000e-01
-3.339843750000000000e-01
-6.757812500000000000e-01
-1.054687500000000000e+00
9.882812500000000000e-01
1.500000000000000000e+00
-1.101562500000000000e+00
