-2.500000000000000000e+00
2.871093750000000000e-01
-1.054687500000000000e+00
2.597656250000000000e-01
1.630859375000000000e-01
1.648437500000000000e+00
5.976562500000000000e-01
2.382812500000000000e-01
-3.085937500000000000e-01
-7.500000000000000000e-01
4.941406250000000000e-01
5.664062500000000000e-01
1.164062500000000000e+00
-2.050781250000000000e-02
2.519531250000000000e-01
-1.015625000000000000e-01
1.218750000000000000e+00
5.004882812500000000e-02
-1.187500000000000000e+00
-1.835937500000000000e+00
-3.085937500000000000e-01
3.312500000000000000e+00
-5.093750000000000000e+00
-3.027343750000000000e-01
4.858398437500000000e-02
-5.195312500000000000e-01
-3.140625000000000000e+00
-5.625000000000000000e-01
-4.082031250000000000e-01
-3.769531250000000000e-01
7.373046875000000000e-02
2.687500000000000000e+00
2.197265625000000000e-01
-3.730468750000000000e-01
-1.914062500000000000e-01
-1.218750000000000000e+00
2.265625000000000000e+00
-1.210937500000000000e+00
-2.636718750000000000e-01
-1.523437500000000000e+00
1.000976562500000000e-01
4.355468750000000000e-01
-1.495361328125000000e-02
1.806640625000000000e-01
-6.210937500000000000e-01
9.257812500000000000e-01
9.101562500000000000e-01
-4.238281250000000000e-01
1.539062500000000000e+00
1.000976562500000000e-01
-7.851562500000000000e-01
-1.039062500000000000e+00
2.437500000000000000e+00
9.130859375000000000e-02
-4.760742187500000000e-02
-6.640625000000000000e-01
-5.117187500000000000e-01
-3.890625000000000000e+00
1.176757812500000000e-01
-4.199218750000000000e-02
-1.226562500000000000e+00
5.468750000000000000e-01
-8.007812500000000000e-01
1.054687500000000000e+00
7.382812500000000000e-01
1.435546875000000000e-01
-2.177734375000000000e-01
-1.953125000000000000e-02
-3.730468750000000000e-01
3.359375000000000000e-01
-9.687500000000000000e-01
1.367187500000000000e+00
-1.728515625000000000e-01
-1.281250000000000000e+00
2.625000000000000000e+00
1.523437500000000000e+00
5.820312500000000000e-01
9.257812500000000000e-01
3.808593750000000000e-01
-2.734375000000000000e-02
2.046875000000000000e+00
1.552734375000000000e-01
-1.023437500000000000e+00
-7.187500000000000000e-01
-1.882812500000000000e+00
1.226562500000000000e+00
-1.007812500000000000e+00
1.494140625000000000e-01
1.982421875000000000e-01
-9.179687500000000000e-01
-1.125000000000000000e+00
1.250000000000000000e-01
-3.378906250000000000e-01
-6.601562500000000000e-01
2.328125000000000000e+00
1.215820312500000000e-01
-1.757812500000000000e+00
1.104736328125000000e-02
-5.117187500000000000e-01
1.039062500000000000e+00
-3.027343750000000000e-01
-1.312500000000000000e+00
-1.250000000000000000e-01
1.789062500000000000e+00
1.210937500000000000e-01
4.375000000000000000e-01
-3.144531250000000000e-01
2.046875000000000000e+00
-9.062500000000000000e-01
-1.273437500000000000e+00
3.691406250000000000e-01
-7.568359375000000000e-02
1.843750000000000000e+00
-5.820312500000000000e-01
-1.328125000000000000e-01
5.117187500000000000e-01
3.203125000000000000e+00
-8.867187500000000000e-01
-1.460937500000000000e+00
-1.455078125000000000e-01
-3.828125000000000000e-01
-7.695312500000000000e-01
-5.039062500000000000e-01
4.277343750000000000e-01
1.187500000000000000e+00
1.108398437500000000e-01
9.882812500000000000e-01
1.835937500000000000e-01
3.437500000000000000e-01
6.601562500000000000e-01
2.062500000000000000e+00
6.835937500000000000e-01
1.757812500000000000e-01
-8.320312500000000000e-01
-3.015625000000000000e+00
-2.275390625000000000e-01
-8.906250000000000000e-01
-4.218750000000000000e-01
6.992187500000000000e-01
-8.867187500000000000e-01
-1.687500000000000000e+00
2.171875000000000000e+00
5.625000000000000000e-01
9.228515625000000000e-02
5.898437500000000000e-01
7.617187500000000000e-02
-1.507812500000000000e+00
-1.460937500000000000e+00
2.470703125000000000e-01
3.144531250000000000e-01
-2.296875000000000000e+00
1.157226562500000000e-01
-9.101562500000000000e-01
-1.069335937500000000e-01
-8.554687500000000000e-01
-3.562500000000000000e+00
-2.871093750000000000e-01
-8.085937500000000000e-01
6.914062500000000000e-01
-9.062500000000000000e-01
-1.242187500000000000e+00
-2.046875000000000000e+00
1.308593750000000000e-01
-3.265625000000000000e+00
-1.398437500000000000e+00
2.148437500000000000e-01
-7.070312500000000000e-01
-1.337890625000000000e-01
2.437500000000000000e+00
-1.660156250000000000e-01
3.906250000000000000e-01
-5.351562500000000000e-01
7.812500000000000000e-01
7.861328125000000000e-02
-1.718750000000000000e-01
1.865234375000000000e-01
-9.179687500000000000e-01
1.523437500000000000e+00
2.562500000000000000e+00
2.558593750000000000e-01
-1.851562500000000000e+00
2.988281250000000000e-01
-1.484375000000000000e-01
-1.070312500000000000e+00
1.396484375000000000e-01
2.714843750000000000e-01
5.117187500000000000e-01
5.000000000000000000e-01
-1.279296875000000000e-01
4.121093750000000000e-01
5.976562500000000000e-01
-1.015625000000000000e+00
1.030273437500000000e-01
5.781250000000000000e-01
1.000976562500000000e-01
-2.796875000000000000e+00
4.121093750000000000e-01
-2.921875000000000000e+00
-1.023437500000000000e+00
-6.523437500000000000e-01
4.375000000000000000e-01
-2.703125000000000000e+00
-1.669921875000000000e-01
-3.027343750000000000e-01
3.417968750000000000e-01
-7.910156250000000000e-02
-2.910156250000000000e-01
-1.046875000000000000e+00
8.789062500000000000e-03
-2.109375000000000000e-01
-9.492187500000000000e-01
8.154296875000000000e-02
-3.964843750000000000e-01
1.164062500000000000e+00
-1.718750000000000000e-01
7.958984375000000000e-02
-1.664062500000000000e+00
3.261718750000000000e-01
3.769531250000000000e-01
-3.328125000000000000e+00
-6.132812500000000000e-01
1.043701171875000000e-02
4.241943359375000000e-03
9.619140625000000000e-02
-3.890625000000000000e+00
-7.031250000000000000e-01
-1.039062500000000000e+00
-1.664062500000000000e+00
-2.515625000000000000e+00
1.406250000000000000e+00
-2.871093750000000000e-01
-1.835937500000000000e+00
-1.695312500000000000e+00
-9.765625000000000000e-02
-3.613281250000000000e-01
-1.039062500000000000e+00
5.273437500000000000e-01
6.132812500000000000e-01
-9.804687500000000000e-01
-9.960937500000000000e-01
6.093750000000000000e-01
1.710937500000000000e+00
2.765625000000000000e+00
-2.792968750000000000e-01
-1.304687500000000000e+00
-1.679687500000000000e+00
-2.015625000000000000e+00
-7.421875000000000000e-02
-1.218750000000000000e+00
-1.179687500000000000e+00
-4.031250000000000000e+00
-6.523437500000000000e-01
-1.593750000000000000e+00
-4.160156250000000000e-01
4.589843750000000000e-01
7.343750000000000000e-01
-1.117187500000000000e+00
-3.808593750000000000e-01
-5.664062500000000000e-01
-2.519531250000000000e-01
-2.968750000000000000e-01
-7.617187500000000000e-01
-4.902343750000000000e-01
-5.664062500000000000e-01
6.289062500000000000e-01
8.906250000000000000e-01
-4.843750000000000000e-01
-1.429687500000000000e+00
-5.976562500000000000e-01
-1.125000000000000000e+00
-1.343750000000000000e+00
-1.070312500000000000e+00
-5.664062500000000000e-01
2.294921875000000000e-01
-4.355468750000000000e-01
-2.359375000000000000e+00
2.382812500000000000e-01
-3.000000000000000000e+00
4.902343750000000000e-01
4.614257812500000000e-02
-6.718750000000000000e-01
-1.210937500000000000e+00
-3.925781250000000000e-01
-6.176757812500000000e-02
-1.391601562500000000e-02
-2.197265625000000000e-01
-9.619140625000000000e-02
3.847656250000000000e-01
-6.445312500000000000e-01
-6.640625000000000000e-01
8.320312500000000000e-01
5.351562500000000000e-01
-1.406250000000000000e+00
5.351562500000000000e-01
1.157226562500000000e-01
7.695312500000000000e-01
1.196289062500000000e-01
6.835937500000000000e-01
2.421875000000000000e-01
3.540039062500000000e-02
1.710937500000000000e+00
1.140625000000000000e+00
-7.304687500000000000e-01
5.976562500000000000e-01
-3.046875000000000000e-01
1.820312500000000000e+00
-9.687500000000000000e-01
-1.140625000000000000e+00
1.437500000000000000e+00
-2.216796875000000000e-01
-2.343750000000000000e-01
-1.218750000000000000e+00
5.898437500000000000e-01
2.519531250000000000e-01
4.550781250000000000e-01
-1.070312500000000000e+00
-4.902343750000000000e-01
-4.956054687500000000e-02
2.431640625000000000e-01
-7.773437500000000000e-01
-7.177734375000000000e-02
-4.809570312500000000e-02
3.808593750000000000e-01
1.632812500000000000e+00
-3.875000000000000000e+00
-8.398437500000000000e-01
-1.078125000000000000e+00
6.523437500000000000e-01
6.289062500000000000e-01
-8.750000000000000000e-01
4.296875000000000000e-02
3.984375000000000000e-01
1.273437500000000000e+00
2.109375000000000000e+00
-1.554687500000000000e+00
-3.015625000000000000e+00
-3.784179687500000000e-02
-3.546875000000000000e+00
-2.203125000000000000e+00
5.156250000000000000e-01
-7.031250000000000000e-01
5.273437500000000000e-01
-1.156250000000000000e+00
-7.470703125000000000e-02
-9.179687500000000000e-01
5.195312500000000000e-01
-4.921875000000000000e-01
4.593750000000000000e+00
-1.156250000000000000e+00
-2.062500000000000000e+00
3.671875000000000000e-01
-1.669921875000000000e-01
-3.183593750000000000e-01
-4.042968750000000000e-01
-6.884765625000000000e-02
-2.250000000000000000e+00
2.796875000000000000e+00
-2.937500000000000000e+00
6.015625000000000000e-01
-4.125000000000000000e+00
-1.552734375000000000e-01
-1.882812500000000000e+00
-4.187500000000000000e+00
1.445312500000000000e-01
8.710937500000000000e-01
-8.320312500000000000e-01
-1.137695312500000000e-01
-2.929687500000000000e-03
-2.421875000000000000e+00
6.093750000000000000e-01
-1.992187500000000000e-01
-6.406250000000000000e-01
6.250000000000000000e-01
-9.326171875000000000e-02
-3.750000000000000000e-01
2.119140625000000000e-01
-3.378906250000000000e-01
2.871093750000000000e-01
-5.151367187500000000e-02
-7.695312500000000000e-01
-5.312500000000000000e-01
2.519531250000000000e-01
2.046875000000000000e+00
-2.296875000000000000e+00
