-1.437500000000000000e+00
4.785156250000000000e-01
-1.648437500000000000e+00
8.710937500000000000e-01
-2.656250000000000000e-01
1.750000000000000000e+00
1.023437500000000000e+00
6.445312500000000000e-01
-6.367187500000000000e-01
-1.054687500000000000e+00
9.804687500000000000e-01
7.148437500000000000e-01
1.625000000000000000e+00
8.740234375000000000e-02
7.812500000000000000e-01
3.691406250000000000e-01
-1.953125000000000000e-01
5.312500000000000000e-01
-1.289062500000000000e-01
-1.554687500000000000e+00
-6.445312500000000000e-01
3.062500000000000000e+00
-5.718750000000000000e+00
-9.179687500000000000e-01
5.820312500000000000e-01
7.080078125000000000e-02
-3.546875000000000000e+00
-9.726562500000000000e-01
-5.820312500000000000e-01
-7.031250000000000000e-01
1.039062500000000000e+00
2.203125000000000000e+00
7.929687500000000000e-01
-7.929687500000000000e-01
2.500000000000000000e-01
-1.382812500000000000e+00
1.664062500000000000e+00
-8.632812500000000000e-01
1.434326171875000000e-02
-1.695312500000000000e+00
-5.820312500000000000e-01
1.375000000000000000e+00
5.039062500000000000e-01
-2.949218750000000000e-01
-1.195312500000000000e+00
1.281250000000000000e+00
1.039062500000000000e+00
-6.210937500000000000e-01
1.375000000000000000e+00
6.523437500000000000e-01
-9.648437500000000000e-01
-1.250000000000000000e+00
2.328125000000000000e+00
-5.468750000000000000e-01
5.625000000000000000e-01
1.118164062500000000e-01
-7.929687500000000000e-01
-3.390625000000000000e+00
1.464843750000000000e-02
3.691406250000000000e-01
-1.171875000000000000e+00
9.375000000000000000e-01
-9.570312500000000000e-01
1.773437500000000000e+00
1.492187500000000000e+00
-1.059570312500000000e-01
6.757812500000000000e-01
9.179687500000000000e-02
-6.601562500000000000e-01
5.742187500000000000e-01
-1.210937500000000000e+00
1.414062500000000000e+00
-3.437500000000000000e-01
-1.664062500000000000e+00
2.375000000000000000e+00
1.148437500000000000e+00
1.601562500000000000e+00
1.398437500000000000e+00
1.382812500000000000e+00
-3.828125000000000000e-01
2.406250000000000000e+00
5.781250000000000000e-01
-9.687500000000000000e-01
-9.414062500000000000e-01
-2.250000000000000000e+00
1.429687500000000000e+00
-4.121093750000000000e-01
9.492187500000000000e-01
6.015625000000000000e-01
-1.656250000000000000e+00
-9.375000000000000000e-01
6.093750000000000000e-01
-1.085937500000000000e+00
-8.320312500000000000e-01
1.585937500000000000e+00
-3.320312500000000000e-01
-1.484375000000000000e-01
6.367187500000000000e-01
-6.679687500000000000e-01
1.328125000000000000e+00
4.394531250000000000e-01
-1.718750000000000000e+00
-1.179687500000000000e+00
1.851562500000000000e+00
1.093750000000000000e+00
1.195312500000000000e+00
1.953125000000000000e-01
2.203125000000000000e+00
-1.195312500000000000e+00
-1.062500000000000000e+00
1.414062500000000000e+00
-7.812500000000000000e-02
2.015625000000000000e+00
-4.453125000000000000e-01
-5.039062500000000000e-01
1.492187500000000000e+00
2.265625000000000000e+00
-6.992187500000000000e-01
-1.585937500000000000e+00
-7.763671875000000000e-02
-6.171875000000000000e-01
-1.242187500000000000e+00
-6.210937500000000000e-01
1.085937500000000000e+00
1.507812500000000000e+00
5.039062500000000000e-01
1.437500000000000000e+00
1.273437500000000000e+00
1.031250000000000000e+00
8.554687500000000000e-01
2.328125000000000000e+00
9.218750000000000000e-01
6.210937500000000000e-01
-1.218750000000000000e+00
-2.750000000000000000e+00
-7.187500000000000000e-01
-7.968750000000000000e-01
4.941406250000000000e-01
1.328125000000000000e+00
-8.281250000000000000e-01
-1.500000000000000000e+00
2.640625000000000000e+00
1.406250000000000000e+00
5.507812500000000000e-01
1.257812500000000000e+00
-3.750000000000000000e-01
-3.652343750000000000e-01
-1.531250000000000000e+00
9.882812500000000000e-01
1.250000000000000000e+00
-1.140625000000000000e+00
-3.613281250000000000e-01
-9.375000000000000000e-01
1.826171875000000000e-01
-1.304687500000000000e+00
-3.203125000000000000e+00
-5.429687500000000000e-01
-7.617187500000000000e-01
2.968750000000000000e-01
-9.687500000000000000e-01
-1.289062500000000000e+00
-1.750000000000000000e+00
2.675781250000000000e-01
-3.390625000000000000e+00
-1.039062500000000000e+00
1.210937500000000000e+00
-8.750000000000000000e-01
-3.750000000000000000e-01
2.359375000000000000e+00
-5.429687500000000000e-01
7.695312500000000000e-01
-8.476562500000000000e-01
1.664062500000000000e+00
9.257812500000000000e-01
-4.082031250000000000e-01
1.195312500000000000e+00
-1.007812500000000000e+00
1.976562500000000000e+00
1.875000000000000000e+00
9.218750000000000000e-01
-1.156250000000000000e+00
1.070312500000000000e+00
-5.117187500000000000e-01
-1.257812500000000000e+00
4.355468750000000000e-01
1.343750000000000000e+00
9.414062500000000000e-01
5.898437500000000000e-01
3.144531250000000000e-01
5.390625000000000000e-01
1.281250000000000000e+00
-9.062500000000000000e-01
7.929687500000000000e-01
1.492187500000000000e+00
5.820312500000000000e-01
-2.000000000000000000e+00
6.367187500000000000e-01
-2.562500000000000000e+00
-1.039062500000000000e+00
-9.531250000000000000e-01
5.664062500000000000e-01
-1.625000000000000000e+00
3.359375000000000000e-01
-2.792968750000000000e-01
-2.697753906250000000e-02
7.304687500000000000e-01
-1.245117187500000000e-01
-1.320312500000000000e+00
6.992187500000000000e-01
4.140625000000000000e-01
-1.195312500000000000e+00
6.406250000000000000e-01
-8.476562500000000000e-01
1.617187500000000000e+00
-3.925781250000000000e-01
1.226562500000000000e+00
-6.835937500000000000e-01
1.031250000000000000e+00
4.355468750000000000e-01
-2.671875000000000000e+00
-8.164062500000000000e-01
-4.467773437500000000e-02
4.296875000000000000e-01
-3.808593750000000000e-01
-4.031250000000000000e+00
-9.492187500000000000e-01
-1.289062500000000000e+00
-2.078125000000000000e+00
-2.203125000000000000e+00
1.812500000000000000e+00
-6.601562500000000000e-01
-5.039062500000000000e-01
-1.046875000000000000e+00
4.277343750000000000e-01
-4.003906250000000000e-01
-1.234375000000000000e+00
1.152343750000000000e-01
1.312500000000000000e+00
-1.101562500000000000e+00
-9.960937500000000000e-01
1.429687500000000000e+00
1.273437500000000000e+00
1.695312500000000000e+00
-1.875000000000000000e-01
-1.132812500000000000e+00
-1.585937500000000000e+00
-1.398437500000000000e+00
-4.082031250000000000e-01
-1.351562500000000000e+00
-1.476562500000000000e+00
-4.062500000000000000e+00
-7.812500000000000000e-01
-6.054687500000000000e-01
-7.617187500000000000e-01
1.156250000000000000e+00
1.343750000000000000e+00
-1.328125000000000000e+00
-7.539062500000000000e-01
5.523681640625000000e-03
-6.328125000000000000e-01
-7.617187500000000000e-01
-7.695312500000000000e-01
-8.085937500000000000e-01
-5.898437500000000000e-01
7.929687500000000000e-01
1.007812500000000000e+00
-7.382812500000000000e-01
-1.570312500000000000e+00
-8.593750000000000000e-01
-1.312500000000000000e+00
-1.851562500000000000e+00
-9.648437500000000000e-01
-8.125000000000000000e-01
5.976562500000000000e-01
-6.523437500000000000e-01
-2.562500000000000000e+00
9.804687500000000000e-01
-2.062500000000000000e+00
1.000000000000000000e+00
7.812500000000000000e-01
1.171875000000000000e-02
-1.601562500000000000e+00
-5.351562500000000000e-01
-3.261718750000000000e-01
1.464843750000000000e-01
-4.863281250000000000e-01
1.796875000000000000e-01
8.710937500000000000e-01
-5.507812500000000000e-01
-1.023437500000000000e+00
1.320312500000000000e+00
1.062500000000000000e+00
-1.601562500000000000e+00
7.304687500000000000e-01
-4.218750000000000000e-01
1.242187500000000000e+00
6.757812500000000000e-01
-2.929687500000000000e-03
6.367187500000000000e-01
-2.421875000000000000e-01
1.750000000000000000e+00
1.320312500000000000e+00
5.429687500000000000e-01
1.296875000000000000e+00
2.910156250000000000e-01
2.125000000000000000e+00
-9.492187500000000000e-01
-6.875000000000000000e-01
1.554687500000000000e+00
-4.433593750000000000e-01
2.812500000000000000e-01
-1.281250000000000000e+00
1.101562500000000000e+00
8.242187500000000000e-01
7.187500000000000000e-01
-1.351562500000000000e+00
-9.414062500000000000e-01
5.117187500000000000e-01
6.679687500000000000e-01
-9.843750000000000000e-01
-6.601562500000000000e-01
5.937500000000000000e-01
1.289062500000000000e+00
1.750000000000000000e+00
-3.984375000000000000e+00
-9.648437500000000000e-01
-9.804687500000000000e-01
1.718750000000000000e-01
8.632812500000000000e-01
-1.304687500000000000e+00
2.988281250000000000e-01
9.492187500000000000e-01
1.664062500000000000e+00
2.265625000000000000e+00
-1.937500000000000000e+00
-4.000000000000000000e+00
-2.558593750000000000e-01
-3.000000000000000000e+00
-2.140625000000000000e+00
8.320312500000000000e-01
-1.101562500000000000e+00
1.406250000000000000e+00
-2.041015625000000000e-01
3.828125000000000000e-01
-1.031250000000000000e+00
1.437500000000000000e+00
-2.500000000000000000e-01
3.890625000000000000e+00
-1.273437500000000000e+00
-2.125000000000000000e+00
-5.312500000000000000e-01
4.238281250000000000e-01
-3.847656250000000000e-01
5.195312500000000000e-01
-5.117187500000000000e-01
-2.015625000000000000e+00
2.421875000000000000e+00
-2.750000000000000000e+00
1.611328125000000000e-01
-5.125000000000000000e+00
-5.507812500000000000e-01
-1.726562500000000000e+00
-4.375000000000000000e+00
8.007812500000000000e-01
1.187500000000000000e+00
-9.414062500000000000e-01
3.906250000000000000e-01
-7.656250000000000000e-01
-2.484375000000000000e+00
1.265625000000000000e+00
5.195312500000000000e-01
-1.007812500000000000e+00
1.210937500000000000e+00
1.039062500000000000e+00
-3.593750000000000000e-01
8.750000000000000000e-01
-2.871093750000000000e-01
4.941406250000000000e-01
-3.027343750000000000e-01
-8.867187500000000000e-01
-1.000000000000000000e+00
7.812500000000000000e-01
1.164062500000000000e+00
-1.320312500000000000e+00
