2.600000000000000000e+02
-2.262500000000000000e+01
-3.000000000000000000e+01
6.650000000000000000e+01
-1.331250000000000000e+01
-2.662500000000000000e+01
2.500000000000000000e+01
5.000000000000000000e+01
-1.837500000000000000e+01
-9.000000000000000000e+00
3.425000000000000000e+01
9.000000000000000000e+00
2.796875000000000000e+00
1.075000000000000000e+01
6.075000000000000000e+01
3.600000000000000000e+01
-3.450000000000000000e+01
4.225000000000000000e+01
2.240000000000000000e+02
2.500000000000000000e+00
-1.800000000000000000e+01
-1.000000000000000000e+01
1.840000000000000000e+02
-1.300000000000000000e+01
5.125000000000000000e+01
5.400000000000000000e+01
1.610000000000000000e+02
-1.425000000000000000e+01
2.687500000000000000e+00
-3.600000000000000000e+01
1.200000000000000000e+02
-4.375000000000000000e+01
6.850000000000000000e+01
-3.300000000000000000e+01
1.601562500000000000e+00
-1.862500000000000000e+01
-7.156250000000000000e+00
2.468750000000000000e+00
5.925000000000000000e+01
-2.600000000000000000e+01
-2.237500000000000000e+01
1.080000000000000000e+02
1.351562500000000000e+00
-3.062500000000000000e+01
-1.268750000000000000e+01
9.500000000000000000e+00
1.006250000000000000e+01
-3.625000000000000000e+01
-1.318750000000000000e+01
1.255000000000000000e+02
-2.437500000000000000e+00
-4.375000000000000000e+00
-2.950000000000000000e+01
-2.762500000000000000e+01
7.350000000000000000e+01
1.710000000000000000e+02
-5.125000000000000000e+01
2.620000000000000000e+02
-5.968750000000000000e+00
3.875000000000000000e+01
-1.168750000000000000e+01
2.484375000000000000e+00
3.000000000000000000e+00
6.075000000000000000e+01
1.281250000000000000e+01
-3.525000000000000000e+01
1.105000000000000000e+02
-2.737500000000000000e+01
-1.231250000000000000e+01
-6.225000000000000000e+01
3.671875000000000000e+00
-2.025000000000000000e+01
-3.296875000000000000e+00
-5.125000000000000000e+01
-3.325000000000000000e+01
-3.775000000000000000e+01
6.400000000000000000e+01
8.562500000000000000e+00
5.425000000000000000e+01
3.250000000000000000e+00
5.843750000000000000e+00
5.000000000000000000e+01
-2.712500000000000000e+01
-1.637500000000000000e+01
-3.950000000000000000e+01
-1.350000000000000000e+01
1.870000000000000000e+02
9.850000000000000000e+01
4.175000000000000000e+01
-7.406250000000000000e+00
-1.368750000000000000e+01
-3.925000000000000000e+01
-4.525000000000000000e+01
4.902343750000000000e-01
-3.875000000000000000e+01
-1.812500000000000000e+01
2.640000000000000000e+02
5.925000000000000000e+01
-8.625000000000000000e+00
-7.343750000000000000e+00
1.590000000000000000e+02
-1.181250000000000000e+01
-1.750000000000000000e+01
8.945312500000000000e-01
1.390000000000000000e+02
6.850000000000000000e+01
-6.218750000000000000e+00
-2.062500000000000000e+00
-9.187500000000000000e+00
-5.406250000000000000e+00
1.135000000000000000e+02
-2.687500000000000000e+01
-1.937500000000000000e+01
-9.312500000000000000e+00
-9.750000000000000000e+00
4.425000000000000000e+01
-1.055000000000000000e+02
-1.850000000000000000e+01
-1.268750000000000000e+01
-5.531250000000000000e+00
-2.237500000000000000e+01
-4.968750000000000000e+00
-2.537500000000000000e+01
3.875000000000000000e+01
-1.493750000000000000e+01
7.500000000000000000e+01
2.800000000000000000e+01
1.510000000000000000e+02
7.000000000000000000e+01
-1.431250000000000000e+01
-1.518750000000000000e+01
-6.850000000000000000e+01
2.837500000000000000e+01
-2.262500000000000000e+01
2.270000000000000000e+02
-2.062500000000000000e+01
-5.500000000000000000e+00
1.105000000000000000e+02
2.750000000000000000e+01
-2.700000000000000000e+01
1.460937500000000000e+00
-2.850000000000000000e+01
6.600000000000000000e+01
2.950000000000000000e+01
5.325000000000000000e+01
-1.293750000000000000e+01
1.790000000000000000e+02
-3.800000000000000000e+01
7.750000000000000000e+01
5.800000000000000000e+01
2.480000000000000000e+02
-1.950000000000000000e+01
-1.593750000000000000e+01
3.062500000000000000e+01
-1.450000000000000000e+01
1.760000000000000000e+02
-2.900000000000000000e+01
-5.625000000000000000e+00
-9.625000000000000000e+00
-2.012500000000000000e+01
8.447265625000000000e-02
7.600000000000000000e+01
3.975000000000000000e+01
1.710000000000000000e+02
-1.742187500000000000e+00
1.205000000000000000e+02
-6.843750000000000000e+00
-1.539062500000000000e+00
1.132812500000000000e+00
-2.537500000000000000e+01
7.093750000000000000e+00
2.392578125000000000e-01
6.800000000000000000e+01
8.850000000000000000e+01
-2.550000000000000000e+01
6.950000000000000000e+01
2.265625000000000000e+00
2.062500000000000000e+01
-6.750000000000000000e+00
6.325000000000000000e+01
1.430000000000000000e+02
8.200000000000000000e+01
-5.000000000000000000e+01
-1.068750000000000000e+01
-5.775000000000000000e+01
1.410000000000000000e+02
1.900000000000000000e+01
4.250000000000000000e+00
-2.750000000000000000e+01
9.250000000000000000e+00
5.725000000000000000e+01
-1.131250000000000000e+01
1.015000000000000000e+02
6.400000000000000000e+01
3.000000000000000000e+01
2.090000000000000000e+02
1.125000000000000000e+00
2.440000000000000000e+02
-1.081250000000000000e+01
-7.843750000000000000e+00
3.828125000000000000e+00
1.840000000000000000e+02
-1.075000000000000000e+01
-2.700000000000000000e+01
-3.390625000000000000e+00
1.330000000000000000e+02
-6.075000000000000000e+01
-2.537500000000000000e+01
6.100000000000000000e+01
9.200000000000000000e+01
-1.318750000000000000e+01
9.150000000000000000e+01
-1.331250000000000000e+01
9.125000000000000000e+00
-1.093750000000000000e+01
1.350000000000000000e+02
1.550000000000000000e+02
3.725000000000000000e+01
-1.005000000000000000e+02
2.480000000000000000e+02
-3.796875000000000000e+00
-4.125000000000000000e+00
1.600000000000000000e+01
-2.875000000000000000e+00
1.920000000000000000e+02
-2.037500000000000000e+01
-4.750000000000000000e+00
-1.518750000000000000e+01
1.280000000000000000e+02
-6.500000000000000000e+00
-1.468750000000000000e+01
2.160000000000000000e+02
2.160000000000000000e+02
-6.914062500000000000e-01
-5.031250000000000000e+00
-9.000000000000000000e+00
-3.875000000000000000e+01
2.462500000000000000e+01
-2.912500000000000000e+01
-4.343750000000000000e+00
2.950000000000000000e+01
-5.281250000000000000e+00
-8.950000000000000000e+01
-1.350000000000000000e+01
-8.250000000000000000e+00
-2.437500000000000000e+00
7.617187500000000000e-01
-1.081250000000000000e+01
-2.832031250000000000e-01
-1.356250000000000000e+01
2.530000000000000000e+02
-2.462500000000000000e+01
2.190000000000000000e+02
-8.750000000000000000e+00
3.875000000000000000e+01
-6.906250000000000000e+00
-2.737500000000000000e+01
-4.775000000000000000e+01
-3.275000000000000000e+01
-3.725000000000000000e+01
-4.800000000000000000e+01
-3.775000000000000000e+01
-6.156250000000000000e+00
-2.337500000000000000e+01
-3.325000000000000000e+01
-2.078125000000000000e+00
-3.325000000000000000e+01
-5.062500000000000000e+00
1.585937500000000000e+00
-1.206250000000000000e+01
-1.650000000000000000e+01
-8.562500000000000000e+00
-2.150000000000000000e+01
4.175000000000000000e+01
-5.343750000000000000e+00
1.480000000000000000e+02
8.600000000000000000e+01
2.320000000000000000e+02
3.600000000000000000e+01
9.850000000000000000e+01
6.550000000000000000e+01
-1.068750000000000000e+01
-4.525000000000000000e+01
-4.281250000000000000e+00
-2.500000000000000000e+01
-1.562500000000000000e+00
6.650000000000000000e+01
3.400000000000000000e+01
-3.578125000000000000e+00
-1.812500000000000000e+01
2.890625000000000000e+00
3.500000000000000000e+01
-1.331250000000000000e+01
-2.800000000000000000e+01
-1.100000000000000000e+01
3.625000000000000000e+01
7.850000000000000000e+01
-3.675000000000000000e+01
6.800000000000000000e+01
-8.187500000000000000e+00
-6.289062500000000000e-01
-2.487500000000000000e+01
1.790000000000000000e+02
7.700000000000000000e+01
6.850000000000000000e+01
1.612500000000000000e+01
-2.671875000000000000e+00
1.920000000000000000e+02
-1.742187500000000000e+00
-1.500000000000000000e+01
6.075000000000000000e+01
-1.850000000000000000e+01
-4.200000000000000000e+01
7.100000000000000000e+01
2.112500000000000000e+01
-3.475000000000000000e+01
-8.187500000000000000e+00
1.055000000000000000e+02
6.275000000000000000e+01
-1.100000000000000000e+01
-1.506250000000000000e+01
7.950000000000000000e+01
5.125000000000000000e+01
7.812500000000000000e-01
1.205000000000000000e+02
-2.800000000000000000e+01
5.937500000000000000e-01
-3.500000000000000000e+01
4.843750000000000000e+00
-3.037500000000000000e+01
1.200000000000000000e+01
1.200000000000000000e+01
2.587500000000000000e+01
-4.218750000000000000e+00
-2.112500000000000000e+01
2.070000000000000000e+02
-1.393750000000000000e+01
2.430000000000000000e+02
5.275000000000000000e+01
-3.700000000000000000e+01
-3.000000000000000000e+00
5.675000000000000000e+01
4.325000000000000000e+01
7.250000000000000000e+01
-8.687500000000000000e+00
9.450000000000000000e+01
-2.837500000000000000e+01
-5.000000000000000000e+01
-1.356250000000000000e+01
4.300000000000000000e+01
-1.750000000000000000e+01
8.800000000000000000e+01
-2.700000000000000000e+01
1.330000000000000000e+02
-2.250000000000000000e+01
8.100000000000000000e+01
-4.425000000000000000e+01
1.215000000000000000e+02
-3.475000000000000000e+01
1.790000000000000000e+02
-1.193750000000000000e+01
-5.281250000000000000e+00
1.670000000000000000e+02
9.550000000000000000e+01
4.718750000000000000e+00
-1.350000000000000000e+01
7.550000000000000000e+01
-7.656250000000000000e-01
-4.050000000000000000e+01
6.025000000000000000e+01
9.350000000000000000e+01
-1.662500000000000000e+01
3.000000000000000000e+01
1.680000000000000000e+02
-2.462500000000000000e+01
4.275000000000000000e+01
-4.725000000000000000e+01
1.275000000000000000e+01
-3.359375000000000000e+00
-2.531250000000000000e+00
-3.525000000000000000e+01
6.750000000000000000e+01
-2.400000000000000000e+01
1.840000000000000000e+02
