1.225000000000000000e+02
-9.250000000000000000e+00
-1.700000000000000000e+01
3.275000000000000000e+01
-9.500000000000000000e+00
-1.418750000000000000e+01
1.281250000000000000e+01
2.500000000000000000e+01
-9.375000000000000000e+00
-4.812500000000000000e+00
1.737500000000000000e+01
4.281250000000000000e+00
2.953125000000000000e+00
3.703125000000000000e+00
2.900000000000000000e+01
1.750000000000000000e+01
-2.112500000000000000e+01
2.162500000000000000e+01
1.080000000000000000e+02
-3.378906250000000000e-01
-1.250000000000000000e+01
-3.421875000000000000e+00
7.900000000000000000e+01
-4.375000000000000000e+00
2.512500000000000000e+01
2.400000000000000000e+01
6.950000000000000000e+01
-8.687500000000000000e+00
1.945312500000000000e+00
-1.712500000000000000e+01
5.825000000000000000e+01
-2.587500000000000000e+01
3.350000000000000000e+01
-1.950000000000000000e+01
-1.656250000000000000e+00
-8.187500000000000000e+00
-5.250000000000000000e+00
-1.617187500000000000e+00
2.750000000000000000e+01
-1.231250000000000000e+01
-1.343750000000000000e+01
5.175000000000000000e+01
1.351562500000000000e+00
-1.293750000000000000e+01
-9.187500000000000000e+00
4.562500000000000000e+00
5.406250000000000000e+00
-1.612500000000000000e+01
-7.906250000000000000e+00
5.975000000000000000e+01
-1.273437500000000000e+00
-2.921875000000000000e+00
-1.375000000000000000e+01
-1.181250000000000000e+01
3.625000000000000000e+01
8.200000000000000000e+01
-2.450000000000000000e+01
1.185000000000000000e+02
-8.632812500000000000e-01
1.825000000000000000e+01
-6.343750000000000000e+00
1.031250000000000000e+00
1.414062500000000000e+00
3.100000000000000000e+01
7.125000000000000000e+00
-1.543750000000000000e+01
5.325000000000000000e+01
-1.481250000000000000e+01
-6.750000000000000000e+00
-3.112500000000000000e+01
-7.148437500000000000e-01
-1.200000000000000000e+01
-1.695312500000000000e+00
-2.662500000000000000e+01
-1.593750000000000000e+01
-2.537500000000000000e+01
3.037500000000000000e+01
4.093750000000000000e+00
2.562500000000000000e+01
2.500000000000000000e+00
5.031250000000000000e+00
2.412500000000000000e+01
-1.175000000000000000e+01
-4.125000000000000000e+00
-2.162500000000000000e+01
-1.062500000000000000e+01
8.750000000000000000e+01
4.775000000000000000e+01
2.062500000000000000e+01
-5.750000000000000000e+00
-4.656250000000000000e+00
-1.381250000000000000e+01
-2.237500000000000000e+01
9.960937500000000000e-01
-2.112500000000000000e+01
-1.306250000000000000e+01
1.260000000000000000e+02
2.812500000000000000e+01
-8.812500000000000000e+00
-3.062500000000000000e+00
7.550000000000000000e+01
-6.093750000000000000e+00
-1.068750000000000000e+01
2.796875000000000000e+00
6.650000000000000000e+01
3.200000000000000000e+01
-5.125000000000000000e+00
2.470703125000000000e-01
-4.125000000000000000e+00
-2.359375000000000000e+00
5.500000000000000000e+01
-1.581250000000000000e+01
-6.750000000000000000e+00
-5.500000000000000000e+00
-5.656250000000000000e+00
2.250000000000000000e+01
-5.475000000000000000e+01
-9.250000000000000000e+00
-5.875000000000000000e+00
-4.656250000000000000e+00
-1.418750000000000000e+01
-3.828125000000000000e+00
-1.712500000000000000e+01
1.737500000000000000e+01
-6.093750000000000000e+00
3.475000000000000000e+01
1.500000000000000000e+01
7.400000000000000000e+01
3.325000000000000000e+01
-6.968750000000000000e+00
-5.968750000000000000e+00
-3.137500000000000000e+01
1.231250000000000000e+01
-1.281250000000000000e+01
1.065000000000000000e+02
-6.468750000000000000e+00
-4.093750000000000000e+00
5.275000000000000000e+01
1.418750000000000000e+01
-1.593750000000000000e+01
1.882812500000000000e+00
-1.375000000000000000e+01
3.225000000000000000e+01
1.418750000000000000e+01
2.600000000000000000e+01
-1.050000000000000000e+01
8.400000000000000000e+01
-2.050000000000000000e+01
3.725000000000000000e+01
2.862500000000000000e+01
1.180000000000000000e+02
-1.368750000000000000e+01
-8.062500000000000000e+00
1.350000000000000000e+01
-8.625000000000000000e+00
8.050000000000000000e+01
-1.550000000000000000e+01
-3.125000000000000000e+00
-7.468750000000000000e+00
-1.300000000000000000e+01
-3.378906250000000000e-01
3.425000000000000000e+01
1.850000000000000000e+01
7.350000000000000000e+01
-1.531250000000000000e+00
5.925000000000000000e+01
-3.640625000000000000e+00
1.585937500000000000e+00
1.664062500000000000e+00
-1.425000000000000000e+01
3.296875000000000000e+00
1.718750000000000000e+00
3.400000000000000000e+01
4.225000000000000000e+01
-1.056250000000000000e+01
3.375000000000000000e+01
1.679687500000000000e+00
1.168750000000000000e+01
-6.656250000000000000e+00
3.000000000000000000e+01
6.650000000000000000e+01
3.975000000000000000e+01
-2.200000000000000000e+01
-5.406250000000000000e+00
-2.812500000000000000e+01
7.050000000000000000e+01
9.187500000000000000e+00
2.515625000000000000e+00
-1.418750000000000000e+01
5.125000000000000000e+00
2.712500000000000000e+01
-7.250000000000000000e+00
4.725000000000000000e+01
3.150000000000000000e+01
1.418750000000000000e+01
9.550000000000000000e+01
5.351562500000000000e-01
1.125000000000000000e+02
-6.531250000000000000e+00
-3.484375000000000000e+00
2.640625000000000000e+00
8.400000000000000000e+01
-4.406250000000000000e+00
-1.850000000000000000e+01
-6.250000000000000000e-02
6.325000000000000000e+01
-3.100000000000000000e+01
-1.218750000000000000e+01
2.987500000000000000e+01
4.325000000000000000e+01
-9.500000000000000000e+00
4.475000000000000000e+01
-8.062500000000000000e+00
4.250000000000000000e+00
-9.812500000000000000e+00
6.375000000000000000e+01
7.250000000000000000e+01
1.837500000000000000e+01
-5.275000000000000000e+01
1.135000000000000000e+02
-1.429687500000000000e+00
-2.294921875000000000e-01
7.406250000000000000e+00
-2.390625000000000000e+00
8.450000000000000000e+01
-1.175000000000000000e+01
-1.695312500000000000e+00
-8.000000000000000000e+00
5.625000000000000000e+01
-5.468750000000000000e+00
-9.312500000000000000e+00
1.025000000000000000e+02
1.025000000000000000e+02
-1.445312500000000000e+00
-2.984375000000000000e+00
-5.500000000000000000e+00
-2.312500000000000000e+01
1.100000000000000000e+01
-1.300000000000000000e+01
-2.875000000000000000e+00
1.468750000000000000e+01
-5.000000000000000000e-01
-5.125000000000000000e+01
-9.500000000000000000e+00
-4.468750000000000000e+00
-1.085937500000000000e+00
1.875000000000000000e-01
-5.875000000000000000e+00
-3.281250000000000000e-01
-7.031250000000000000e+00
1.105000000000000000e+02
-1.243750000000000000e+01
1.025000000000000000e+02
-5.468750000000000000e+00
1.862500000000000000e+01
-5.531250000000000000e+00
-1.612500000000000000e+01
-2.237500000000000000e+01
-1.518750000000000000e+01
-2.300000000000000000e+01
-2.887500000000000000e+01
-1.456250000000000000e+01
-4.687500000000000000e+00
-1.218750000000000000e+01
-1.700000000000000000e+01
-7.773437500000000000e-01
-1.837500000000000000e+01
-1.289062500000000000e+00
9.531250000000000000e-01
-4.906250000000000000e+00
-5.781250000000000000e+00
-2.593750000000000000e+00
-1.281250000000000000e+01
1.962500000000000000e+01
-3.125000000000000000e+00
6.325000000000000000e+01
4.275000000000000000e+01
1.065000000000000000e+02
1.762500000000000000e+01
4.775000000000000000e+01
2.900000000000000000e+01
-4.656250000000000000e+00
-1.762500000000000000e+01
-2.625000000000000000e+00
-1.118750000000000000e+01
-9.062500000000000000e-01
3.050000000000000000e+01
1.581250000000000000e+01
-5.976562500000000000e-01
-1.281250000000000000e+01
1.937500000000000000e+00
1.612500000000000000e+01
-7.500000000000000000e+00
-1.350000000000000000e+01
-8.562500000000000000e+00
1.750000000000000000e+01
3.725000000000000000e+01
-1.837500000000000000e+01
3.225000000000000000e+01
-4.031250000000000000e+00
7.617187500000000000e-01
-1.175000000000000000e+01
8.550000000000000000e+01
3.800000000000000000e+01
3.200000000000000000e+01
7.343750000000000000e+00
-1.562500000000000000e-01
9.050000000000000000e+01
-2.255859375000000000e-01
-6.156250000000000000e+00
2.937500000000000000e+01
-1.056250000000000000e+01
-1.837500000000000000e+01
3.400000000000000000e+01
1.050000000000000000e+01
-1.912500000000000000e+01
-7.156250000000000000e+00
5.175000000000000000e+01
3.037500000000000000e+01
-4.562500000000000000e+00
-1.300000000000000000e+01
3.700000000000000000e+01
2.387500000000000000e+01
1.820312500000000000e+00
5.200000000000000000e+01
-1.581250000000000000e+01
-1.203125000000000000e+00
-1.600000000000000000e+01
2.640625000000000000e+00
-1.912500000000000000e+01
5.281250000000000000e+00
6.281250000000000000e+00
1.431250000000000000e+01
6.054687500000000000e-01
-1.218750000000000000e+01
8.800000000000000000e+01
-5.031250000000000000e+00
1.095000000000000000e+02
2.450000000000000000e+01
-1.912500000000000000e+01
-2.203125000000000000e+00
2.750000000000000000e+01
1.962500000000000000e+01
3.325000000000000000e+01
-3.265625000000000000e+00
4.675000000000000000e+01
-2.000000000000000000e+01
-2.462500000000000000e+01
-6.593750000000000000e+00
1.912500000000000000e+01
-1.200000000000000000e+01
4.100000000000000000e+01
-1.712500000000000000e+01
6.325000000000000000e+01
-1.075000000000000000e+01
3.750000000000000000e+01
-2.337500000000000000e+01
5.175000000000000000e+01
-1.962500000000000000e+01
7.350000000000000000e+01
-4.218750000000000000e+00
-2.328125000000000000e+00
7.250000000000000000e+01
4.675000000000000000e+01
3.515625000000000000e+00
-6.781250000000000000e+00
3.400000000000000000e+01
-1.914062500000000000e+00
-2.312500000000000000e+01
3.012500000000000000e+01
4.475000000000000000e+01
-1.050000000000000000e+01
1.568750000000000000e+01
8.300000000000000000e+01
-1.268750000000000000e+01
2.125000000000000000e+01
-2.187500000000000000e+01
5.750000000000000000e+00
-6.531250000000000000e+00
-1.406250000000000000e+00
-2.187500000000000000e+01
3.400000000000000000e+01
-1.518750000000000000e+01
8.500000000000000000e+01
