8.625000000000000000e+00
4.863281250000000000e-01
-3.640625000000000000e+00
3.828125000000000000e+00
-9.687500000000000000e-01
-9.257812500000000000e-01
2.171875000000000000e+00
2.437500000000000000e+00
-1.960937500000000000e+00
-2.015625000000000000e+00
2.765625000000000000e+00
2.234375000000000000e+00
2.578125000000000000e+00
7.343750000000000000e-01
3.546875000000000000e+00
1.945312500000000000e+00
-3.500000000000000000e+00
2.750000000000000000e+00
8.437500000000000000e+00
-1.923828125000000000e-01
-1.460937500000000000e+00
1.148437500000000000e+00
-1.039062500000000000e+00
-1.593750000000000000e+00
3.203125000000000000e+00
2.453125000000000000e+00
6.250000000000000000e-02
-1.257812500000000000e+00
1.507812500000000000e+00
-3.328125000000000000e+00
5.968750000000000000e+00
-3.000000000000000000e+00
4.406250000000000000e+00
-2.765625000000000000e+00
-1.468750000000000000e+00
-1.835937500000000000e+00
-5.898437500000000000e-01
4.785156250000000000e-01
2.000000000000000000e+00
-2.000000000000000000e+00
-9.960937500000000000e-01
6.125000000000000000e+00
2.859375000000000000e+00
-1.914062500000000000e+00
-1.976562500000000000e+00
1.445312500000000000e+00
1.343750000000000000e+00
-3.637695312500000000e-02
-8.789062500000000000e-02
5.156250000000000000e+00
5.156250000000000000e-01
-2.078125000000000000e+00
-3.515625000000000000e-01
-2.578125000000000000e+00
4.468750000000000000e+00
6.343750000000000000e+00
-8.906250000000000000e-01
5.750000000000000000e+00
1.835937500000000000e+00
2.375000000000000000e+00
-7.187500000000000000e-01
1.406250000000000000e+00
1.054687500000000000e+00
5.312500000000000000e+00
3.000000000000000000e+00
-6.289062500000000000e-01
5.250000000000000000e+00
1.318359375000000000e-01
1.585937500000000000e+00
-7.812500000000000000e-01
-1.835937500000000000e+00
1.343750000000000000e+00
1.343750000000000000e+00
-4.375000000000000000e+00
4.121093750000000000e-01
-4.718750000000000000e+00
4.906250000000000000e+00
1.531250000000000000e+00
4.468750000000000000e+00
1.140625000000000000e+00
2.671875000000000000e+00
2.671875000000000000e+00
-1.023437500000000000e+00
-1.054687500000000000e+00
-4.531250000000000000e+00
-2.753906250000000000e-01
5.593750000000000000e+00
4.875000000000000000e+00
1.976562500000000000e+00
-2.296875000000000000e+00
-1.696777343750000000e-02
2.312500000000000000e+00
-4.406250000000000000e+00
9.492187500000000000e-01
-2.078125000000000000e+00
-3.000000000000000000e+00
1.056250000000000000e+01
3.171875000000000000e+00
-2.187500000000000000e+00
8.710937500000000000e-01
6.156250000000000000e+00
-2.078125000000000000e+00
-3.390625000000000000e+00
1.773437500000000000e+00
6.250000000000000000e+00
5.218750000000000000e+00
-6.210937500000000000e-01
1.320312500000000000e+00
-1.273437500000000000e+00
1.484375000000000000e-01
6.343750000000000000e+00
-3.125000000000000000e+00
6.250000000000000000e-02
2.282714843750000000e-02
-1.351562500000000000e+00
4.812500000000000000e+00
-3.796875000000000000e+00
-1.789062500000000000e+00
-1.851562500000000000e+00
-9.062500000000000000e-01
-3.375000000000000000e+00
-1.648437500000000000e+00
-1.851562500000000000e+00
2.796875000000000000e+00
9.492187500000000000e-01
2.750000000000000000e+00
3.328125000000000000e+00
7.250000000000000000e+00
4.218750000000000000e+00
9.179687500000000000e-01
3.574218750000000000e-01
-1.625000000000000000e+00
2.140625000000000000e+00
-2.750000000000000000e+00
4.875000000000000000e+00
-9.062500000000000000e-01
3.964843750000000000e-01
4.812500000000000000e+00
3.578125000000000000e+00
-2.890625000000000000e+00
-1.640625000000000000e-01
-1.640625000000000000e-01
4.437500000000000000e+00
1.625000000000000000e+00
3.984375000000000000e+00
-2.328125000000000000e+00
6.875000000000000000e+00
-2.437500000000000000e+00
4.406250000000000000e+00
3.921875000000000000e+00
9.062500000000000000e+00
-1.562500000000000000e+00
-2.171875000000000000e+00
2.868652343750000000e-02
-1.226562500000000000e+00
3.812500000000000000e+00
-1.773437500000000000e+00
-5.156250000000000000e-01
-5.351562500000000000e-01
-2.625000000000000000e+00
3.125000000000000000e-01
2.250000000000000000e+00
2.437500000000000000e+00
1.492187500000000000e+00
1.054687500000000000e+00
6.250000000000000000e+00
-2.187500000000000000e+00
6.250000000000000000e-01
1.570312500000000000e+00
-3.000000000000000000e+00
1.710937500000000000e+00
-4.062500000000000000e-01
5.343750000000000000e+00
4.906250000000000000e+00
6.787109375000000000e-02
4.843750000000000000e+00
1.156250000000000000e+00
3.171875000000000000e+00
-1.257812500000000000e+00
3.328125000000000000e+00
4.156250000000000000e+00
4.593750000000000000e+00
-9.648437500000000000e-01
3.593750000000000000e-01
2.832031250000000000e-01
7.156250000000000000e+00
2.281250000000000000e+00
6.914062500000000000e-01
1.787109375000000000e-01
1.570312500000000000e+00
3.421875000000000000e+00
-1.210937500000000000e+00
4.656250000000000000e+00
5.125000000000000000e+00
2.296875000000000000e+00
5.531250000000000000e+00
-4.316406250000000000e-01
5.125000000000000000e+00
-1.273437500000000000e+00
-9.843750000000000000e-01
8.750000000000000000e-01
6.093750000000000000e+00
-9.882812500000000000e-01
-2.609375000000000000e+00
9.101562500000000000e-01
5.781250000000000000e+00
-2.531250000000000000e+00
-2.000000000000000000e+00
3.921875000000000000e+00
4.250000000000000000e+00
-2.453125000000000000e+00
4.625000000000000000e+00
-2.078125000000000000e+00
1.304687500000000000e+00
-2.234375000000000000e+00
7.250000000000000000e+00
6.281250000000000000e+00
3.000000000000000000e+00
-3.125000000000000000e+00
5.625000000000000000e+00
-8.906250000000000000e-01
1.070312500000000000e+00
1.500000000000000000e+00
1.093750000000000000e-01
2.203125000000000000e+00
-3.046875000000000000e+00
2.060546875000000000e-01
-1.875000000000000000e+00
2.062500000000000000e+00
7.304687500000000000e-01
-1.437500000000000000e+00
8.687500000000000000e+00
6.500000000000000000e+00
-7.226562500000000000e-01
1.289062500000000000e-01
-1.664062500000000000e+00
-1.031250000000000000e+00
2.375000000000000000e+00
-3.859375000000000000e+00
-2.109375000000000000e+00
4.125000000000000000e+00
8.740234375000000000e-02
-5.750000000000000000e+00
-2.138671875000000000e-01
2.177734375000000000e-01
-2.519531250000000000e-01
2.187500000000000000e-01
-7.304687500000000000e-01
-1.533203125000000000e-01
-1.820312500000000000e+00
3.046875000000000000e+00
-3.109375000000000000e+00
7.750000000000000000e+00
-1.835937500000000000e+00
3.125000000000000000e+00
-1.892089843750000000e-02
-3.078125000000000000e+00
-3.921875000000000000e+00
-1.835937500000000000e+00
-2.875000000000000000e+00
-3.312500000000000000e+00
-8.437500000000000000e-01
-1.804687500000000000e+00
-8.867187500000000000e-01
9.023437500000000000e-01
-2.080078125000000000e-01
-3.265625000000000000e+00
1.562500000000000000e-01
1.382812500000000000e+00
-1.554687500000000000e+00
-4.589843750000000000e-01
-4.687500000000000000e-02
-2.703125000000000000e+00
3.171875000000000000e+00
-1.552734375000000000e-01
2.546875000000000000e+00
5.031250000000000000e+00
6.125000000000000000e+00
3.046875000000000000e+00
4.531250000000000000e+00
3.546875000000000000e+00
-1.468750000000000000e+00
1.132812500000000000e+00
-9.414062500000000000e-01
1.562500000000000000e+00
-2.868652343750000000e-02
2.484375000000000000e+00
2.250000000000000000e+00
-7.929687500000000000e-01
-3.171875000000000000e+00
1.750000000000000000e+00
2.609375000000000000e+00
-1.835937500000000000e+00
1.812500000000000000e+00
-2.078125000000000000e+00
3.703125000000000000e+00
3.375000000000000000e+00
-2.597656250000000000e-01
3.828125000000000000e+00
1.101562500000000000e+00
9.257812500000000000e-01
-5.976562500000000000e-01
7.781250000000000000e+00
5.031250000000000000e+00
3.187500000000000000e+00
2.546875000000000000e+00
-8.906250000000000000e-01
5.375000000000000000e+00
1.049804687500000000e-01
1.312500000000000000e+00
3.046875000000000000e+00
-6.289062500000000000e-01
1.523437500000000000e+00
3.953125000000000000e+00
1.976562500000000000e+00
-3.703125000000000000e+00
-2.046875000000000000e+00
4.812500000000000000e+00
2.921875000000000000e+00
-2.140625000000000000e+00
-3.671875000000000000e+00
3.453125000000000000e+00
3.796875000000000000e+00
1.375000000000000000e+00
2.910156250000000000e-01
-3.203125000000000000e+00
1.147460937500000000e-01
5.351562500000000000e-01
1.132812500000000000e+00
-3.796875000000000000e+00
1.664062500000000000e+00
2.890625000000000000e+00
2.671875000000000000e+00
1.500000000000000000e+00
-3.734375000000000000e+00
7.617187500000000000e-01
1.279296875000000000e-01
5.968750000000000000e+00
1.812500000000000000e+00
8.740234375000000000e-02
-1.781250000000000000e+00
3.671875000000000000e+00
3.859375000000000000e+00
3.578125000000000000e+00
-1.265625000000000000e+00
5.875000000000000000e+00
-1.492187500000000000e+00
-9.843750000000000000e-01
-1.906250000000000000e+00
5.703125000000000000e-01
-1.812500000000000000e+00
3.625000000000000000e+00
-1.492187500000000000e+00
5.593750000000000000e+00
-1.445312500000000000e+00
2.484375000000000000e+00
-2.203125000000000000e+00
1.718750000000000000e+00
-1.351562500000000000e+00
-5.429687500000000000e-01
-1.140625000000000000e+00
-4.956054687500000000e-02
1.164062500000000000e+00
4.625000000000000000e+00
1.789062500000000000e+00
-1.696777343750000000e-02
2.453125000000000000e+00
-1.398437500000000000e+00
-4.687500000000000000e+00
4.125000000000000000e+00
4.187500000000000000e+00
-1.695312500000000000e+00
2.750000000000000000e+00
7.375000000000000000e+00
-2.109375000000000000e+00
2.953125000000000000e+00
-7.031250000000000000e-01
1.710937500000000000e+00
-3.652343750000000000e-01
-5.703125000000000000e-01
-3.750000000000000000e+00
3.875000000000000000e+00
-1.210937500000000000e+00
5.500000000000000000e+00
