3.087500000000000000e+01
-1.781250000000000000e+00
-6.843750000000000000e+00
9.875000000000000000e+00
-3.078125000000000000e+00
-4.812500000000000000e+00
4.531250000000000000e+00
6.843750000000000000e+00
-3.328125000000000000e+00
-2.359375000000000000e+00
6.156250000000000000e+00
3.421875000000000000e+00
3.125000000000000000e+00
1.554687500000000000e+00
8.687500000000000000e+00
5.593750000000000000e+00
-8.437500000000000000e+00
7.000000000000000000e+00
2.762500000000000000e+01
2.617187500000000000e-01
-3.828125000000000000e+00
-4.707031250000000000e-01
1.356250000000000000e+01
-1.664062500000000000e+00
8.312500000000000000e+00
6.656250000000000000e+00
1.243750000000000000e+01
-1.789062500000000000e+00
2.656250000000000000e+00
-6.156250000000000000e+00
1.687500000000000000e+01
-9.812500000000000000e+00
1.100000000000000000e+01
-7.000000000000000000e+00
-2.531250000000000000e+00
-1.851562500000000000e+00
-2.765625000000000000e+00
4.941406250000000000e-01
7.093750000000000000e+00
-3.078125000000000000e+00
-2.796875000000000000e+00
1.568750000000000000e+01
4.093750000000000000e+00
-4.281250000000000000e+00
-3.390625000000000000e+00
2.000000000000000000e+00
2.421875000000000000e+00
-1.789062500000000000e+00
-2.140625000000000000e+00
1.568750000000000000e+01
1.000000000000000000e+00
-1.789062500000000000e+00
-3.953125000000000000e+00
-5.093750000000000000e+00
1.181250000000000000e+01
2.037500000000000000e+01
-5.218750000000000000e+00
2.662500000000000000e+01
2.421875000000000000e+00
5.968750000000000000e+00
-1.562500000000000000e+00
1.906250000000000000e+00
2.156250000000000000e+00
1.118750000000000000e+01
4.125000000000000000e+00
-2.859375000000000000e+00
1.481250000000000000e+01
-3.625000000000000000e+00
1.257812500000000000e+00
-6.250000000000000000e+00
-1.679687500000000000e+00
-8.125000000000000000e-01
1.500000000000000000e+00
-9.437500000000000000e+00
-3.359375000000000000e+00
-1.225000000000000000e+01
1.056250000000000000e+01
2.046875000000000000e+00
9.562500000000000000e+00
3.328125000000000000e+00
3.078125000000000000e+00
7.406250000000000000e+00
-3.328125000000000000e+00
-9.414062500000000000e-01
-8.437500000000000000e+00
-2.921875000000000000e+00
2.112500000000000000e+01
1.331250000000000000e+01
5.593750000000000000e+00
-2.703125000000000000e+00
-4.902343750000000000e-01
1.085937500000000000e+00
-9.312500000000000000e+00
1.664062500000000000e+00
-7.375000000000000000e+00
-5.843750000000000000e+00
3.300000000000000000e+01
8.250000000000000000e+00
-3.328125000000000000e+00
2.080078125000000000e-01
1.962500000000000000e+01
-1.718750000000000000e+00
-5.593750000000000000e+00
1.750000000000000000e+00
1.787500000000000000e+01
1.125000000000000000e+01
-2.500000000000000000e+00
8.320312500000000000e-01
-1.500000000000000000e+00
-2.138671875000000000e-01
1.637500000000000000e+01
-6.000000000000000000e+00
-1.632812500000000000e+00
-1.445312500000000000e+00
-2.187500000000000000e+00
9.437500000000000000e+00
-1.556250000000000000e+01
-4.656250000000000000e+00
-1.476562500000000000e+00
-2.390625000000000000e+00
-6.968750000000000000e+00
-1.757812500000000000e+00
-5.156250000000000000e+00
6.125000000000000000e+00
-1.562500000000000000e-02
8.500000000000000000e+00
6.125000000000000000e+00
2.037500000000000000e+01
1.031250000000000000e+01
-7.568359375000000000e-02
-1.687500000000000000e+00
-7.968750000000000000e+00
4.843750000000000000e+00
-4.968750000000000000e+00
2.462500000000000000e+01
-1.695312500000000000e+00
-2.871093750000000000e-01
1.425000000000000000e+01
6.500000000000000000e+00
-6.781250000000000000e+00
1.492187500000000000e+00
-4.281250000000000000e+00
1.018750000000000000e+01
4.406250000000000000e+00
8.937500000000000000e+00
-4.031250000000000000e+00
2.200000000000000000e+01
-6.250000000000000000e+00
1.150000000000000000e+01
9.312500000000000000e+00
3.050000000000000000e+01
-4.156250000000000000e+00
-3.796875000000000000e+00
1.968750000000000000e+00
-1.906250000000000000e+00
1.862500000000000000e+01
-5.093750000000000000e+00
-9.375000000000000000e-01
-2.437500000000000000e+00
-5.593750000000000000e+00
1.164062500000000000e+00
9.000000000000000000e+00
6.406250000000000000e+00
1.500000000000000000e+01
1.281250000000000000e+00
1.700000000000000000e+01
-2.187500000000000000e+00
2.281250000000000000e+00
1.148437500000000000e+00
-6.031250000000000000e+00
2.375000000000000000e+00
8.437500000000000000e-01
1.156250000000000000e+01
1.275000000000000000e+01
-8.398437500000000000e-01
1.118750000000000000e+01
2.562500000000000000e+00
4.906250000000000000e+00
-3.500000000000000000e+00
8.937500000000000000e+00
1.637500000000000000e+01
1.193750000000000000e+01
-3.875000000000000000e+00
-4.140625000000000000e-01
-4.437500000000000000e+00
2.000000000000000000e+01
3.875000000000000000e+00
1.414062500000000000e+00
-3.484375000000000000e+00
2.765625000000000000e+00
7.750000000000000000e+00
-2.578125000000000000e+00
1.293750000000000000e+01
1.081250000000000000e+01
5.250000000000000000e+00
2.200000000000000000e+01
-6.523437500000000000e-01
2.512500000000000000e+01
-2.140625000000000000e+00
-7.304687500000000000e-01
1.195312500000000000e+00
2.100000000000000000e+01
-1.898437500000000000e+00
-6.656250000000000000e+00
2.125000000000000000e+00
1.687500000000000000e+01
-8.812500000000000000e+00
-3.078125000000000000e+00
9.812500000000000000e+00
1.206250000000000000e+01
-4.250000000000000000e+00
1.306250000000000000e+01
-3.125000000000000000e+00
1.601562500000000000e+00
-4.843750000000000000e+00
1.900000000000000000e+01
1.937500000000000000e+01
6.500000000000000000e+00
-1.300000000000000000e+01
2.562500000000000000e+01
-6.054687500000000000e-01
2.421875000000000000e+00
3.171875000000000000e+00
2.910156250000000000e-01
1.750000000000000000e+01
-5.125000000000000000e+00
7.460937500000000000e-01
-9.843750000000000000e-01
1.231250000000000000e+01
-7.851562500000000000e-01
-3.046875000000000000e+00
2.737500000000000000e+01
2.512500000000000000e+01
-1.960937500000000000e+00
-5.468750000000000000e-02
-1.656250000000000000e+00
-6.468750000000000000e+00
3.921875000000000000e+00
-6.343750000000000000e+00
-2.062500000000000000e+00
7.250000000000000000e+00
1.611328125000000000e-01
-1.762500000000000000e+01
-2.046875000000000000e+00
2.343750000000000000e-01
5.273437500000000000e-01
1.773437500000000000e+00
-1.437500000000000000e+00
7.070312500000000000e-01
-1.960937500000000000e+00
2.250000000000000000e+01
-5.718750000000000000e+00
2.687500000000000000e+01
-2.625000000000000000e+00
6.656250000000000000e+00
-1.585937500000000000e+00
-6.656250000000000000e+00
-7.875000000000000000e+00
-5.375000000000000000e+00
-8.000000000000000000e+00
-9.687500000000000000e+00
-2.578125000000000000e+00
-2.734375000000000000e+00
-2.750000000000000000e+00
-1.179687500000000000e+00
-1.007812500000000000e+00
-7.656250000000000000e+00
7.031250000000000000e-01
2.390625000000000000e+00
-9.804687500000000000e-01
5.195312500000000000e-01
2.451171875000000000e-01
-5.406250000000000000e+00
7.250000000000000000e+00
-9.179687500000000000e-01
1.406250000000000000e+01
1.318750000000000000e+01
2.537500000000000000e+01
6.656250000000000000e+00
1.325000000000000000e+01
8.750000000000000000e+00
-2.890625000000000000e-01
-1.000000000000000000e+00
-1.531250000000000000e+00
-4.003906250000000000e-01
3.222656250000000000e-01
8.062500000000000000e+00
5.062500000000000000e+00
-5.976562500000000000e-01
-6.156250000000000000e+00
1.937500000000000000e+00
5.593750000000000000e+00
-2.921875000000000000e+00
-3.784179687500000000e-02
-3.546875000000000000e+00
6.906250000000000000e+00
9.937500000000000000e+00
-3.171875000000000000e+00
9.875000000000000000e+00
2.062500000000000000e+00
5.117187500000000000e-01
-3.109375000000000000e+00
2.337500000000000000e+01
1.218750000000000000e+01
9.187500000000000000e+00
3.625000000000000000e+00
-2.001953125000000000e-01
2.150000000000000000e+01
-3.691406250000000000e-01
5.664062500000000000e-01
8.500000000000000000e+00
-2.062500000000000000e+00
-1.820312500000000000e+00
1.025000000000000000e+01
4.281250000000000000e+00
-7.656250000000000000e+00
-3.046875000000000000e+00
1.450000000000000000e+01
8.500000000000000000e+00
-1.789062500000000000e+00
-6.500000000000000000e+00
9.875000000000000000e+00
8.250000000000000000e+00
1.312500000000000000e+00
1.018750000000000000e+01
-6.750000000000000000e+00
2.714843750000000000e-01
-1.539062500000000000e+00
1.500000000000000000e+00
-8.562500000000000000e+00
2.796875000000000000e+00
4.125000000000000000e+00
4.875000000000000000e+00
1.210937500000000000e+00
-6.125000000000000000e+00
1.581250000000000000e+01
3.828125000000000000e-01
2.562500000000000000e+01
7.156250000000000000e+00
-4.406250000000000000e+00
-1.757812500000000000e+00
8.500000000000000000e+00
7.406250000000000000e+00
9.750000000000000000e+00
-1.320312500000000000e+00
1.450000000000000000e+01
-4.968750000000000000e+00
-7.250000000000000000e+00
-2.109375000000000000e+00
5.156250000000000000e+00
-4.156250000000000000e+00
1.081250000000000000e+01
-5.000000000000000000e+00
1.662500000000000000e+01
-3.046875000000000000e+00
1.006250000000000000e+01
-8.187500000000000000e+00
1.125000000000000000e+01
-5.593750000000000000e+00
1.256250000000000000e+01
-1.101562500000000000e+00
4.003906250000000000e-01
1.468750000000000000e+01
1.306250000000000000e+01
2.390625000000000000e+00
-9.375000000000000000e-01
8.062500000000000000e+00
-1.351562500000000000e+00
-8.812500000000000000e+00
9.500000000000000000e+00
1.243750000000000000e+01
-2.953125000000000000e+00
5.500000000000000000e+00
2.237500000000000000e+01
-4.406250000000000000e+00
7.156250000000000000e+00
-4.468750000000000000e+00
3.203125000000000000e+00
-1.398437500000000000e+00
-2.871093750000000000e-01
-9.000000000000000000e+00
1.056250000000000000e+01
-5.781250000000000000e+00
2.075000000000000000e+01
