6.200000000000000000e+01
-3.546875000000000000e+00
-1.118750000000000000e+01
1.787500000000000000e+01
-4.781250000000000000e+00
-9.437500000000000000e+00
7.343750000000000000e+00
1.275000000000000000e+01
-5.750000000000000000e+00
-3.484375000000000000e+00
1.012500000000000000e+01
4.593750000000000000e+00
3.359375000000000000e+00
2.296875000000000000e+00
1.581250000000000000e+01
9.375000000000000000e+00
-1.300000000000000000e+01
1.218750000000000000e+01
5.475000000000000000e+01
9.648437500000000000e-01
-6.656250000000000000e+00
-2.390625000000000000e+00
3.400000000000000000e+01
-2.796875000000000000e+00
1.450000000000000000e+01
1.231250000000000000e+01
3.037500000000000000e+01
-3.421875000000000000e+00
3.625000000000000000e+00
-1.056250000000000000e+01
3.150000000000000000e+01
-1.687500000000000000e+01
1.937500000000000000e+01
-1.218750000000000000e+01
-3.296875000000000000e+00
-3.437500000000000000e+00
-5.250000000000000000e+00
5.742187500000000000e-01
1.381250000000000000e+01
-6.156250000000000000e+00
-5.656250000000000000e+00
2.850000000000000000e+01
4.968750000000000000e+00
-7.781250000000000000e+00
-4.875000000000000000e+00
2.515625000000000000e+00
4.156250000000000000e+00
-6.343750000000000000e+00
-4.656250000000000000e+00
3.050000000000000000e+01
1.164062500000000000e+00
-2.484375000000000000e+00
-8.437500000000000000e+00
-7.906250000000000000e+00
2.087500000000000000e+01
4.100000000000000000e+01
-1.037500000000000000e+01
5.675000000000000000e+01
2.625000000000000000e+00
1.043750000000000000e+01
-2.734375000000000000e+00
1.726562500000000000e+00
3.125000000000000000e+00
1.887500000000000000e+01
5.281250000000000000e+00
-6.500000000000000000e+00
2.800000000000000000e+01
-6.500000000000000000e+00
3.027343750000000000e-01
-1.400000000000000000e+01
-1.375000000000000000e+00
-4.031250000000000000e+00
1.851562500000000000e+00
-1.662500000000000000e+01
-8.312500000000000000e+00
-1.887500000000000000e+01
1.762500000000000000e+01
2.421875000000000000e+00
1.550000000000000000e+01
3.875000000000000000e+00
3.500000000000000000e+00
1.318750000000000000e+01
-6.250000000000000000e+00
-1.476562500000000000e+00
-1.400000000000000000e+01
-6.156250000000000000e+00
4.275000000000000000e+01
2.500000000000000000e+01
1.025000000000000000e+01
-3.109375000000000000e+00
-4.003906250000000000e-01
-1.742187500000000000e+00
-1.468750000000000000e+01
2.578125000000000000e+00
-1.331250000000000000e+01
-8.812500000000000000e+00
6.450000000000000000e+01
1.518750000000000000e+01
-6.093750000000000000e+00
-1.085937500000000000e+00
3.850000000000000000e+01
-2.640625000000000000e+00
-8.187500000000000000e+00
1.937500000000000000e+00
3.425000000000000000e+01
1.937500000000000000e+01
-3.640625000000000000e+00
8.056640625000000000e-02
-1.914062500000000000e+00
-2.734375000000000000e-01
2.962500000000000000e+01
-1.025000000000000000e+01
-3.750000000000000000e+00
-2.187500000000000000e+00
-2.812500000000000000e+00
1.475000000000000000e+01
-2.987500000000000000e+01
-6.750000000000000000e+00
-3.000000000000000000e+00
-3.421875000000000000e+00
-1.068750000000000000e+01
-2.359375000000000000e+00
-8.750000000000000000e+00
9.875000000000000000e+00
-2.171875000000000000e+00
1.675000000000000000e+01
9.250000000000000000e+00
3.875000000000000000e+01
1.812500000000000000e+01
-1.875000000000000000e+00
-3.828125000000000000e+00
-1.568750000000000000e+01
7.375000000000000000e+00
-8.437500000000000000e+00
5.200000000000000000e+01
-3.375000000000000000e+00
-1.015625000000000000e+00
2.712500000000000000e+01
9.937500000000000000e+00
-1.081250000000000000e+01
2.750000000000000000e+00
-8.062500000000000000e+00
1.787500000000000000e+01
7.406250000000000000e+00
1.481250000000000000e+01
-6.156250000000000000e+00
4.300000000000000000e+01
-1.106250000000000000e+01
2.050000000000000000e+01
1.600000000000000000e+01
6.075000000000000000e+01
-7.281250000000000000e+00
-6.218750000000000000e+00
5.125000000000000000e+00
-3.484375000000000000e+00
3.900000000000000000e+01
-8.937500000000000000e+00
-1.468750000000000000e+00
-4.156250000000000000e+00
-9.437500000000000000e+00
1.726562500000000000e+00
1.725000000000000000e+01
1.100000000000000000e+01
3.375000000000000000e+01
1.476562500000000000e+00
3.162500000000000000e+01
-3.125000000000000000e+00
2.515625000000000000e+00
7.031250000000000000e-01
-9.562500000000000000e+00
2.937500000000000000e+00
2.046875000000000000e+00
1.987500000000000000e+01
2.337500000000000000e+01
-3.062500000000000000e+00
1.950000000000000000e+01
3.734375000000000000e+00
7.406250000000000000e+00
-5.968750000000000000e+00
1.593750000000000000e+01
3.275000000000000000e+01
2.150000000000000000e+01
-9.437500000000000000e+00
-6.132812500000000000e-01
-1.100000000000000000e+01
3.775000000000000000e+01
5.718750000000000000e+00
1.937500000000000000e+00
-7.000000000000000000e+00
3.765625000000000000e+00
1.381250000000000000e+01
-4.218750000000000000e+00
2.462500000000000000e+01
1.887500000000000000e+01
8.437500000000000000e+00
4.600000000000000000e+01
-8.906250000000000000e-01
5.325000000000000000e+01
-3.046875000000000000e+00
-1.414062500000000000e+00
1.500000000000000000e+00
4.225000000000000000e+01
-2.953125000000000000e+00
-1.206250000000000000e+01
2.687500000000000000e+00
3.300000000000000000e+01
-1.650000000000000000e+01
-6.218750000000000000e+00
1.700000000000000000e+01
2.287500000000000000e+01
-7.093750000000000000e+00
2.437500000000000000e+01
-4.656250000000000000e+00
2.031250000000000000e+00
-7.843750000000000000e+00
3.475000000000000000e+01
3.775000000000000000e+01
1.075000000000000000e+01
-2.612500000000000000e+01
5.425000000000000000e+01
-8.710937500000000000e-01
2.921875000000000000e+00
4.562500000000000000e+00
-3.691406250000000000e-01
3.900000000000000000e+01
-8.000000000000000000e+00
1.335937500000000000e+00
-2.171875000000000000e+00
2.600000000000000000e+01
-3.453125000000000000e+00
-5.031250000000000000e+00
5.325000000000000000e+01
5.125000000000000000e+01
-2.765625000000000000e+00
-9.882812500000000000e-01
-2.671875000000000000e+00
-1.218750000000000000e+01
6.250000000000000000e+00
-1.000000000000000000e+01
-2.875000000000000000e+00
1.056250000000000000e+01
1.611328125000000000e-01
-3.062500000000000000e+01
-4.750000000000000000e+00
-6.523437500000000000e-01
9.570312500000000000e-01
2.328125000000000000e+00
-2.546875000000000000e+00
1.445312500000000000e+00
-3.250000000000000000e+00
5.075000000000000000e+01
-9.250000000000000000e+00
5.275000000000000000e+01
-3.578125000000000000e+00
1.081250000000000000e+01
-4.468750000000000000e+00
-1.100000000000000000e+01
-1.368750000000000000e+01
-9.250000000000000000e+00
-1.431250000000000000e+01
-1.687500000000000000e+01
-5.656250000000000000e+00
-3.890625000000000000e+00
-6.250000000000000000e+00
-6.093750000000000000e+00
-1.500000000000000000e+00
-1.300000000000000000e+01
1.460937500000000000e+00
3.453125000000000000e+00
-2.015625000000000000e+00
8.242187500000000000e-01
-2.500000000000000000e-01
-9.187500000000000000e+00
1.200000000000000000e+01
-1.281250000000000000e+00
3.037500000000000000e+01
2.387500000000000000e+01
5.200000000000000000e+01
1.056250000000000000e+01
2.487500000000000000e+01
1.575000000000000000e+01
-1.265625000000000000e+00
-4.343750000000000000e+00
-1.632812500000000000e+00
-2.250000000000000000e+00
6.250000000000000000e-01
1.543750000000000000e+01
8.187500000000000000e+00
-6.132812500000000000e-01
-9.812500000000000000e+00
1.851562500000000000e+00
8.937500000000000000e+00
-4.218750000000000000e+00
-2.875000000000000000e+00
-5.406250000000000000e+00
1.131250000000000000e+01
1.900000000000000000e+01
-6.906250000000000000e+00
1.800000000000000000e+01
9.843750000000000000e-01
2.119140625000000000e-01
-6.593750000000000000e+00
4.475000000000000000e+01
2.150000000000000000e+01
1.700000000000000000e+01
5.468750000000000000e+00
3.007812500000000000e-01
4.400000000000000000e+01
-7.851562500000000000e-01
-4.418945312500000000e-02
1.568750000000000000e+01
-3.765625000000000000e+00
-6.375000000000000000e+00
1.862500000000000000e+01
6.406250000000000000e+00
-1.281250000000000000e+01
-4.218750000000000000e+00
2.762500000000000000e+01
1.550000000000000000e+01
-2.828125000000000000e+00
-9.500000000000000000e+00
1.862500000000000000e+01
1.356250000000000000e+01
1.132812500000000000e+00
2.350000000000000000e+01
-1.118750000000000000e+01
7.695312500000000000e-01
-5.218750000000000000e+00
1.710937500000000000e+00
-1.350000000000000000e+01
4.156250000000000000e+00
5.750000000000000000e+00
7.843750000000000000e+00
6.523437500000000000e-01
-9.062500000000000000e+00
3.825000000000000000e+01
-5.200195312500000000e-02
5.325000000000000000e+01
1.381250000000000000e+01
-9.437500000000000000e+00
-1.820312500000000000e+00
1.475000000000000000e+01
1.181250000000000000e+01
1.800000000000000000e+01
-2.109375000000000000e+00
2.600000000000000000e+01
-9.312500000000000000e+00
-1.468750000000000000e+01
-3.453125000000000000e+00
1.006250000000000000e+01
-6.468750000000000000e+00
2.087500000000000000e+01
-1.006250000000000000e+01
3.225000000000000000e+01
-6.125000000000000000e+00
1.937500000000000000e+01
-1.450000000000000000e+01
2.400000000000000000e+01
-9.937500000000000000e+00
3.200000000000000000e+01
-2.078125000000000000e+00
6.679687500000000000e-01
3.300000000000000000e+01
2.462500000000000000e+01
2.625000000000000000e+00
-2.109375000000000000e+00
1.637500000000000000e+01
-1.406250000000000000e+00
-1.468750000000000000e+01
1.662500000000000000e+01
2.337500000000000000e+01
-5.093750000000000000e+00
8.812500000000000000e+00
4.325000000000000000e+01
-8.187500000000000000e+00
1.231250000000000000e+01
-1.025000000000000000e+01
4.406250000000000000e+00
-3.671875000000000000e+00
-4.121093750000000000e-01
-1.456250000000000000e+01
1.887500000000000000e+01
-9.187500000000000000e+00
4.200000000000000000e+01
