3.062500000000000000e+01
-1.039062500000000000e+00
-7.000000000000000000e+00
9.750000000000000000e+00
-2.390625000000000000e+00
-4.750000000000000000e+00
4.531250000000000000e+00
6.968750000000000000e+00
-3.203125000000000000e+00
-2.437500000000000000e+00
6.125000000000000000e+00
3.453125000000000000e+00
3.375000000000000000e+00
1.601562500000000000e+00
8.687500000000000000e+00
5.343750000000000000e+00
-8.000000000000000000e+00
7.093750000000000000e+00
2.737500000000000000e+01
1.152343750000000000e-01
-3.125000000000000000e+00
-4.843750000000000000e-01
1.325000000000000000e+01
-1.523437500000000000e+00
8.062500000000000000e+00
6.625000000000000000e+00
1.193750000000000000e+01
-1.656250000000000000e+00
2.734375000000000000e+00
-6.343750000000000000e+00
1.637500000000000000e+01
-9.750000000000000000e+00
1.075000000000000000e+01
-6.281250000000000000e+00
-2.890625000000000000e+00
-2.156250000000000000e+00
-2.828125000000000000e+00
7.500000000000000000e-01
7.093750000000000000e+00
-3.000000000000000000e+00
-2.359375000000000000e+00
1.531250000000000000e+01
4.031250000000000000e+00
-4.250000000000000000e+00
-3.171875000000000000e+00
2.015625000000000000e+00
2.609375000000000000e+00
-1.960937500000000000e+00
-2.296875000000000000e+00
1.531250000000000000e+01
1.218750000000000000e+00
-2.078125000000000000e+00
-4.250000000000000000e+00
-5.031250000000000000e+00
1.156250000000000000e+01
2.025000000000000000e+01
-4.281250000000000000e+00
2.662500000000000000e+01
2.375000000000000000e+00
5.968750000000000000e+00
-6.718750000000000000e-01
1.812500000000000000e+00
2.390625000000000000e+00
1.125000000000000000e+01
4.343750000000000000e+00
-2.625000000000000000e+00
1.481250000000000000e+01
-2.875000000000000000e+00
1.687500000000000000e+00
-6.031250000000000000e+00
-1.726562500000000000e+00
-3.984375000000000000e-01
1.562500000000000000e+00
-8.875000000000000000e+00
-2.921875000000000000e+00
-1.218750000000000000e+01
1.056250000000000000e+01
2.046875000000000000e+00
9.375000000000000000e+00
2.937500000000000000e+00
3.453125000000000000e+00
7.250000000000000000e+00
-2.828125000000000000e+00
-9.062500000000000000e-01
-8.687500000000000000e+00
-2.921875000000000000e+00
2.075000000000000000e+01
1.318750000000000000e+01
5.593750000000000000e+00
-2.515625000000000000e+00
-1.904296875000000000e-01
1.117187500000000000e+00
-9.062500000000000000e+00
2.046875000000000000e+00
-7.343750000000000000e+00
-5.750000000000000000e+00
3.275000000000000000e+01
8.187500000000000000e+00
-3.953125000000000000e+00
2.031250000000000000e-01
1.950000000000000000e+01
-1.945312500000000000e+00
-5.218750000000000000e+00
1.937500000000000000e+00
1.762500000000000000e+01
1.118750000000000000e+01
-2.500000000000000000e+00
8.125000000000000000e-01
-1.242187500000000000e+00
2.080078125000000000e-01
1.600000000000000000e+01
-6.343750000000000000e+00
-1.976562500000000000e+00
-6.640625000000000000e-01
-1.937500000000000000e+00
9.437500000000000000e+00
-1.525000000000000000e+01
-4.281250000000000000e+00
-1.601562500000000000e+00
-2.562500000000000000e+00
-6.750000000000000000e+00
-2.046875000000000000e+00
-5.093750000000000000e+00
5.875000000000000000e+00
-2.636718750000000000e-01
8.437500000000000000e+00
6.281250000000000000e+00
1.987500000000000000e+01
1.018750000000000000e+01
2.734375000000000000e-02
-1.875000000000000000e+00
-7.875000000000000000e+00
4.656250000000000000e+00
-4.968750000000000000e+00
2.437500000000000000e+01
-1.304687500000000000e+00
6.176757812500000000e-02
1.381250000000000000e+01
6.500000000000000000e+00
-6.156250000000000000e+00
1.148437500000000000e+00
-4.406250000000000000e+00
1.006250000000000000e+01
4.281250000000000000e+00
8.937500000000000000e+00
-3.953125000000000000e+00
2.200000000000000000e+01
-5.375000000000000000e+00
1.118750000000000000e+01
8.937500000000000000e+00
3.050000000000000000e+01
-3.546875000000000000e+00
-3.671875000000000000e+00
1.835937500000000000e+00
-1.687500000000000000e+00
1.875000000000000000e+01
-4.375000000000000000e+00
-4.296875000000000000e-01
-1.757812500000000000e+00
-5.656250000000000000e+00
1.117187500000000000e+00
9.187500000000000000e+00
6.250000000000000000e+00
1.431250000000000000e+01
1.414062500000000000e+00
1.662500000000000000e+01
-2.265625000000000000e+00
1.976562500000000000e+00
1.210937500000000000e+00
-6.156250000000000000e+00
2.359375000000000000e+00
8.632812500000000000e-01
1.156250000000000000e+01
1.256250000000000000e+01
-9.023437500000000000e-01
1.100000000000000000e+01
2.625000000000000000e+00
5.000000000000000000e+00
-3.640625000000000000e+00
8.812500000000000000e+00
1.637500000000000000e+01
1.181250000000000000e+01
-3.734375000000000000e+00
-9.423828125000000000e-02
-4.000000000000000000e+00
1.937500000000000000e+01
3.937500000000000000e+00
1.710937500000000000e+00
-3.265625000000000000e+00
2.796875000000000000e+00
7.750000000000000000e+00
-2.125000000000000000e+00
1.300000000000000000e+01
1.081250000000000000e+01
5.125000000000000000e+00
2.200000000000000000e+01
-9.375000000000000000e-01
2.500000000000000000e+01
-2.140625000000000000e+00
-7.929687500000000000e-01
1.375000000000000000e+00
2.112500000000000000e+01
-2.125000000000000000e+00
-6.843750000000000000e+00
1.773437500000000000e+00
1.687500000000000000e+01
-8.312500000000000000e+00
-3.078125000000000000e+00
9.562500000000000000e+00
1.206250000000000000e+01
-4.531250000000000000e+00
1.300000000000000000e+01
-3.000000000000000000e+00
1.539062500000000000e+00
-4.718750000000000000e+00
1.862500000000000000e+01
1.962500000000000000e+01
6.406250000000000000e+00
-1.268750000000000000e+01
2.550000000000000000e+01
-5.937500000000000000e-01
2.484375000000000000e+00
3.140625000000000000e+00
3.964843750000000000e-01
1.762500000000000000e+01
-5.281250000000000000e+00
9.062500000000000000e-01
-1.414062500000000000e+00
1.256250000000000000e+01
-1.007812500000000000e+00
-3.125000000000000000e+00
2.737500000000000000e+01
2.462500000000000000e+01
-2.203125000000000000e+00
-4.956054687500000000e-02
-1.789062500000000000e+00
-5.125000000000000000e+00
3.921875000000000000e+00
-6.531250000000000000e+00
-2.578125000000000000e+00
7.218750000000000000e+00
1.992187500000000000e-01
-1.737500000000000000e+01
-1.398437500000000000e+00
3.496093750000000000e-01
4.941406250000000000e-01
1.257812500000000000e+00
-1.257812500000000000e+00
5.429687500000000000e-01
-1.976562500000000000e+00
2.250000000000000000e+01
-5.906250000000000000e+00
2.637500000000000000e+01
-2.515625000000000000e+00
6.625000000000000000e+00
-2.015625000000000000e+00
-6.531250000000000000e+00
-8.125000000000000000e+00
-5.468750000000000000e+00
-7.250000000000000000e+00
-8.937500000000000000e+00
-1.914062500000000000e+00
-2.640625000000000000e+00
-2.203125000000000000e+00
-1.179687500000000000e+00
-1.164062500000000000e+00
-7.250000000000000000e+00
1.007812500000000000e+00
2.750000000000000000e+00
-1.195312500000000000e+00
6.718750000000000000e-01
1.298828125000000000e-01
-5.593750000000000000e+00
7.031250000000000000e+00
-3.046875000000000000e-01
1.393750000000000000e+01
1.325000000000000000e+01
2.537500000000000000e+01
6.468750000000000000e+00
1.281250000000000000e+01
8.937500000000000000e+00
-7.304687500000000000e-01
-1.669921875000000000e-01
-1.312500000000000000e+00
-1.435546875000000000e-01
3.671875000000000000e-01
8.187500000000000000e+00
4.937500000000000000e+00
-5.664062500000000000e-01
-6.156250000000000000e+00
1.882812500000000000e+00
5.500000000000000000e+00
-3.203125000000000000e+00
1.679687500000000000e-01
-3.328125000000000000e+00
7.031250000000000000e+00
9.937500000000000000e+00
-2.515625000000000000e+00
9.875000000000000000e+00
2.078125000000000000e+00
5.507812500000000000e-01
-3.296875000000000000e+00
2.300000000000000000e+01
1.200000000000000000e+01
9.062500000000000000e+00
3.671875000000000000e+00
-1.186523437500000000e-01
2.100000000000000000e+01
-4.316406250000000000e-01
1.289062500000000000e+00
8.312500000000000000e+00
-1.507812500000000000e+00
-1.937500000000000000e+00
1.012500000000000000e+01
4.156250000000000000e+00
-7.250000000000000000e+00
-2.875000000000000000e+00
1.431250000000000000e+01
8.437500000000000000e+00
-2.140625000000000000e+00
-6.156250000000000000e+00
9.812500000000000000e+00
8.062500000000000000e+00
1.335937500000000000e+00
1.006250000000000000e+01
-6.781250000000000000e+00
6.367187500000000000e-01
-1.398437500000000000e+00
1.625000000000000000e+00
-8.187500000000000000e+00
2.828125000000000000e+00
4.062500000000000000e+00
5.062500000000000000e+00
1.132812500000000000e+00
-6.125000000000000000e+00
1.550000000000000000e+01
2.519531250000000000e-01
2.562500000000000000e+01
7.406250000000000000e+00
-4.312500000000000000e+00
-1.812500000000000000e+00
8.312500000000000000e+00
7.750000000000000000e+00
9.625000000000000000e+00
-1.210937500000000000e+00
1.456250000000000000e+01
-4.906250000000000000e+00
-7.250000000000000000e+00
-2.171875000000000000e+00
5.156250000000000000e+00
-3.500000000000000000e+00
1.081250000000000000e+01
-5.031250000000000000e+00
1.637500000000000000e+01
-2.750000000000000000e+00
1.018750000000000000e+01
-8.250000000000000000e+00
1.150000000000000000e+01
-4.656250000000000000e+00
1.250000000000000000e+01
-1.210937500000000000e+00
3.652343750000000000e-01
1.468750000000000000e+01
1.293750000000000000e+01
2.437500000000000000e+00
-3.886718750000000000e-01
7.906250000000000000e+00
-1.304687500000000000e+00
-9.000000000000000000e+00
9.625000000000000000e+00
1.200000000000000000e+01
-2.640625000000000000e+00
5.593750000000000000e+00
2.162500000000000000e+01
-4.375000000000000000e+00
7.031250000000000000e+00
-4.156250000000000000e+00
3.203125000000000000e+00
-1.257812500000000000e+00
-2.609252929687500000e-03
-8.437500000000000000e+00
1.043750000000000000e+01
-5.281250000000000000e+00
2.062500000000000000e+01
