2.190000000000000000e+02
-1.862500000000000000e+01
-2.700000000000000000e+01
5.525000000000000000e+01
-1.400000000000000000e+01
-2.337500000000000000e+01
2.000000000000000000e+01
4.275000000000000000e+01
-1.500000000000000000e+01
-8.062500000000000000e+00
2.800000000000000000e+01
5.656250000000000000e+00
1.773437500000000000e+00
7.343750000000000000e+00
5.000000000000000000e+01
2.912500000000000000e+01
-3.000000000000000000e+01
3.525000000000000000e+01
1.890000000000000000e+02
1.507812500000000000e+00
-1.912500000000000000e+01
-7.593750000000000000e+00
1.510000000000000000e+02
-1.056250000000000000e+01
4.225000000000000000e+01
4.375000000000000000e+01
1.330000000000000000e+02
-1.481250000000000000e+01
7.617187500000000000e-01
-3.000000000000000000e+01
1.005000000000000000e+02
-3.800000000000000000e+01
5.625000000000000000e+01
-3.037500000000000000e+01
1.406250000000000000e+00
-1.593750000000000000e+01
-6.656250000000000000e+00
-1.742187500000000000e+00
4.975000000000000000e+01
-2.137500000000000000e+01
-2.237500000000000000e+01
9.000000000000000000e+01
-1.148437500000000000e+00
-2.450000000000000000e+01
-1.406250000000000000e+01
6.968750000000000000e+00
8.562500000000000000e+00
-3.100000000000000000e+01
-1.250000000000000000e+01
1.055000000000000000e+02
-3.765625000000000000e+00
-4.531250000000000000e+00
-2.462500000000000000e+01
-2.150000000000000000e+01
6.075000000000000000e+01
1.450000000000000000e+02
-4.325000000000000000e+01
2.170000000000000000e+02
-5.468750000000000000e+00
3.100000000000000000e+01
-1.050000000000000000e+01
7.187500000000000000e-01
8.867187500000000000e-01
5.025000000000000000e+01
1.018750000000000000e+01
-2.987500000000000000e+01
9.200000000000000000e+01
-2.437500000000000000e+01
-1.318750000000000000e+01
-5.625000000000000000e+01
1.976562500000000000e+00
-2.137500000000000000e+01
-4.156250000000000000e+00
-4.425000000000000000e+01
-2.937500000000000000e+01
-3.300000000000000000e+01
5.200000000000000000e+01
6.500000000000000000e+00
4.375000000000000000e+01
1.296875000000000000e+00
4.875000000000000000e+00
4.075000000000000000e+01
-2.287500000000000000e+01
-1.062500000000000000e+01
-3.425000000000000000e+01
-1.556250000000000000e+01
1.550000000000000000e+02
8.350000000000000000e+01
3.525000000000000000e+01
-8.750000000000000000e+00
-1.000000000000000000e+01
-3.250000000000000000e+01
-3.600000000000000000e+01
-1.484375000000000000e-01
-3.375000000000000000e+01
-1.650000000000000000e+01
2.210000000000000000e+02
4.925000000000000000e+01
-1.200000000000000000e+01
-6.218750000000000000e+00
1.330000000000000000e+02
-1.193750000000000000e+01
-1.612500000000000000e+01
1.531250000000000000e+00
1.165000000000000000e+02
5.525000000000000000e+01
-5.312500000000000000e+00
-8.125000000000000000e-01
-8.312500000000000000e+00
-4.531250000000000000e+00
9.450000000000000000e+01
-2.450000000000000000e+01
-1.368750000000000000e+01
-7.125000000000000000e+00
-8.812500000000000000e+00
3.575000000000000000e+01
-9.150000000000000000e+01
-1.468750000000000000e+01
-1.206250000000000000e+01
-5.093750000000000000e+00
-2.000000000000000000e+01
-6.500000000000000000e+00
-2.562500000000000000e+01
3.037500000000000000e+01
-1.281250000000000000e+01
6.275000000000000000e+01
2.300000000000000000e+01
1.280000000000000000e+02
5.800000000000000000e+01
-1.350000000000000000e+01
-1.131250000000000000e+01
-5.775000000000000000e+01
2.187500000000000000e+01
-2.112500000000000000e+01
1.930000000000000000e+02
-1.550000000000000000e+01
-6.000000000000000000e+00
9.200000000000000000e+01
2.250000000000000000e+01
-2.337500000000000000e+01
9.882812500000000000e-01
-2.300000000000000000e+01
5.475000000000000000e+01
2.387500000000000000e+01
4.375000000000000000e+01
-1.300000000000000000e+01
1.490000000000000000e+02
-3.425000000000000000e+01
6.400000000000000000e+01
4.800000000000000000e+01
2.080000000000000000e+02
-1.962500000000000000e+01
-1.431250000000000000e+01
2.587500000000000000e+01
-1.431250000000000000e+01
1.460000000000000000e+02
-2.537500000000000000e+01
-4.968750000000000000e+00
-1.118750000000000000e+01
-1.987500000000000000e+01
-1.195312500000000000e+00
6.200000000000000000e+01
3.150000000000000000e+01
1.410000000000000000e+02
-3.203125000000000000e+00
1.020000000000000000e+02
-5.656250000000000000e+00
-1.382812500000000000e+00
1.414062500000000000e+00
-2.162500000000000000e+01
4.500000000000000000e+00
2.093750000000000000e+00
5.625000000000000000e+01
7.350000000000000000e+01
-2.137500000000000000e+01
5.725000000000000000e+01
4.863281250000000000e-01
1.750000000000000000e+01
-7.781250000000000000e+00
5.275000000000000000e+01
1.185000000000000000e+02
6.850000000000000000e+01
-4.275000000000000000e+01
-9.250000000000000000e+00
-5.100000000000000000e+01
1.200000000000000000e+02
1.468750000000000000e+01
3.484375000000000000e+00
-2.462500000000000000e+01
6.531250000000000000e+00
4.800000000000000000e+01
-1.068750000000000000e+01
8.400000000000000000e+01
5.275000000000000000e+01
2.362500000000000000e+01
1.730000000000000000e+02
2.093750000000000000e+00
2.040000000000000000e+02
-1.031250000000000000e+01
-8.062500000000000000e+00
3.421875000000000000e+00
1.520000000000000000e+02
-7.468750000000000000e+00
-2.750000000000000000e+01
-3.187500000000000000e+00
1.120000000000000000e+02
-5.125000000000000000e+01
-2.287500000000000000e+01
5.000000000000000000e+01
7.650000000000000000e+01
-1.400000000000000000e+01
7.650000000000000000e+01
-1.268750000000000000e+01
7.406250000000000000e+00
-1.243750000000000000e+01
1.115000000000000000e+02
1.290000000000000000e+02
3.062500000000000000e+01
-9.050000000000000000e+01
2.070000000000000000e+02
-3.171875000000000000e+00
-3.953125000000000000e+00
1.250000000000000000e+01
-3.703125000000000000e+00
1.580000000000000000e+02
-1.762500000000000000e+01
-3.875000000000000000e+00
-1.550000000000000000e+01
1.045000000000000000e+02
-8.312500000000000000e+00
-1.481250000000000000e+01
1.810000000000000000e+02
1.830000000000000000e+02
1.826171875000000000e-01
-4.625000000000000000e+00
-9.812500000000000000e+00
-3.575000000000000000e+01
1.950000000000000000e+01
-2.237500000000000000e+01
-4.718750000000000000e+00
2.300000000000000000e+01
-2.828125000000000000e+00
-7.850000000000000000e+01
-1.675000000000000000e+01
-8.875000000000000000e+00
-2.640625000000000000e+00
-1.007812500000000000e+00
-1.025000000000000000e+01
-3.593750000000000000e-01
-1.350000000000000000e+01
2.080000000000000000e+02
-2.087500000000000000e+01
1.810000000000000000e+02
-7.781250000000000000e+00
3.150000000000000000e+01
-8.500000000000000000e+00
-2.537500000000000000e+01
-3.925000000000000000e+01
-2.650000000000000000e+01
-3.600000000000000000e+01
-4.475000000000000000e+01
-2.862500000000000000e+01
-6.718750000000000000e+00
-2.200000000000000000e+01
-3.100000000000000000e+01
-6.875000000000000000e-01
-2.937500000000000000e+01
-3.875000000000000000e+00
-2.910156250000000000e-01
-1.156250000000000000e+01
-1.450000000000000000e+01
-6.906250000000000000e+00
-2.062500000000000000e+01
3.325000000000000000e+01
-4.375000000000000000e+00
1.205000000000000000e+02
7.250000000000000000e+01
1.930000000000000000e+02
2.887500000000000000e+01
8.300000000000000000e+01
5.200000000000000000e+01
-1.081250000000000000e+01
-3.700000000000000000e+01
-3.500000000000000000e+00
-2.125000000000000000e+01
-8.593750000000000000e-01
5.525000000000000000e+01
2.750000000000000000e+01
-9.257812500000000000e-01
-1.825000000000000000e+01
2.375000000000000000e+00
2.800000000000000000e+01
-9.937500000000000000e+00
-2.662500000000000000e+01
-1.100000000000000000e+01
2.900000000000000000e+01
6.600000000000000000e+01
-3.150000000000000000e+01
5.600000000000000000e+01
-1.000000000000000000e+01
3.378906250000000000e-01
-2.012500000000000000e+01
1.490000000000000000e+02
6.400000000000000000e+01
5.675000000000000000e+01
1.206250000000000000e+01
-1.554687500000000000e+00
1.610000000000000000e+02
1.591796875000000000e-01
-1.350000000000000000e+01
5.075000000000000000e+01
-1.800000000000000000e+01
-3.625000000000000000e+01
5.875000000000000000e+01
1.637500000000000000e+01
-3.137500000000000000e+01
-9.625000000000000000e+00
8.950000000000000000e+01
5.275000000000000000e+01
-8.812500000000000000e+00
-1.500000000000000000e+01
6.650000000000000000e+01
4.125000000000000000e+01
1.585937500000000000e+00
9.800000000000000000e+01
-2.562500000000000000e+01
-2.828125000000000000e+00
-3.037500000000000000e+01
3.109375000000000000e+00
-2.750000000000000000e+01
8.500000000000000000e+00
8.937500000000000000e+00
2.162500000000000000e+01
-2.562500000000000000e+00
-1.812500000000000000e+01
1.690000000000000000e+02
-1.131250000000000000e+01
2.000000000000000000e+02
4.225000000000000000e+01
-3.162500000000000000e+01
-3.515625000000000000e+00
4.725000000000000000e+01
3.425000000000000000e+01
5.925000000000000000e+01
-7.500000000000000000e+00
7.950000000000000000e+01
-2.937500000000000000e+01
-4.125000000000000000e+01
-1.268750000000000000e+01
3.500000000000000000e+01
-1.712500000000000000e+01
7.350000000000000000e+01
-2.700000000000000000e+01
1.115000000000000000e+02
-2.000000000000000000e+01
6.650000000000000000e+01
-3.675000000000000000e+01
9.800000000000000000e+01
-3.037500000000000000e+01
1.450000000000000000e+02
-9.312500000000000000e+00
-3.765625000000000000e+00
1.360000000000000000e+02
8.050000000000000000e+01
3.609375000000000000e+00
-1.306250000000000000e+01
6.225000000000000000e+01
-1.476562500000000000e+00
-3.725000000000000000e+01
5.075000000000000000e+01
7.800000000000000000e+01
-1.762500000000000000e+01
2.562500000000000000e+01
1.430000000000000000e+02
-2.187500000000000000e+01
3.500000000000000000e+01
-3.900000000000000000e+01
9.000000000000000000e+00
-8.437500000000000000e+00
-3.015625000000000000e+00
-3.250000000000000000e+01
5.675000000000000000e+01
-2.087500000000000000e+01
1.530000000000000000e+02
