3.150000000000000000e+01
-1.726562500000000000e+00
-7.406250000000000000e+00
9.937500000000000000e+00
-3.062500000000000000e+00
-5.343750000000000000e+00
4.437500000000000000e+00
6.906250000000000000e+00
-3.328125000000000000e+00
-2.453125000000000000e+00
6.156250000000000000e+00
3.453125000000000000e+00
3.078125000000000000e+00
1.492187500000000000e+00
8.750000000000000000e+00
5.500000000000000000e+00
-8.625000000000000000e+00
7.156250000000000000e+00
2.837500000000000000e+01
4.687500000000000000e-01
-4.000000000000000000e+00
-5.351562500000000000e-01
1.356250000000000000e+01
-1.781250000000000000e+00
8.437500000000000000e+00
6.593750000000000000e+00
1.250000000000000000e+01
-1.773437500000000000e+00
2.890625000000000000e+00
-6.468750000000000000e+00
1.712500000000000000e+01
-1.043750000000000000e+01
1.118750000000000000e+01
-7.406250000000000000e+00
-2.796875000000000000e+00
-1.882812500000000000e+00
-3.187500000000000000e+00
2.080078125000000000e-01
7.156250000000000000e+00
-3.078125000000000000e+00
-2.750000000000000000e+00
1.593750000000000000e+01
4.218750000000000000e+00
-4.562500000000000000e+00
-3.546875000000000000e+00
1.812500000000000000e+00
2.640625000000000000e+00
-1.781250000000000000e+00
-2.546875000000000000e+00
1.600000000000000000e+01
1.023437500000000000e+00
-1.914062500000000000e+00
-4.468750000000000000e+00
-5.125000000000000000e+00
1.200000000000000000e+01
2.087500000000000000e+01
-4.843750000000000000e+00
2.737500000000000000e+01
2.687500000000000000e+00
6.031250000000000000e+00
-1.570312500000000000e+00
1.781250000000000000e+00
2.359375000000000000e+00
1.131250000000000000e+01
4.125000000000000000e+00
-2.796875000000000000e+00
1.518750000000000000e+01
-3.515625000000000000e+00
1.460937500000000000e+00
-6.750000000000000000e+00
-1.875000000000000000e+00
-1.062500000000000000e+00
1.601562500000000000e+00
-9.937500000000000000e+00
-3.625000000000000000e+00
-1.281250000000000000e+01
1.068750000000000000e+01
1.906250000000000000e+00
9.625000000000000000e+00
3.484375000000000000e+00
3.078125000000000000e+00
7.375000000000000000e+00
-3.437500000000000000e+00
-7.617187500000000000e-01
-8.937500000000000000e+00
-3.500000000000000000e+00
2.137500000000000000e+01
1.356250000000000000e+01
5.593750000000000000e+00
-2.734375000000000000e+00
-8.837890625000000000e-02
1.218750000000000000e+00
-9.437500000000000000e+00
1.937500000000000000e+00
-7.875000000000000000e+00
-6.031250000000000000e+00
3.375000000000000000e+01
8.312500000000000000e+00
-3.828125000000000000e+00
1.225585937500000000e-01
2.012500000000000000e+01
-1.914062500000000000e+00
-5.656250000000000000e+00
1.757812500000000000e+00
1.812500000000000000e+01
1.150000000000000000e+01
-2.640625000000000000e+00
7.656250000000000000e-01
-1.531250000000000000e+00
-7.617187500000000000e-02
1.662500000000000000e+01
-6.531250000000000000e+00
-1.710937500000000000e+00
-1.070312500000000000e+00
-2.109375000000000000e+00
9.500000000000000000e+00
-1.637500000000000000e+01
-4.843750000000000000e+00
-1.804687500000000000e+00
-2.453125000000000000e+00
-7.406250000000000000e+00
-1.882812500000000000e+00
-5.625000000000000000e+00
5.906250000000000000e+00
-2.392578125000000000e-01
8.437500000000000000e+00
6.156250000000000000e+00
2.062500000000000000e+01
1.043750000000000000e+01
-1.337890625000000000e-01
-1.851562500000000000e+00
-8.437500000000000000e+00
4.750000000000000000e+00
-5.500000000000000000e+00
2.562500000000000000e+01
-1.468750000000000000e+00
-2.753906250000000000e-01
1.431250000000000000e+01
6.656250000000000000e+00
-7.125000000000000000e+00
1.679687500000000000e+00
-4.500000000000000000e+00
1.031250000000000000e+01
4.375000000000000000e+00
9.000000000000000000e+00
-4.156250000000000000e+00
2.237500000000000000e+01
-6.343750000000000000e+00
1.150000000000000000e+01
9.250000000000000000e+00
3.137500000000000000e+01
-4.093750000000000000e+00
-4.156250000000000000e+00
1.851562500000000000e+00
-1.898437500000000000e+00
1.912500000000000000e+01
-4.968750000000000000e+00
-1.023437500000000000e+00
-2.484375000000000000e+00
-6.281250000000000000e+00
1.289062500000000000e+00
9.062500000000000000e+00
6.500000000000000000e+00
1.518750000000000000e+01
1.375000000000000000e+00
1.737500000000000000e+01
-2.328125000000000000e+00
2.484375000000000000e+00
1.070312500000000000e+00
-6.500000000000000000e+00
2.250000000000000000e+00
1.257812500000000000e+00
1.181250000000000000e+01
1.300000000000000000e+01
-6.601562500000000000e-01
1.131250000000000000e+01
2.875000000000000000e+00
4.937500000000000000e+00
-3.828125000000000000e+00
9.062500000000000000e+00
1.650000000000000000e+01
1.200000000000000000e+01
-3.859375000000000000e+00
-1.030273437500000000e-01
-4.562500000000000000e+00
2.037500000000000000e+01
3.703125000000000000e+00
1.539062500000000000e+00
-3.671875000000000000e+00
2.687500000000000000e+00
7.718750000000000000e+00
-2.703125000000000000e+00
1.318750000000000000e+01
1.118750000000000000e+01
5.187500000000000000e+00
2.237500000000000000e+01
-7.812500000000000000e-01
2.562500000000000000e+01
-2.140625000000000000e+00
-8.593750000000000000e-01
1.148437500000000000e+00
2.150000000000000000e+01
-2.015625000000000000e+00
-7.375000000000000000e+00
2.328125000000000000e+00
1.737500000000000000e+01
-9.250000000000000000e+00
-3.359375000000000000e+00
9.812500000000000000e+00
1.231250000000000000e+01
-4.875000000000000000e+00
1.350000000000000000e+01
-3.265625000000000000e+00
1.460937500000000000e+00
-5.281250000000000000e+00
1.937500000000000000e+01
1.987500000000000000e+01
6.593750000000000000e+00
-1.368750000000000000e+01
2.612500000000000000e+01
-5.937500000000000000e-01
2.703125000000000000e+00
3.078125000000000000e+00
3.300781250000000000e-01
1.787500000000000000e+01
-5.406250000000000000e+00
1.070312500000000000e+00
-1.156250000000000000e+00
1.243750000000000000e+01
-1.335937500000000000e+00
-3.296875000000000000e+00
2.800000000000000000e+01
2.562500000000000000e+01
-2.234375000000000000e+00
-7.275390625000000000e-02
-1.898437500000000000e+00
-6.343750000000000000e+00
3.750000000000000000e+00
-6.656250000000000000e+00
-2.375000000000000000e+00
7.281250000000000000e+00
4.765625000000000000e-01
-1.862500000000000000e+01
-2.437500000000000000e+00
3.144531250000000000e-01
7.500000000000000000e-01
1.804687500000000000e+00
-1.414062500000000000e+00
9.648437500000000000e-01
-2.140625000000000000e+00
2.287500000000000000e+01
-6.156250000000000000e+00
2.712500000000000000e+01
-2.750000000000000000e+00
6.750000000000000000e+00
-2.328125000000000000e+00
-7.156250000000000000e+00
-8.437500000000000000e+00
-5.750000000000000000e+00
-8.500000000000000000e+00
-1.006250000000000000e+01
-2.234375000000000000e+00
-2.828125000000000000e+00
-3.000000000000000000e+00
-1.414062500000000000e+00
-1.101562500000000000e+00
-8.187500000000000000e+00
1.039062500000000000e+00
2.703125000000000000e+00
-1.117187500000000000e+00
9.531250000000000000e-01
3.359375000000000000e-01
-6.093750000000000000e+00
7.250000000000000000e+00
-6.992187500000000000e-01
1.431250000000000000e+01
1.368750000000000000e+01
2.587500000000000000e+01
6.593750000000000000e+00
1.331250000000000000e+01
8.750000000000000000e+00
-5.273437500000000000e-01
-5.000000000000000000e-01
-1.429687500000000000e+00
-1.250000000000000000e-01
6.640625000000000000e-01
8.250000000000000000e+00
4.906250000000000000e+00
-4.433593750000000000e-01
-6.781250000000000000e+00
1.851562500000000000e+00
5.500000000000000000e+00
-2.734375000000000000e+00
-1.474609375000000000e-01
-3.625000000000000000e+00
7.156250000000000000e+00
1.012500000000000000e+01
-2.750000000000000000e+00
1.012500000000000000e+01
2.140625000000000000e+00
4.609375000000000000e-01
-3.187500000000000000e+00
2.387500000000000000e+01
1.231250000000000000e+01
9.250000000000000000e+00
3.578125000000000000e+00
-1.225585937500000000e-01
2.187500000000000000e+01
-4.316406250000000000e-01
8.906250000000000000e-01
8.687500000000000000e+00
-1.976562500000000000e+00
-1.960937500000000000e+00
1.031250000000000000e+01
4.093750000000000000e+00
-8.250000000000000000e+00
-3.250000000000000000e+00
1.481250000000000000e+01
8.562500000000000000e+00
-1.914062500000000000e+00
-6.781250000000000000e+00
9.937500000000000000e+00
8.187500000000000000e+00
1.273437500000000000e+00
1.018750000000000000e+01
-7.406250000000000000e+00
7.275390625000000000e-02
-1.296875000000000000e+00
1.351562500000000000e+00
-9.000000000000000000e+00
2.750000000000000000e+00
4.125000000000000000e+00
4.843750000000000000e+00
1.085937500000000000e+00
-6.468750000000000000e+00
1.600000000000000000e+01
5.820312500000000000e-01
2.612500000000000000e+01
7.500000000000000000e+00
-4.625000000000000000e+00
-1.726562500000000000e+00
8.437500000000000000e+00
7.500000000000000000e+00
9.812500000000000000e+00
-1.398437500000000000e+00
1.481250000000000000e+01
-5.468750000000000000e+00
-7.593750000000000000e+00
-2.328125000000000000e+00
5.218750000000000000e+00
-4.093750000000000000e+00
1.100000000000000000e+01
-5.750000000000000000e+00
1.687500000000000000e+01
-3.296875000000000000e+00
1.031250000000000000e+01
-8.500000000000000000e+00
1.125000000000000000e+01
-5.281250000000000000e+00
1.275000000000000000e+01
-1.101562500000000000e+00
7.382812500000000000e-01
1.481250000000000000e+01
1.331250000000000000e+01
2.250000000000000000e+00
-8.867187500000000000e-01
8.062500000000000000e+00
-1.265625000000000000e+00
-9.437500000000000000e+00
9.750000000000000000e+00
1.256250000000000000e+01
-3.203125000000000000e+00
5.593750000000000000e+00
2.287500000000000000e+01
-4.750000000000000000e+00
7.156250000000000000e+00
-4.343750000000000000e+00
3.078125000000000000e+00
-1.851562500000000000e+00
-3.886718750000000000e-01
-9.437500000000000000e+00
1.075000000000000000e+01
-5.718750000000000000e+00
2.100000000000000000e+01
