-2.734375000000000000e+00
1.101562500000000000e+00
9.375000000000000000e-02
-6.718750000000000000e-01
1.062500000000000000e+00
2.000000000000000000e+00
-5.546875000000000000e-01
-5.312500000000000000e-01
1.304687500000000000e+00
8.437500000000000000e-01
-4.082031250000000000e-01
-1.007812500000000000e+00
3.808593750000000000e-02
-7.695312500000000000e-01
-7.656250000000000000e-01
-5.664062500000000000e-01
2.187500000000000000e+00
-7.812500000000000000e-01
-3.496093750000000000e-01
-2.875000000000000000e+00
-1.210937500000000000e+00
4.031250000000000000e+00
-3.421875000000000000e+00
-2.519531250000000000e-01
-8.554687500000000000e-01
-1.187500000000000000e+00
-6.445312500000000000e-01
-1.884765625000000000e-01
-1.835937500000000000e+00
1.195312500000000000e+00
-1.953125000000000000e-01
2.937500000000000000e+00
-5.859375000000000000e-01
-5.234375000000000000e-01
5.859375000000000000e-03
-7.617187500000000000e-01
3.625000000000000000e+00
-1.820312500000000000e+00
-2.490234375000000000e-01
-3.140625000000000000e+00
-4.941406250000000000e-01
-6.445312500000000000e-01
-1.937500000000000000e+00
7.304687500000000000e-01
1.117187500000000000e+00
3.847656250000000000e-01
-3.730468750000000000e-01
-1.929687500000000000e+00
1.812500000000000000e+00
2.578125000000000000e-01
-2.046875000000000000e+00
-2.216796875000000000e-01
3.515625000000000000e+00
1.664062500000000000e+00
-6.367187500000000000e-01
4.547119140625000000e-03
-3.015625000000000000e+00
-3.109375000000000000e+00
-3.593750000000000000e-01
-8.398437500000000000e-01
-2.265625000000000000e+00
-2.421875000000000000e-01
-2.250000000000000000e+00
6.500244140625000000e-03
-6.054687500000000000e-01
-3.359375000000000000e-01
-9.179687500000000000e-01
1.625000000000000000e+00
-2.234375000000000000e+00
-1.914062500000000000e+00
9.179687500000000000e-01
-3.613281250000000000e-01
-1.601562500000000000e+00
-1.773437500000000000e+00
2.046875000000000000e+00
8.945312500000000000e-01
-1.093750000000000000e+00
1.542968750000000000e-01
-7.851562500000000000e-01
-1.875000000000000000e-01
1.117187500000000000e+00
-3.027343750000000000e-01
1.015625000000000000e+00
-1.806640625000000000e-01
-1.343750000000000000e+00
5.664062500000000000e-01
-2.910156250000000000e-01
-7.656250000000000000e-01
-5.351562500000000000e-01
1.898437500000000000e+00
-1.851562500000000000e+00
-1.695312500000000000e+00
7.812500000000000000e-01
-2.515625000000000000e+00
3.734375000000000000e+00
1.906250000000000000e+00
-2.796875000000000000e+00
-9.804687500000000000e-01
-4.492187500000000000e-02
1.085937500000000000e+00
2.412109375000000000e-01
-5.585937500000000000e-01
5.429687500000000000e-01
1.773437500000000000e+00
-2.421875000000000000e-01
-8.632812500000000000e-01
-1.796875000000000000e-01
2.437500000000000000e+00
-7.773437500000000000e-01
-3.265625000000000000e+00
-8.164062500000000000e-01
5.786132812500000000e-02
1.851562500000000000e+00
7.617187500000000000e-01
7.187500000000000000e-01
-9.531250000000000000e-01
2.953125000000000000e+00
3.247070312500000000e-02
-1.343750000000000000e+00
9.101562500000000000e-01
1.335937500000000000e+00
1.337890625000000000e-01
-3.710937500000000000e-02
-9.804687500000000000e-01
1.226562500000000000e+00
-2.636718750000000000e-01
-2.060546875000000000e-01
-2.500000000000000000e-01
-5.273437500000000000e-01
-6.445312500000000000e-01
2.328125000000000000e+00
-1.281250000000000000e+00
-2.714843750000000000e-01
1.992187500000000000e-01
-3.359375000000000000e-01
-1.109375000000000000e+00
-2.234375000000000000e+00
-9.570312500000000000e-01
-6.914062500000000000e-01
1.039062500000000000e+00
-3.046875000000000000e+00
2.140625000000000000e+00
-8.710937500000000000e-01
-8.398437500000000000e-01
-5.078125000000000000e-01
9.531250000000000000e-01
-2.187500000000000000e+00
-2.187500000000000000e+00
-5.039062500000000000e-01
-8.164062500000000000e-01
-3.000000000000000000e+00
1.718750000000000000e-01
-8.935546875000000000e-02
-4.824218750000000000e-01
-6.757812500000000000e-01
-3.546875000000000000e+00
-7.656250000000000000e-01
-1.054687500000000000e+00
5.429687500000000000e-01
-7.031250000000000000e-01
-2.812500000000000000e+00
-1.757812500000000000e+00
-5.312500000000000000e-01
-1.304687500000000000e+00
-3.750000000000000000e+00
-4.921875000000000000e-01
6.250000000000000000e-01
3.300781250000000000e-01
2.359375000000000000e+00
1.898437500000000000e+00
-1.210937500000000000e+00
2.871093750000000000e-01
-5.703125000000000000e-01
-7.226562500000000000e-01
-7.539062500000000000e-01
-1.117187500000000000e+00
-2.390625000000000000e+00
2.968750000000000000e-01
3.078125000000000000e+00
-7.695312500000000000e-01
-1.914062500000000000e+00
-7.656250000000000000e-01
-1.812500000000000000e+00
-2.984375000000000000e+00
-2.218750000000000000e+00
1.337890625000000000e-01
-7.031250000000000000e-01
-4.003906250000000000e-01
1.914062500000000000e+00
-2.451171875000000000e-01
-3.496093750000000000e-01
-1.414062500000000000e+00
-5.976562500000000000e-01
-8.750000000000000000e-01
-1.164062500000000000e+00
-2.640625000000000000e+00
6.992187500000000000e-01
-1.773437500000000000e+00
-3.261718750000000000e-01
-4.746093750000000000e-01
-5.371093750000000000e-02
-3.765625000000000000e+00
-3.320312500000000000e-01
3.828125000000000000e-01
-1.152343750000000000e-01
-5.429687500000000000e-01
-1.304687500000000000e+00
-1.023437500000000000e+00
-9.375000000000000000e-01
-8.632812500000000000e-01
-5.546875000000000000e-01
-6.132812500000000000e-01
1.093750000000000000e+00
3.828125000000000000e-01
1.250000000000000000e-01
-1.015625000000000000e+00
-2.750000000000000000e+00
-1.132812500000000000e+00
-2.703125000000000000e+00
-3.296875000000000000e+00
6.289062500000000000e-01
-8.867187500000000000e-01
-8.945312500000000000e-01
-1.845703125000000000e-01
-3.046875000000000000e+00
1.187500000000000000e+00
-2.265625000000000000e+00
-1.054687500000000000e+00
-2.187500000000000000e+00
1.460937500000000000e+00
1.429687500000000000e+00
-2.734375000000000000e+00
-1.914062500000000000e-01
-8.632812500000000000e-01
4.277343750000000000e-01
5.395507812500000000e-02
4.667968750000000000e-01
-4.394531250000000000e-01
9.804687500000000000e-01
7.373046875000000000e-02
-9.414062500000000000e-01
2.296875000000000000e+00
1.585937500000000000e+00
-1.250000000000000000e-01
-3.453125000000000000e+00
-2.859375000000000000e+00
-3.296875000000000000e+00
5.898437500000000000e-01
-2.109375000000000000e+00
-6.523437500000000000e-01
-2.937500000000000000e+00
8.281250000000000000e-01
-1.414062500000000000e+00
1.281250000000000000e+00
-8.476562500000000000e-01
3.320312500000000000e-01
8.642578125000000000e-02
1.195312500000000000e+00
-6.992187500000000000e-01
-4.843750000000000000e-01
3.222656250000000000e-02
-2.609375000000000000e+00
6.250000000000000000e-01
-1.101562500000000000e+00
-3.574218750000000000e-01
1.414062500000000000e+00
-1.171875000000000000e-01
-2.828125000000000000e+00
-2.125000000000000000e+00
-2.675781250000000000e-01
-1.335937500000000000e+00
-1.476562500000000000e+00
1.640625000000000000e-01
-6.679687500000000000e-01
-3.203125000000000000e-01
-8.632812500000000000e-01
-5.898437500000000000e-01
-3.046875000000000000e+00
-2.236328125000000000e-01
-5.898437500000000000e-01
-2.343750000000000000e+00
-8.593750000000000000e-01
-2.390625000000000000e+00
1.562500000000000000e+00
-1.015625000000000000e+00
3.925781250000000000e-01
-3.378906250000000000e-01
-6.523437500000000000e-01
-1.718750000000000000e-01
-4.809570312500000000e-02
3.984375000000000000e-01
-6.132812500000000000e-01
-1.226562500000000000e+00
-1.023437500000000000e+00
1.710937500000000000e+00
-9.062500000000000000e-01
-5.976562500000000000e-01
-5.937500000000000000e-01
-5.585937500000000000e-01
-4.941406250000000000e-01
2.062500000000000000e+00
7.031250000000000000e-01
-1.226562500000000000e+00
-5.664062500000000000e-01
-7.812500000000000000e-01
5.000000000000000000e-01
1.767578125000000000e-01
4.765625000000000000e-01
1.507812500000000000e+00
-8.242187500000000000e-01
-8.554687500000000000e-01
-3.828125000000000000e+00
-5.898437500000000000e-01
-9.101562500000000000e-01
-5.351562500000000000e-01
-1.125000000000000000e+00
1.375000000000000000e+00
-3.847656250000000000e-01
-1.435546875000000000e-01
2.578125000000000000e-01
2.203125000000000000e+00
-4.902343750000000000e-01
-1.257812500000000000e+00
1.726562500000000000e+00
-3.109375000000000000e+00
-1.318359375000000000e-01
-2.109375000000000000e+00
-6.757812500000000000e-01
-4.531250000000000000e-01
-5.390625000000000000e-01
-1.218750000000000000e+00
-1.343750000000000000e+00
3.359375000000000000e-01
2.062500000000000000e+00
-3.691406250000000000e-01
6.601562500000000000e-01
-5.507812500000000000e-01
-3.734375000000000000e+00
-2.796875000000000000e+00
2.796875000000000000e+00
9.492187500000000000e-01
-7.695312500000000000e-01
-3.812500000000000000e+00
-6.875000000000000000e-01
-7.070312500000000000e-01
-8.007812500000000000e-01
-2.062500000000000000e+00
4.968750000000000000e+00
-8.750000000000000000e-01
-1.898437500000000000e+00
1.843750000000000000e+00
-3.828125000000000000e-01
-5.976562500000000000e-01
-6.992187500000000000e-01
-5.351562500000000000e-01
-2.296875000000000000e+00
2.312500000000000000e+00
-2.687500000000000000e+00
1.875000000000000000e+00
-2.250000000000000000e+00
-7.617187500000000000e-01
-2.796875000000000000e+00
-3.421875000000000000e+00
-2.500000000000000000e-01
3.105468750000000000e-01
-3.000000000000000000e+00
-7.187500000000000000e-01
1.304687500000000000e+00
-2.687500000000000000e+00
-4.121093750000000000e-01
-2.451171875000000000e-01
-4.472656250000000000e-01
-2.314453125000000000e-01
-1.088867187500000000e-01
-6.640625000000000000e-01
-1.101562500000000000e+00
5.664062500000000000e-01
-4.785156250000000000e-01
6.054687500000000000e-01
-1.225585937500000000e-01
5.429687500000000000e-01
-3.964843750000000000e-01
1.906250000000000000e+00
-2.640625000000000000e+00
