1.962500000000000000e+01
-9.375000000000000000e-02
-5.031250000000000000e+00
6.750000000000000000e+00
-1.585937500000000000e+00
-3.796875000000000000e+00
3.203125000000000000e+00
4.625000000000000000e+00
-3.000000000000000000e+00
-2.390625000000000000e+00
4.343750000000000000e+00
3.250000000000000000e+00
3.000000000000000000e+00
1.273437500000000000e+00
6.031250000000000000e+00
3.453125000000000000e+00
-5.343750000000000000e+00
4.875000000000000000e+00
1.787500000000000000e+01
1.533203125000000000e-01
-1.937500000000000000e+00
-1.875000000000000000e-01
6.406250000000000000e+00
-1.062500000000000000e+00
5.625000000000000000e+00
4.531250000000000000e+00
5.968750000000000000e+00
-1.140625000000000000e+00
3.125000000000000000e+00
-5.218750000000000000e+00
1.100000000000000000e+01
-7.625000000000000000e+00
7.750000000000000000e+00
-4.531250000000000000e+00
-3.312500000000000000e+00
-2.109375000000000000e+00
-2.234375000000000000e+00
9.687500000000000000e-01
4.406250000000000000e+00
-2.015625000000000000e+00
-1.085937500000000000e+00
1.062500000000000000e+01
3.828125000000000000e+00
-2.937500000000000000e+00
-2.421875000000000000e+00
1.437500000000000000e+00
1.750000000000000000e+00
-7.343750000000000000e-01
-1.539062500000000000e+00
1.018750000000000000e+01
1.593750000000000000e+00
-2.500000000000000000e+00
-2.828125000000000000e+00
-3.609375000000000000e+00
8.187500000000000000e+00
1.331250000000000000e+01
-1.851562500000000000e+00
1.662500000000000000e+01
2.687500000000000000e+00
4.250000000000000000e+00
-1.689453125000000000e-01
1.414062500000000000e+00
2.671875000000000000e+00
8.000000000000000000e+00
3.578125000000000000e+00
-1.492187500000000000e+00
9.812500000000000000e+00
-1.289062500000000000e+00
3.015625000000000000e+00
-3.562500000000000000e+00
-1.750000000000000000e+00
2.500000000000000000e-01
2.171875000000000000e+00
-6.750000000000000000e+00
-1.492187500000000000e+00
-9.562500000000000000e+00
7.500000000000000000e+00
1.335937500000000000e+00
6.656250000000000000e+00
2.562500000000000000e+00
3.046875000000000000e+00
4.875000000000000000e+00
-1.375000000000000000e+00
-7.929687500000000000e-01
-6.250000000000000000e+00
-2.203125000000000000e+00
1.306250000000000000e+01
8.750000000000000000e+00
3.625000000000000000e+00
-2.312500000000000000e+00
1.235351562500000000e-01
2.140625000000000000e+00
-6.718750000000000000e+00
2.500000000000000000e+00
-4.875000000000000000e+00
-5.000000000000000000e+00
2.150000000000000000e+01
5.531250000000000000e+00
-3.812500000000000000e+00
1.818847656250000000e-02
1.268750000000000000e+01
-2.046875000000000000e+00
-4.000000000000000000e+00
1.835937500000000000e+00
1.168750000000000000e+01
8.250000000000000000e+00
-2.312500000000000000e+00
6.328125000000000000e-01
-9.960937500000000000e-01
8.007812500000000000e-01
1.081250000000000000e+01
-5.593750000000000000e+00
-2.015625000000000000e+00
-6.884765625000000000e-02
-1.710937500000000000e+00
7.000000000000000000e+00
-9.687500000000000000e+00
-3.000000000000000000e+00
-1.750000000000000000e+00
-1.976562500000000000e+00
-5.593750000000000000e+00
-1.867187500000000000e+00
-3.250000000000000000e+00
3.937500000000000000e+00
-2.294921875000000000e-01
5.406250000000000000e+00
4.906250000000000000e+00
1.331250000000000000e+01
7.093750000000000000e+00
3.222656250000000000e-01
-1.648437500000000000e+00
-5.125000000000000000e+00
3.328125000000000000e+00
-3.625000000000000000e+00
1.518750000000000000e+01
-5.742187500000000000e-01
8.750000000000000000e-01
8.937500000000000000e+00
5.031250000000000000e+00
-5.031250000000000000e+00
8.710937500000000000e-01
-3.500000000000000000e+00
7.031250000000000000e+00
2.609375000000000000e+00
6.343750000000000000e+00
-3.390625000000000000e+00
1.418750000000000000e+01
-3.375000000000000000e+00
7.593750000000000000e+00
5.968750000000000000e+00
2.000000000000000000e+01
-2.421875000000000000e+00
-3.296875000000000000e+00
1.904296875000000000e-01
-1.000000000000000000e+00
1.168750000000000000e+01
-2.937500000000000000e+00
-2.753906250000000000e-01
-1.007812500000000000e+00
-4.250000000000000000e+00
1.414062500000000000e+00
6.531250000000000000e+00
4.750000000000000000e+00
8.375000000000000000e+00
2.046875000000000000e+00
1.125000000000000000e+01
-2.687500000000000000e+00
1.625000000000000000e+00
1.164062500000000000e+00
-4.781250000000000000e+00
2.062500000000000000e+00
4.375000000000000000e-01
8.312500000000000000e+00
8.562500000000000000e+00
-2.236328125000000000e-01
7.843750000000000000e+00
2.796875000000000000e+00
3.750000000000000000e+00
-3.250000000000000000e+00
5.906250000000000000e+00
1.006250000000000000e+01
8.000000000000000000e+00
-1.851562500000000000e+00
1.210937500000000000e+00
-1.492187500000000000e+00
1.318750000000000000e+01
3.203125000000000000e+00
1.085937500000000000e+00
-1.601562500000000000e+00
2.359375000000000000e+00
5.281250000000000000e+00
-1.445312500000000000e+00
8.687500000000000000e+00
7.875000000000000000e+00
3.687500000000000000e+00
1.393750000000000000e+01
-1.375000000000000000e+00
1.518750000000000000e+01
-1.898437500000000000e+00
-5.468750000000000000e-01
1.062500000000000000e+00
1.375000000000000000e+01
-2.468750000000000000e+00
-5.031250000000000000e+00
1.781250000000000000e+00
1.118750000000000000e+01
-5.125000000000000000e+00
-2.343750000000000000e+00
6.656250000000000000e+00
8.187500000000000000e+00
-3.421875000000000000e+00
8.937500000000000000e+00
-2.671875000000000000e+00
8.125000000000000000e-01
-3.875000000000000000e+00
1.275000000000000000e+01
1.318750000000000000e+01
4.343750000000000000e+00
-8.562500000000000000e+00
1.543750000000000000e+01
-6.367187500000000000e-01
2.000000000000000000e+00
2.265625000000000000e+00
9.257812500000000000e-01
1.025000000000000000e+01
-4.406250000000000000e+00
1.351562500000000000e+00
-1.562500000000000000e+00
7.500000000000000000e+00
-8.710937500000000000e-01
-2.125000000000000000e+00
1.800000000000000000e+01
1.568750000000000000e+01
-2.328125000000000000e+00
1.601562500000000000e-01
-1.789062500000000000e+00
-3.140625000000000000e+00
2.640625000000000000e+00
-6.031250000000000000e+00
-2.937500000000000000e+00
5.656250000000000000e+00
-1.494140625000000000e-01
-1.218750000000000000e+01
-6.875000000000000000e-01
9.335937500000000000e-01
7.617187500000000000e-01
9.062500000000000000e-01
-9.882812500000000000e-01
6.601562500000000000e-01
-1.750000000000000000e+00
1.281250000000000000e+01
-4.968750000000000000e+00
1.675000000000000000e+01
-2.281250000000000000e+00
4.781250000000000000e+00
-1.851562500000000000e+00
-4.656250000000000000e+00
-6.156250000000000000e+00
-4.218750000000000000e+00
-4.906250000000000000e+00
-6.093750000000000000e+00
-1.062500000000000000e+00
-2.484375000000000000e+00
-1.429687500000000000e+00
-1.875000000000000000e-01
-1.414062500000000000e+00
-5.312500000000000000e+00
1.414062500000000000e+00
3.171875000000000000e+00
-1.195312500000000000e+00
9.492187500000000000e-01
1.513671875000000000e-01
-4.156250000000000000e+00
5.281250000000000000e+00
3.437500000000000000e-01
8.875000000000000000e+00
9.125000000000000000e+00
1.568750000000000000e+01
4.781250000000000000e+00
8.312500000000000000e+00
6.343750000000000000e+00
-8.554687500000000000e-01
1.789062500000000000e+00
-1.195312500000000000e+00
1.750000000000000000e+00
2.080078125000000000e-01
5.281250000000000000e+00
3.359375000000000000e+00
-1.156250000000000000e+00
-4.687500000000000000e+00
1.585937500000000000e+00
3.828125000000000000e+00
-2.390625000000000000e+00
1.398437500000000000e+00
-2.875000000000000000e+00
5.500000000000000000e+00
6.406250000000000000e+00
-7.382812500000000000e-01
7.093750000000000000e+00
2.140625000000000000e+00
4.433593750000000000e-01
-2.796875000000000000e+00
1.500000000000000000e+01
8.562500000000000000e+00
5.968750000000000000e+00
2.828125000000000000e+00
-6.835937500000000000e-01
1.318750000000000000e+01
-8.125000000000000000e-01
2.203125000000000000e+00
5.625000000000000000e+00
-8.544921875000000000e-02
-4.785156250000000000e-01
7.000000000000000000e+00
3.140625000000000000e+00
-5.406250000000000000e+00
-2.437500000000000000e+00
9.500000000000000000e+00
5.531250000000000000e+00
-2.484375000000000000e+00
-5.500000000000000000e+00
6.375000000000000000e+00
5.625000000000000000e+00
1.085937500000000000e+00
5.500000000000000000e+00
-5.218750000000000000e+00
8.867187500000000000e-01
9.375000000000000000e-02
1.375000000000000000e+00
-6.125000000000000000e+00
2.375000000000000000e+00
3.500000000000000000e+00
3.703125000000000000e+00
8.789062500000000000e-01
-4.968750000000000000e+00
8.687500000000000000e+00
3.808593750000000000e-01
1.612500000000000000e+01
5.468750000000000000e+00
-2.203125000000000000e+00
-1.757812500000000000e+00
5.531250000000000000e+00
6.156250000000000000e+00
6.656250000000000000e+00
-1.210937500000000000e+00
1.006250000000000000e+01
-3.703125000000000000e+00
-5.093750000000000000e+00
-2.203125000000000000e+00
3.750000000000000000e+00
-2.328125000000000000e+00
7.125000000000000000e+00
-2.937500000000000000e+00
1.068750000000000000e+01
-1.835937500000000000e+00
7.156250000000000000e+00
-6.375000000000000000e+00
6.968750000000000000e+00
-3.140625000000000000e+00
6.593750000000000000e+00
-1.023437500000000000e+00
5.585937500000000000e-01
8.312500000000000000e+00
8.562500000000000000e+00
2.093750000000000000e+00
8.789062500000000000e-01
4.750000000000000000e+00
-1.062500000000000000e+00
-6.875000000000000000e+00
6.750000000000000000e+00
7.906250000000000000e+00
-2.015625000000000000e+00
3.937500000000000000e+00
1.425000000000000000e+01
-3.328125000000000000e+00
4.781250000000000000e+00
-2.421875000000000000e+00
2.625000000000000000e+00
-4.375000000000000000e-01
7.031250000000000000e-02
-6.218750000000000000e+00
7.218750000000000000e+00
-3.250000000000000000e+00
1.300000000000000000e+01
