2.343750000000000000e+00
-3.574218750000000000e-01
-2.312500000000000000e+00
2.015625000000000000e+00
4.785156250000000000e-01
2.000000000000000000e+00
2.015625000000000000e+00
1.523437500000000000e+00
-1.101562500000000000e+00
-6.757812500000000000e-01
2.046875000000000000e+00
1.398437500000000000e+00
2.125000000000000000e+00
6.718750000000000000e-01
1.882812500000000000e+00
1.398437500000000000e+00
-1.132812500000000000e+00
1.539062500000000000e+00
3.578125000000000000e+00
-2.078125000000000000e+00
-1.916503906250000000e-02
3.328125000000000000e+00
-3.234375000000000000e+00
-1.062500000000000000e+00
1.687500000000000000e+00
1.031250000000000000e+00
-9.687500000000000000e-01
7.617187500000000000e-01
-5.585937500000000000e-01
-1.179687500000000000e+00
2.890625000000000000e+00
1.437500000000000000e+00
2.218750000000000000e+00
-1.148437500000000000e+00
2.031250000000000000e-01
-8.437500000000000000e-01
1.914062500000000000e+00
-1.554687500000000000e+00
9.375000000000000000e-01
-2.765625000000000000e+00
9.804687500000000000e-01
3.296875000000000000e+00
6.875000000000000000e-01
-1.039062500000000000e+00
4.902343750000000000e-01
2.140625000000000000e+00
1.320312500000000000e+00
-1.406250000000000000e+00
1.429687500000000000e+00
2.390625000000000000e+00
-1.335937500000000000e+00
-1.000000000000000000e+00
2.421875000000000000e+00
-1.195312500000000000e+00
2.109375000000000000e+00
2.625000000000000000e+00
-2.015625000000000000e+00
-3.652343750000000000e-01
2.910156250000000000e-01
1.343750000000000000e+00
-2.140625000000000000e+00
1.601562500000000000e+00
-9.179687500000000000e-01
3.250000000000000000e+00
2.000000000000000000e+00
-4.785156250000000000e-01
2.343750000000000000e+00
-8.632812500000000000e-01
-1.187500000000000000e+00
9.882812500000000000e-01
-1.039062500000000000e+00
2.421875000000000000e+00
-8.867187500000000000e-01
-2.234375000000000000e+00
2.562500000000000000e+00
-1.357421875000000000e-01
3.015625000000000000e+00
1.937500000000000000e+00
2.750000000000000000e+00
5.664062500000000000e-01
3.000000000000000000e+00
1.804687500000000000e+00
-1.304687500000000000e+00
-8.242187500000000000e-01
-3.546875000000000000e+00
1.914062500000000000e+00
2.859375000000000000e+00
2.468750000000000000e+00
1.492187500000000000e+00
1.015625000000000000e-01
-1.468750000000000000e+00
3.769531250000000000e-01
-3.375000000000000000e+00
-9.687500000000000000e-01
1.156250000000000000e+00
-5.312500000000000000e-01
4.250000000000000000e+00
1.656250000000000000e+00
1.195312500000000000e+00
1.507812500000000000e+00
2.937500000000000000e+00
-1.147460937500000000e-01
-1.320312500000000000e+00
2.125000000000000000e+00
3.250000000000000000e+00
2.890625000000000000e+00
-3.457031250000000000e-01
2.484375000000000000e+00
-3.027343750000000000e-01
-1.570312500000000000e+00
3.421875000000000000e+00
2.929687500000000000e-01
1.414062500000000000e+00
-2.359375000000000000e+00
-1.552734375000000000e-01
2.953125000000000000e+00
7.382812500000000000e-01
-1.937500000000000000e+00
-2.871093750000000000e-01
-1.748046875000000000e-01
-1.562500000000000000e+00
-1.186523437500000000e-01
-5.742187500000000000e-01
2.359375000000000000e+00
1.976562500000000000e+00
1.468750000000000000e+00
2.390625000000000000e+00
3.703125000000000000e+00
2.328125000000000000e+00
1.125000000000000000e+00
2.250000000000000000e+00
-2.597656250000000000e-01
1.718750000000000000e+00
-1.406250000000000000e+00
-7.500000000000000000e-01
-1.023437500000000000e+00
-1.218750000000000000e+00
2.359375000000000000e+00
2.296875000000000000e+00
-2.078125000000000000e+00
-1.257812500000000000e+00
2.109375000000000000e+00
3.109375000000000000e+00
1.585937500000000000e+00
2.578125000000000000e+00
1.875000000000000000e-01
2.609375000000000000e+00
-1.406250000000000000e+00
2.578125000000000000e+00
2.812500000000000000e+00
2.140625000000000000e+00
6.171875000000000000e-01
-9.843750000000000000e-01
9.882812500000000000e-01
2.343750000000000000e-01
-6.250000000000000000e-01
-6.054687500000000000e-01
-1.312500000000000000e+00
1.085937500000000000e+00
-7.460937500000000000e-01
-1.648437500000000000e+00
-1.437500000000000000e+00
1.273437500000000000e+00
-1.601562500000000000e+00
-1.320312500000000000e+00
3.234375000000000000e+00
-9.335937500000000000e-01
-1.572265625000000000e-01
2.671875000000000000e+00
-1.007812500000000000e+00
1.281250000000000000e+00
-1.398437500000000000e+00
3.312500000000000000e+00
2.437500000000000000e+00
2.558593750000000000e-01
2.453125000000000000e+00
-5.117187500000000000e-01
2.828125000000000000e+00
2.468750000000000000e+00
2.187500000000000000e+00
1.023437500000000000e+00
2.546875000000000000e+00
-9.570312500000000000e-01
-1.851562500000000000e+00
-2.575683593750000000e-02
3.828125000000000000e+00
1.710937500000000000e+00
9.257812500000000000e-01
-1.494140625000000000e-01
1.335937500000000000e+00
2.421875000000000000e+00
-9.843750000000000000e-01
2.015625000000000000e+00
2.953125000000000000e+00
1.531250000000000000e+00
8.320312500000000000e-01
6.406250000000000000e-01
9.726562500000000000e-01
-7.304687500000000000e-01
-2.597656250000000000e-01
9.726562500000000000e-01
8.945312500000000000e-01
7.568359375000000000e-02
-2.868652343750000000e-02
9.492187500000000000e-01
2.328125000000000000e+00
-2.140625000000000000e+00
-5.117187500000000000e-01
2.078125000000000000e+00
1.742187500000000000e+00
-1.273437500000000000e+00
2.234375000000000000e+00
1.416015625000000000e-01
2.140625000000000000e+00
-4.687500000000000000e-02
3.750000000000000000e+00
1.562500000000000000e+00
2.421875000000000000e+00
6.250000000000000000e-01
9.960937500000000000e-01
-7.851562500000000000e-01
1.156250000000000000e+00
9.726562500000000000e-01
-6.718750000000000000e-01
-1.492187500000000000e+00
-1.382812500000000000e+00
-1.906250000000000000e+00
-3.769531250000000000e-01
-3.808593750000000000e-01
2.734375000000000000e+00
-1.015625000000000000e+00
2.703125000000000000e+00
2.328125000000000000e+00
4.121093750000000000e-01
-6.523437500000000000e-01
3.535156250000000000e-01
-8.085937500000000000e-01
2.328125000000000000e+00
-2.328125000000000000e+00
-8.447265625000000000e-02
2.671875000000000000e+00
9.726562500000000000e-01
-3.925781250000000000e-01
1.320312500000000000e+00
-1.132812500000000000e+00
-1.476562500000000000e+00
-7.812500000000000000e-01
4.628906250000000000e-01
-1.601562500000000000e+00
1.406250000000000000e-01
-4.902343750000000000e-01
-1.304687500000000000e+00
3.390625000000000000e+00
-2.158203125000000000e-01
2.031250000000000000e+00
2.156250000000000000e+00
-1.679687500000000000e+00
-1.664062500000000000e+00
-3.496093750000000000e-01
-2.304687500000000000e-01
-1.585937500000000000e+00
-2.734375000000000000e+00
-7.812500000000000000e-01
-3.027343750000000000e-01
1.070312500000000000e+00
1.039062500000000000e+00
-1.312500000000000000e+00
-1.789062500000000000e+00
-1.132812500000000000e+00
1.043701171875000000e-02
-6.210937500000000000e-01
-6.835937500000000000e-01
-1.000000000000000000e+00
1.679687500000000000e+00
-1.093750000000000000e+00
-5.468750000000000000e-01
2.484375000000000000e+00
9.570312500000000000e-01
2.328125000000000000e+00
2.703125000000000000e+00
1.539062500000000000e+00
-2.031250000000000000e-01
-1.851562500000000000e+00
-1.225585937500000000e-01
-7.187500000000000000e-01
-4.609375000000000000e-01
1.000000000000000000e+00
1.710937500000000000e+00
-1.070312500000000000e+00
-1.375000000000000000e+00
1.523437500000000000e+00
2.078125000000000000e+00
-3.765625000000000000e+00
5.312500000000000000e-01
1.494140625000000000e-01
2.078125000000000000e+00
1.726562500000000000e+00
6.054687500000000000e-01
1.601562500000000000e+00
8.632812500000000000e-01
1.875000000000000000e+00
9.218750000000000000e-01
3.609375000000000000e+00
2.859375000000000000e+00
1.429687500000000000e+00
3.250000000000000000e+00
-5.117187500000000000e-01
2.250000000000000000e+00
1.179687500000000000e+00
-1.257812500000000000e+00
1.554687500000000000e+00
-1.031250000000000000e+00
7.500000000000000000e-01
2.140625000000000000e+00
1.750000000000000000e+00
-1.710937500000000000e+00
3.906250000000000000e-01
2.296875000000000000e+00
1.835937500000000000e+00
-7.695312500000000000e-01
-6.718750000000000000e-01
1.804687500000000000e+00
2.812500000000000000e+00
1.945312500000000000e+00
-2.437500000000000000e+00
-1.218750000000000000e+00
-1.351562500000000000e+00
9.570312500000000000e-01
1.398437500000000000e+00
-1.804687500000000000e+00
9.023437500000000000e-01
1.500000000000000000e+00
2.703125000000000000e+00
2.625000000000000000e+00
-2.765625000000000000e+00
-1.273437500000000000e+00
5.390625000000000000e-01
3.437500000000000000e-01
-1.757812500000000000e+00
-9.257812500000000000e-01
-5.156250000000000000e-01
2.750000000000000000e+00
-1.406250000000000000e-01
1.375000000000000000e+00
-6.132812500000000000e-01
3.140625000000000000e+00
9.619140625000000000e-02
3.296875000000000000e+00
-1.611328125000000000e-01
-1.757812500000000000e+00
6.914062500000000000e-01
1.648437500000000000e+00
-2.753906250000000000e-01
2.515625000000000000e+00
-6.171875000000000000e-01
-1.210937500000000000e+00
1.632812500000000000e+00
-7.343750000000000000e-01
-8.349609375000000000e-02
-2.812500000000000000e+00
1.611328125000000000e-01
-2.296875000000000000e+00
-1.718750000000000000e+00
2.515625000000000000e+00
1.726562500000000000e+00
-1.062500000000000000e+00
1.468750000000000000e+00
-3.300781250000000000e-01
-3.203125000000000000e+00
2.390625000000000000e+00
2.484375000000000000e+00
4.785156250000000000e-01
2.187500000000000000e+00
3.796875000000000000e+00
-5.546875000000000000e-01
2.046875000000000000e+00
-1.851562500000000000e+00
1.171875000000000000e+00
1.257812500000000000e+00
-1.179687500000000000e+00
-1.625000000000000000e+00
2.296875000000000000e+00
7.666015625000000000e-02
1.015625000000000000e+00
