2.030000000000000000e+02
-1.737500000000000000e+01
-2.537500000000000000e+01
5.175000000000000000e+01
-1.300000000000000000e+01
-2.187500000000000000e+01
1.887500000000000000e+01
3.950000000000000000e+01
-1.406250000000000000e+01
-7.468750000000000000e+00
2.650000000000000000e+01
5.656250000000000000e+00
1.968750000000000000e+00
6.906250000000000000e+00
4.675000000000000000e+01
2.737500000000000000e+01
-2.800000000000000000e+01
3.300000000000000000e+01
1.750000000000000000e+02
1.468750000000000000e+00
-1.775000000000000000e+01
-7.343750000000000000e+00
1.400000000000000000e+02
-9.812500000000000000e+00
3.975000000000000000e+01
4.075000000000000000e+01
1.225000000000000000e+02
-1.343750000000000000e+01
1.132812500000000000e+00
-2.800000000000000000e+01
9.350000000000000000e+01
-3.575000000000000000e+01
5.275000000000000000e+01
-2.837500000000000000e+01
9.218750000000000000e-01
-1.431250000000000000e+01
-6.406250000000000000e+00
-1.242187500000000000e+00
4.600000000000000000e+01
-1.962500000000000000e+01
-2.037500000000000000e+01
8.350000000000000000e+01
-2.451171875000000000e-01
-2.262500000000000000e+01
-1.300000000000000000e+01
6.593750000000000000e+00
8.187500000000000000e+00
-2.837500000000000000e+01
-1.150000000000000000e+01
9.800000000000000000e+01
-2.937500000000000000e+00
-4.156250000000000000e+00
-2.312500000000000000e+01
-2.012500000000000000e+01
5.675000000000000000e+01
1.340000000000000000e+02
-3.975000000000000000e+01
2.010000000000000000e+02
-4.718750000000000000e+00
2.900000000000000000e+01
-9.312500000000000000e+00
1.023437500000000000e+00
1.187500000000000000e+00
4.725000000000000000e+01
9.750000000000000000e+00
-2.737500000000000000e+01
8.600000000000000000e+01
-2.287500000000000000e+01
-1.131250000000000000e+01
-5.200000000000000000e+01
1.976562500000000000e+00
-1.937500000000000000e+01
-3.390625000000000000e+00
-4.125000000000000000e+01
-2.712500000000000000e+01
-3.137500000000000000e+01
4.875000000000000000e+01
6.250000000000000000e+00
4.100000000000000000e+01
1.789062500000000000e+00
4.656250000000000000e+00
3.825000000000000000e+01
-2.137500000000000000e+01
-9.750000000000000000e+00
-3.225000000000000000e+01
-1.418750000000000000e+01
1.440000000000000000e+02
7.700000000000000000e+01
3.275000000000000000e+01
-8.062500000000000000e+00
-9.250000000000000000e+00
-2.912500000000000000e+01
-3.400000000000000000e+01
3.046875000000000000e-01
-3.162500000000000000e+01
-1.575000000000000000e+01
2.050000000000000000e+02
4.600000000000000000e+01
-1.118750000000000000e+01
-5.625000000000000000e+00
1.240000000000000000e+02
-1.068750000000000000e+01
-1.518750000000000000e+01
1.523437500000000000e+00
1.080000000000000000e+02
5.175000000000000000e+01
-5.250000000000000000e+00
-7.304687500000000000e-01
-7.406250000000000000e+00
-4.156250000000000000e+00
8.800000000000000000e+01
-2.262500000000000000e+01
-1.275000000000000000e+01
-6.750000000000000000e+00
-8.187500000000000000e+00
3.375000000000000000e+01
-8.450000000000000000e+01
-1.381250000000000000e+01
-1.075000000000000000e+01
-4.906250000000000000e+00
-1.912500000000000000e+01
-5.906250000000000000e+00
-2.387500000000000000e+01
2.862500000000000000e+01
-1.175000000000000000e+01
5.800000000000000000e+01
2.150000000000000000e+01
1.185000000000000000e+02
5.400000000000000000e+01
-1.225000000000000000e+01
-1.068750000000000000e+01
-5.325000000000000000e+01
2.062500000000000000e+01
-1.987500000000000000e+01
1.790000000000000000e+02
-1.443750000000000000e+01
-5.406250000000000000e+00
8.550000000000000000e+01
2.125000000000000000e+01
-2.212500000000000000e+01
1.273437500000000000e+00
-2.162500000000000000e+01
5.075000000000000000e+01
2.237500000000000000e+01
4.100000000000000000e+01
-1.231250000000000000e+01
1.390000000000000000e+02
-3.200000000000000000e+01
5.975000000000000000e+01
4.500000000000000000e+01
1.930000000000000000e+02
-1.825000000000000000e+01
-1.331250000000000000e+01
2.362500000000000000e+01
-1.300000000000000000e+01
1.350000000000000000e+02
-2.387500000000000000e+01
-4.406250000000000000e+00
-1.050000000000000000e+01
-1.875000000000000000e+01
-7.070312500000000000e-01
5.800000000000000000e+01
2.962500000000000000e+01
1.310000000000000000e+02
-2.625000000000000000e+00
9.450000000000000000e+01
-5.187500000000000000e+00
-8.320312500000000000e-01
1.312500000000000000e+00
-2.050000000000000000e+01
4.531250000000000000e+00
2.140625000000000000e+00
5.275000000000000000e+01
6.850000000000000000e+01
-1.937500000000000000e+01
5.400000000000000000e+01
8.750000000000000000e-01
1.650000000000000000e+01
-7.500000000000000000e+00
4.900000000000000000e+01
1.100000000000000000e+02
6.400000000000000000e+01
-3.900000000000000000e+01
-8.375000000000000000e+00
-4.675000000000000000e+01
1.115000000000000000e+02
1.400000000000000000e+01
3.500000000000000000e+00
-2.312500000000000000e+01
6.406250000000000000e+00
4.475000000000000000e+01
-9.937500000000000000e+00
7.800000000000000000e+01
4.925000000000000000e+01
2.212500000000000000e+01
1.610000000000000000e+02
1.843750000000000000e+00
1.890000000000000000e+02
-9.562500000000000000e+00
-7.156250000000000000e+00
3.250000000000000000e+00
1.410000000000000000e+02
-7.000000000000000000e+00
-2.600000000000000000e+01
-2.546875000000000000e+00
1.040000000000000000e+02
-4.800000000000000000e+01
-2.075000000000000000e+01
4.700000000000000000e+01
7.100000000000000000e+01
-1.306250000000000000e+01
7.100000000000000000e+01
-1.181250000000000000e+01
7.031250000000000000e+00
-1.181250000000000000e+01
1.040000000000000000e+02
1.200000000000000000e+02
2.850000000000000000e+01
-8.350000000000000000e+01
1.910000000000000000e+02
-2.765625000000000000e+00
-3.109375000000000000e+00
1.181250000000000000e+01
-3.109375000000000000e+00
1.470000000000000000e+02
-1.662500000000000000e+01
-3.312500000000000000e+00
-1.381250000000000000e+01
9.650000000000000000e+01
-7.750000000000000000e+00
-1.368750000000000000e+01
1.680000000000000000e+02
1.690000000000000000e+02
-1.357421875000000000e-01
-4.218750000000000000e+00
-8.937500000000000000e+00
-3.375000000000000000e+01
1.812500000000000000e+01
-2.112500000000000000e+01
-4.406250000000000000e+00
2.200000000000000000e+01
-2.703125000000000000e+00
-7.350000000000000000e+01
-1.531250000000000000e+01
-7.843750000000000000e+00
-2.250000000000000000e+00
-5.507812500000000000e-01
-9.437500000000000000e+00
-8.837890625000000000e-02
-1.225000000000000000e+01
1.920000000000000000e+02
-1.987500000000000000e+01
1.680000000000000000e+02
-7.343750000000000000e+00
2.950000000000000000e+01
-8.000000000000000000e+00
-2.400000000000000000e+01
-3.675000000000000000e+01
-2.462500000000000000e+01
-3.375000000000000000e+01
-4.150000000000000000e+01
-2.612500000000000000e+01
-6.343750000000000000e+00
-2.025000000000000000e+01
-2.800000000000000000e+01
-8.125000000000000000e-01
-2.762500000000000000e+01
-3.328125000000000000e+00
2.392578125000000000e-01
-1.037500000000000000e+01
-1.281250000000000000e+01
-6.156250000000000000e+00
-1.937500000000000000e+01
3.137500000000000000e+01
-4.031250000000000000e+00
1.120000000000000000e+02
6.750000000000000000e+01
1.790000000000000000e+02
2.700000000000000000e+01
7.700000000000000000e+01
4.825000000000000000e+01
-9.562500000000000000e+00
-3.325000000000000000e+01
-3.421875000000000000e+00
-1.937500000000000000e+01
-7.539062500000000000e-01
5.175000000000000000e+01
2.562500000000000000e+01
-9.492187500000000000e-01
-1.737500000000000000e+01
2.375000000000000000e+00
2.612500000000000000e+01
-9.437500000000000000e+00
-2.387500000000000000e+01
-1.031250000000000000e+01
2.712500000000000000e+01
6.125000000000000000e+01
-2.900000000000000000e+01
5.200000000000000000e+01
-8.500000000000000000e+00
3.144531250000000000e-01
-1.887500000000000000e+01
1.390000000000000000e+02
6.000000000000000000e+01
5.275000000000000000e+01
1.150000000000000000e+01
-1.281250000000000000e+00
1.490000000000000000e+02
5.346679687500000000e-02
-1.206250000000000000e+01
4.700000000000000000e+01
-1.637500000000000000e+01
-3.325000000000000000e+01
5.475000000000000000e+01
1.550000000000000000e+01
-2.950000000000000000e+01
-8.937500000000000000e+00
8.250000000000000000e+01
4.875000000000000000e+01
-7.968750000000000000e+00
-1.431250000000000000e+01
6.125000000000000000e+01
3.875000000000000000e+01
1.507812500000000000e+00
9.050000000000000000e+01
-2.412500000000000000e+01
-2.265625000000000000e+00
-2.787500000000000000e+01
3.171875000000000000e+00
-2.612500000000000000e+01
8.250000000000000000e+00
8.750000000000000000e+00
2.037500000000000000e+01
-2.312500000000000000e+00
-1.700000000000000000e+01
1.570000000000000000e+02
-1.025000000000000000e+01
1.850000000000000000e+02
3.975000000000000000e+01
-2.962500000000000000e+01
-3.203125000000000000e+00
4.400000000000000000e+01
3.225000000000000000e+01
5.525000000000000000e+01
-6.656250000000000000e+00
7.400000000000000000e+01
-2.700000000000000000e+01
-3.850000000000000000e+01
-1.150000000000000000e+01
3.275000000000000000e+01
-1.600000000000000000e+01
6.850000000000000000e+01
-2.500000000000000000e+01
1.035000000000000000e+02
-1.837500000000000000e+01
6.175000000000000000e+01
-3.425000000000000000e+01
9.050000000000000000e+01
-2.837500000000000000e+01
1.340000000000000000e+02
-8.562500000000000000e+00
-3.390625000000000000e+00
1.260000000000000000e+02
7.450000000000000000e+01
3.546875000000000000e+00
-1.168750000000000000e+01
5.775000000000000000e+01
-1.257812500000000000e+00
-3.500000000000000000e+01
4.725000000000000000e+01
7.200000000000000000e+01
-1.612500000000000000e+01
2.387500000000000000e+01
1.320000000000000000e+02
-2.050000000000000000e+01
3.300000000000000000e+01
-3.625000000000000000e+01
8.812500000000000000e+00
-7.656250000000000000e+00
-2.500000000000000000e+00
-3.062500000000000000e+01
5.275000000000000000e+01
-1.987500000000000000e+01
1.420000000000000000e+02
