4.472656250000000000e-01
-2.304687500000000000e-01
-1.718750000000000000e+00
1.335937500000000000e+00
5.703125000000000000e-01
2.125000000000000000e+00
1.562500000000000000e+00
1.250000000000000000e+00
-7.539062500000000000e-01
-4.296875000000000000e-01
1.500000000000000000e+00
1.039062500000000000e+00
1.851562500000000000e+00
4.433593750000000000e-01
1.250000000000000000e+00
8.593750000000000000e-01
3.222656250000000000e-02
1.125000000000000000e+00
1.812500000000000000e+00
-2.250000000000000000e+00
3.496093750000000000e-01
3.703125000000000000e+00
-3.875000000000000000e+00
-1.660156250000000000e-01
1.125000000000000000e+00
3.535156250000000000e-01
-1.812500000000000000e+00
6.914062500000000000e-01
-4.531250000000000000e-01
-7.304687500000000000e-01
1.687500000000000000e+00
2.531250000000000000e+00
1.445312500000000000e+00
-7.031250000000000000e-01
4.418945312500000000e-02
-7.500000000000000000e-01
2.296875000000000000e+00
-1.460937500000000000e+00
5.000000000000000000e-01
-2.312500000000000000e+00
1.078125000000000000e+00
2.046875000000000000e+00
3.808593750000000000e-01
-2.714843750000000000e-01
3.769531250000000000e-01
1.789062500000000000e+00
1.281250000000000000e+00
-9.492187500000000000e-01
1.742187500000000000e+00
1.468750000000000000e+00
-9.062500000000000000e-01
-8.281250000000000000e-01
2.515625000000000000e+00
-5.898437500000000000e-01
1.281250000000000000e+00
1.476562500000000000e+00
-1.468750000000000000e+00
-1.843750000000000000e+00
2.431640625000000000e-01
8.632812500000000000e-01
-1.835937500000000000e+00
1.101562500000000000e+00
-8.710937500000000000e-01
2.343750000000000000e+00
1.562500000000000000e+00
-9.912109375000000000e-02
1.281250000000000000e+00
-8.437500000000000000e-01
-6.757812500000000000e-01
1.031250000000000000e+00
-8.750000000000000000e-01
2.109375000000000000e+00
-5.859375000000000000e-01
-1.585937500000000000e+00
3.062500000000000000e+00
9.882812500000000000e-01
2.125000000000000000e+00
1.625000000000000000e+00
1.617187500000000000e+00
3.750000000000000000e-01
2.984375000000000000e+00
1.242187500000000000e+00
-1.257812500000000000e+00
-3.300781250000000000e-01
-2.890625000000000000e+00
2.125000000000000000e+00
1.554687500000000000e+00
1.476562500000000000e+00
1.132812500000000000e+00
6.250000000000000000e-02
-1.476562500000000000e+00
2.910156250000000000e-01
-2.015625000000000000e+00
-7.070312500000000000e-01
1.914062500000000000e+00
-2.695312500000000000e-01
1.773437500000000000e+00
1.132812500000000000e+00
3.925781250000000000e-01
1.414062500000000000e+00
1.750000000000000000e+00
-1.406250000000000000e-01
-3.359375000000000000e-01
2.265625000000000000e+00
2.078125000000000000e+00
1.773437500000000000e+00
-6.601562500000000000e-01
2.312500000000000000e+00
7.812500000000000000e-03
-1.500000000000000000e+00
2.109375000000000000e+00
3.437500000000000000e-01
1.539062500000000000e+00
-1.781250000000000000e+00
-1.030273437500000000e-01
1.937500000000000000e+00
1.992187500000000000e+00
-1.382812500000000000e+00
-1.748046875000000000e-01
-4.277343750000000000e-01
-1.070312500000000000e+00
-1.845703125000000000e-01
-5.898437500000000000e-01
1.523437500000000000e+00
1.710937500000000000e+00
1.093750000000000000e+00
1.843750000000000000e+00
2.203125000000000000e+00
1.468750000000000000e+00
1.125000000000000000e+00
2.296875000000000000e+00
6.835937500000000000e-01
1.101562500000000000e+00
-9.687500000000000000e-01
-1.437500000000000000e+00
-3.105468750000000000e-01
-1.070312500000000000e+00
1.218750000000000000e+00
1.554687500000000000e+00
-1.804687500000000000e+00
-1.507812500000000000e+00
2.265625000000000000e+00
2.062500000000000000e+00
9.687500000000000000e-01
1.773437500000000000e+00
3.027343750000000000e-01
9.179687500000000000e-01
-1.562500000000000000e+00
1.500000000000000000e+00
1.750000000000000000e+00
4.687500000000000000e-01
8.007812500000000000e-01
-5.429687500000000000e-01
6.445312500000000000e-01
2.060546875000000000e-01
-1.664062500000000000e+00
-5.117187500000000000e-01
-9.375000000000000000e-01
1.195312500000000000e+00
-5.898437500000000000e-01
-1.437500000000000000e+00
-1.804687500000000000e+00
8.632812500000000000e-01
-2.375000000000000000e+00
-1.476562500000000000e+00
1.937500000000000000e+00
-5.742187500000000000e-01
-7.617187500000000000e-02
2.703125000000000000e+00
-8.789062500000000000e-01
8.906250000000000000e-01
-1.093750000000000000e+00
2.203125000000000000e+00
1.429687500000000000e+00
2.851562500000000000e-01
1.460937500000000000e+00
-7.031250000000000000e-01
2.609375000000000000e+00
3.062500000000000000e+00
1.523437500000000000e+00
-1.040039062500000000e-01
1.710937500000000000e+00
-3.574218750000000000e-01
-1.570312500000000000e+00
-5.957031250000000000e-02
2.390625000000000000e+00
1.343750000000000000e+00
1.070312500000000000e+00
-6.679687500000000000e-01
1.015625000000000000e+00
1.750000000000000000e+00
-8.867187500000000000e-01
1.304687500000000000e+00
1.875000000000000000e+00
1.023437500000000000e+00
-6.210937500000000000e-01
4.941406250000000000e-01
-2.656250000000000000e-01
-8.945312500000000000e-01
4.418945312500000000e-02
1.000000000000000000e+00
-6.445312500000000000e-01
-1.069335937500000000e-01
-1.166992187500000000e-01
9.531250000000000000e-01
1.398437500000000000e+00
-1.648437500000000000e+00
-2.988281250000000000e-01
1.195312500000000000e+00
9.804687500000000000e-01
-9.648437500000000000e-01
1.382812500000000000e+00
2.812500000000000000e-01
1.820312500000000000e+00
4.418945312500000000e-02
2.171875000000000000e+00
2.597656250000000000e-01
1.585937500000000000e+00
6.875000000000000000e-01
-7.031250000000000000e-01
-4.609375000000000000e-01
1.148437500000000000e+00
5.976562500000000000e-01
-1.923828125000000000e-01
-2.359375000000000000e+00
-9.687500000000000000e-01
-1.617187500000000000e+00
-3.144531250000000000e-01
-1.179687500000000000e+00
2.250000000000000000e+00
-5.820312500000000000e-01
8.945312500000000000e-01
8.632812500000000000e-01
9.521484375000000000e-02
-7.382812500000000000e-01
2.675781250000000000e-01
-5.898437500000000000e-01
1.562500000000000000e+00
-1.570312500000000000e+00
-2.451171875000000000e-01
1.648437500000000000e+00
1.664062500000000000e+00
1.601562500000000000e+00
9.531250000000000000e-01
-1.257812500000000000e+00
-1.742187500000000000e+00
-1.570312500000000000e+00
5.039062500000000000e-01
-1.625000000000000000e+00
1.298828125000000000e-01
-1.914062500000000000e+00
-9.375000000000000000e-01
1.289062500000000000e+00
-1.953125000000000000e-02
1.367187500000000000e+00
1.875000000000000000e+00
-1.375000000000000000e+00
-1.070312500000000000e+00
-5.664062500000000000e-01
-9.130859375000000000e-02
-1.187500000000000000e+00
-1.750000000000000000e+00
-4.140625000000000000e-01
-1.118164062500000000e-01
7.617187500000000000e-01
9.257812500000000000e-01
-7.031250000000000000e-01
-1.710937500000000000e+00
-8.476562500000000000e-01
1.118164062500000000e-01
-3.847656250000000000e-01
-1.023437500000000000e+00
-5.312500000000000000e-01
1.070312500000000000e+00
-5.820312500000000000e-01
-1.187500000000000000e+00
1.664062500000000000e+00
-5.351562500000000000e-01
1.601562500000000000e+00
1.500000000000000000e+00
6.132812500000000000e-01
1.304626464843750000e-03
-1.109375000000000000e+00
1.000976562500000000e-01
-6.562500000000000000e-01
-5.937500000000000000e-01
6.640625000000000000e-01
1.273437500000000000e+00
-8.554687500000000000e-01
-8.867187500000000000e-01
1.085937500000000000e+00
1.414062500000000000e+00
-3.296875000000000000e+00
5.039062500000000000e-01
2.988281250000000000e-01
1.523437500000000000e+00
1.132812500000000000e+00
9.648437500000000000e-01
1.093750000000000000e+00
6.875000000000000000e-01
1.914062500000000000e+00
1.343750000000000000e+00
1.789062500000000000e+00
1.914062500000000000e+00
7.187500000000000000e-01
2.937500000000000000e+00
-4.238281250000000000e-01
1.070312500000000000e+00
1.242187500000000000e+00
-8.750000000000000000e-01
8.632812500000000000e-01
-7.812500000000000000e-01
4.531250000000000000e-01
1.398437500000000000e+00
1.367187500000000000e+00
-1.289062500000000000e+00
4.218750000000000000e-01
1.351562500000000000e+00
1.281250000000000000e+00
-4.628906250000000000e-01
-3.378906250000000000e-01
1.148437500000000000e+00
1.726562500000000000e+00
1.906250000000000000e+00
-3.000000000000000000e+00
-8.085937500000000000e-01
-1.257812500000000000e+00
1.101562500000000000e+00
1.304687500000000000e+00
-1.460937500000000000e+00
5.664062500000000000e-01
9.218750000000000000e-01
2.359375000000000000e+00
2.671875000000000000e+00
-2.328125000000000000e+00
-2.046875000000000000e+00
5.664062500000000000e-01
-1.156250000000000000e+00
-2.093750000000000000e+00
-1.156250000000000000e+00
-3.808593750000000000e-01
1.914062500000000000e+00
-6.835937500000000000e-01
7.500000000000000000e-01
-2.558593750000000000e-01
2.203125000000000000e+00
-2.333984375000000000e-01
4.218750000000000000e+00
-1.225585937500000000e-01
-1.773437500000000000e+00
8.437500000000000000e-01
1.000000000000000000e+00
-8.984375000000000000e-02
1.367187500000000000e+00
1.669921875000000000e-01
-1.726562500000000000e+00
2.375000000000000000e+00
-1.554687500000000000e+00
1.376953125000000000e-01
-3.203125000000000000e+00
4.511718750000000000e-01
-2.437500000000000000e+00
-2.625000000000000000e+00
1.539062500000000000e+00
1.414062500000000000e+00
-7.812500000000000000e-01
8.710937500000000000e-01
-3.125000000000000000e-02
-2.828125000000000000e+00
1.851562500000000000e+00
1.460937500000000000e+00
5.781250000000000000e-01
1.601562500000000000e+00
2.296875000000000000e+00
-2.109375000000000000e-01
1.304687500000000000e+00
-1.750000000000000000e+00
8.242187500000000000e-01
9.843750000000000000e-01
-6.757812500000000000e-01
-1.164062500000000000e+00
1.562500000000000000e+00
1.429687500000000000e+00
-3.339843750000000000e-01
