7.406250000000000000e+00
-8.945312500000000000e-01
-3.437500000000000000e+00
3.687500000000000000e+00
-1.687500000000000000e+00
-9.531250000000000000e-01
2.218750000000000000e+00
2.250000000000000000e+00
-2.468750000000000000e+00
-1.929687500000000000e+00
2.953125000000000000e+00
2.546875000000000000e+00
2.500000000000000000e+00
1.085937500000000000e+00
3.359375000000000000e+00
2.187500000000000000e+00
-3.625000000000000000e+00
2.687500000000000000e+00
7.718750000000000000e+00
-8.789062500000000000e-02
-1.968750000000000000e+00
1.093750000000000000e+00
-1.335937500000000000e+00
-1.937500000000000000e+00
3.296875000000000000e+00
2.359375000000000000e+00
-3.125000000000000000e-02
-1.210937500000000000e+00
1.273437500000000000e+00
-3.296875000000000000e+00
5.781250000000000000e+00
-2.953125000000000000e+00
4.531250000000000000e+00
-3.078125000000000000e+00
-1.148437500000000000e+00
-1.601562500000000000e+00
-5.703125000000000000e-01
2.187500000000000000e-01
1.718750000000000000e+00
-1.875000000000000000e+00
-1.343750000000000000e+00
6.093750000000000000e+00
2.812500000000000000e+00
-1.914062500000000000e+00
-2.234375000000000000e+00
1.531250000000000000e+00
1.296875000000000000e+00
-1.043701171875000000e-02
-5.078125000000000000e-02
4.750000000000000000e+00
1.494140625000000000e-01
-1.812500000000000000e+00
1.376953125000000000e-01
-2.562500000000000000e+00
4.500000000000000000e+00
5.468750000000000000e+00
-1.773437500000000000e+00
4.312500000000000000e+00
1.531250000000000000e+00
2.515625000000000000e+00
-1.968750000000000000e+00
1.742187500000000000e+00
1.117187500000000000e+00
4.718750000000000000e+00
2.937500000000000000e+00
-9.257812500000000000e-01
4.937500000000000000e+00
-1.007812500000000000e+00
7.500000000000000000e-01
-2.500000000000000000e-01
-2.093750000000000000e+00
1.281250000000000000e+00
1.039062500000000000e+00
-4.250000000000000000e+00
1.318359375000000000e-01
-4.593750000000000000e+00
4.875000000000000000e+00
1.507812500000000000e+00
4.531250000000000000e+00
1.632812500000000000e+00
2.359375000000000000e+00
2.828125000000000000e+00
-1.976562500000000000e+00
-1.203125000000000000e+00
-4.031250000000000000e+00
-3.339843750000000000e-01
5.125000000000000000e+00
4.531250000000000000e+00
1.820312500000000000e+00
-2.515625000000000000e+00
-3.769531250000000000e-01
2.203125000000000000e+00
-4.656250000000000000e+00
6.523437500000000000e-01
-2.125000000000000000e+00
-3.453125000000000000e+00
9.812500000000000000e+00
3.078125000000000000e+00
-8.320312500000000000e-01
8.593750000000000000e-01
5.593750000000000000e+00
-1.773437500000000000e+00
-3.000000000000000000e+00
1.460937500000000000e+00
6.125000000000000000e+00
5.156250000000000000e+00
-6.210937500000000000e-01
1.289062500000000000e+00
-1.429687500000000000e+00
-2.421875000000000000e-01
6.218750000000000000e+00
-2.609375000000000000e+00
3.437500000000000000e-01
-1.539062500000000000e+00
-1.750000000000000000e+00
4.875000000000000000e+00
-3.453125000000000000e+00
-2.312500000000000000e+00
-1.648437500000000000e+00
-8.320312500000000000e-01
-3.687500000000000000e+00
-1.054687500000000000e+00
-1.570312500000000000e+00
3.125000000000000000e+00
1.320312500000000000e+00
2.453125000000000000e+00
3.250000000000000000e+00
6.906250000000000000e+00
4.093750000000000000e+00
1.187500000000000000e+00
6.132812500000000000e-01
-1.281250000000000000e+00
2.421875000000000000e+00
-2.703125000000000000e+00
3.796875000000000000e+00
-1.273437500000000000e+00
3.393554687500000000e-02
4.750000000000000000e+00
3.500000000000000000e+00
-3.953125000000000000e+00
3.691406250000000000e-01
-1.748046875000000000e-01
4.593750000000000000e+00
1.945312500000000000e+00
3.953125000000000000e+00
-2.562500000000000000e+00
6.156250000000000000e+00
-2.375000000000000000e+00
4.500000000000000000e+00
4.218750000000000000e+00
7.656250000000000000e+00
-1.937500000000000000e+00
-2.359375000000000000e+00
1.259765625000000000e-01
-1.304687500000000000e+00
2.875000000000000000e+00
-2.390625000000000000e+00
-1.398437500000000000e+00
-1.117187500000000000e+00
-2.250000000000000000e+00
1.708984375000000000e-01
1.710937500000000000e+00
2.703125000000000000e+00
1.351562500000000000e+00
7.851562500000000000e-01
6.250000000000000000e+00
-2.531250000000000000e+00
8.593750000000000000e-01
1.468750000000000000e+00
-2.875000000000000000e+00
1.835937500000000000e+00
-6.679687500000000000e-01
5.281250000000000000e+00
4.781250000000000000e+00
9.375000000000000000e-02
4.812500000000000000e+00
1.429687500000000000e+00
2.828125000000000000e+00
-1.093750000000000000e+00
3.390625000000000000e+00
3.500000000000000000e+00
4.468750000000000000e+00
-6.992187500000000000e-01
2.795410156250000000e-02
6.494140625000000000e-02
7.093750000000000000e+00
2.296875000000000000e+00
5.117187500000000000e-01
-1.054687500000000000e+00
1.710937500000000000e+00
3.265625000000000000e+00
-1.585937500000000000e+00
4.218750000000000000e+00
5.093750000000000000e+00
2.562500000000000000e+00
4.343750000000000000e+00
-2.578125000000000000e-01
4.218750000000000000e+00
-1.101562500000000000e+00
-6.757812500000000000e-01
7.812500000000000000e-01
5.156250000000000000e+00
-9.062500000000000000e-01
-2.234375000000000000e+00
1.023437500000000000e+00
5.250000000000000000e+00
-2.765625000000000000e+00
-1.812500000000000000e+00
4.000000000000000000e+00
3.953125000000000000e+00
-2.187500000000000000e+00
4.531250000000000000e+00
-2.359375000000000000e+00
1.375000000000000000e+00
-2.015625000000000000e+00
7.031250000000000000e+00
5.281250000000000000e+00
3.046875000000000000e+00
-2.265625000000000000e+00
4.687500000000000000e+00
-1.070312500000000000e+00
6.054687500000000000e-01
1.710937500000000000e+00
-8.837890625000000000e-02
1.250000000000000000e+00
-2.687500000000000000e+00
6.500244140625000000e-03
-1.218750000000000000e+00
1.367187500000000000e+00
1.039062500000000000e+00
-1.398437500000000000e+00
7.500000000000000000e+00
5.843750000000000000e+00
-3.183593750000000000e-01
-1.196289062500000000e-01
-1.437500000000000000e+00
-2.515625000000000000e+00
2.265625000000000000e+00
-3.875000000000000000e+00
-1.289062500000000000e+00
4.281250000000000000e+00
-1.074218750000000000e-01
-5.281250000000000000e+00
-4.316406250000000000e-01
3.417968750000000000e-01
1.171875000000000000e-02
8.945312500000000000e-01
-8.476562500000000000e-01
-2.990722656250000000e-02
-1.554687500000000000e+00
2.015625000000000000e+00
-2.859375000000000000e+00
7.218750000000000000e+00
-2.046875000000000000e+00
3.203125000000000000e+00
4.843750000000000000e-01
-3.171875000000000000e+00
-3.750000000000000000e+00
-1.664062500000000000e+00
-2.875000000000000000e+00
-3.859375000000000000e+00
-1.437500000000000000e+00
-2.078125000000000000e+00
-1.179687500000000000e+00
1.289062500000000000e+00
-1.875000000000000000e-01
-3.312500000000000000e+00
1.132812500000000000e-01
9.882812500000000000e-01
-9.726562500000000000e-01
-5.937500000000000000e-01
1.826171875000000000e-01
-2.468750000000000000e+00
3.312500000000000000e+00
-9.687500000000000000e-01
2.125000000000000000e+00
4.781250000000000000e+00
5.156250000000000000e+00
3.328125000000000000e+00
4.406250000000000000e+00
3.328125000000000000e+00
-7.382812500000000000e-01
8.593750000000000000e-02
-1.320312500000000000e+00
8.281250000000000000e-01
-3.906250000000000000e-01
2.109375000000000000e+00
2.390625000000000000e+00
-1.117187500000000000e+00
-3.000000000000000000e+00
1.835937500000000000e+00
2.656250000000000000e+00
-2.109375000000000000e+00
1.367187500000000000e+00
-2.500000000000000000e+00
3.750000000000000000e+00
3.078125000000000000e+00
-8.125000000000000000e-01
3.671875000000000000e+00
1.328125000000000000e+00
7.187500000000000000e-01
-4.628906250000000000e-01
7.343750000000000000e+00
5.093750000000000000e+00
3.015625000000000000e+00
2.484375000000000000e+00
-1.031250000000000000e+00
4.656250000000000000e+00
-4.418945312500000000e-02
7.421875000000000000e-02
3.125000000000000000e+00
-5.820312500000000000e-01
1.476562500000000000e+00
4.093750000000000000e+00
2.171875000000000000e+00
-3.750000000000000000e+00
-2.328125000000000000e+00
4.562500000000000000e+00
2.859375000000000000e+00
-1.835937500000000000e+00
-4.250000000000000000e+00
3.171875000000000000e+00
4.093750000000000000e+00
1.289062500000000000e+00
2.087402343750000000e-02
-3.000000000000000000e+00
-2.597656250000000000e-01
4.160156250000000000e-01
1.187500000000000000e+00
-3.953125000000000000e+00
1.679687500000000000e+00
2.875000000000000000e+00
2.421875000000000000e+00
1.523437500000000000e+00
-3.671875000000000000e+00
1.040039062500000000e-01
1.748046875000000000e-01
4.843750000000000000e+00
1.562500000000000000e+00
-6.679687500000000000e-01
-1.664062500000000000e+00
3.703125000000000000e+00
3.421875000000000000e+00
3.390625000000000000e+00
-1.476562500000000000e+00
5.593750000000000000e+00
-9.726562500000000000e-01
-8.242187500000000000e-01
-1.726562500000000000e+00
4.003906250000000000e-01
-2.500000000000000000e+00
3.328125000000000000e+00
-7.929687500000000000e-01
5.156250000000000000e+00
-1.664062500000000000e+00
2.109375000000000000e+00
-2.062500000000000000e+00
1.039062500000000000e+00
-2.359375000000000000e+00
-9.101562500000000000e-01
-9.218750000000000000e-01
-6.787109375000000000e-02
5.742187500000000000e-01
4.468750000000000000e+00
1.835937500000000000e+00
-4.433593750000000000e-01
2.312500000000000000e+00
-1.437500000000000000e+00
-3.921875000000000000e+00
3.734375000000000000e+00
4.218750000000000000e+00
-1.937500000000000000e+00
2.703125000000000000e+00
7.406250000000000000e+00
-1.328125000000000000e+00
3.171875000000000000e+00
-1.585937500000000000e+00
1.820312500000000000e+00
-1.796875000000000000e-01
-9.179687500000000000e-01
-4.156250000000000000e+00
4.031250000000000000e+00
-1.382812500000000000e+00
4.625000000000000000e+00
