2.270000000000000000e+02
-1.987500000000000000e+01
-2.837500000000000000e+01
5.800000000000000000e+01
-1.581250000000000000e+01
-2.650000000000000000e+01
2.087500000000000000e+01
4.400000000000000000e+01
-1.737500000000000000e+01
-8.937500000000000000e+00
2.937500000000000000e+01
6.593750000000000000e+00
1.625000000000000000e+00
7.593750000000000000e+00
5.225000000000000000e+01
3.037500000000000000e+01
-3.162500000000000000e+01
3.700000000000000000e+01
1.970000000000000000e+02
2.812500000000000000e+00
-2.137500000000000000e+01
-8.687500000000000000e+00
1.550000000000000000e+02
-1.106250000000000000e+01
4.475000000000000000e+01
4.525000000000000000e+01
1.370000000000000000e+02
-1.687500000000000000e+01
1.218750000000000000e+00
-3.200000000000000000e+01
1.055000000000000000e+02
-4.175000000000000000e+01
5.975000000000000000e+01
-3.300000000000000000e+01
5.351562500000000000e-01
-1.687500000000000000e+01
-9.062500000000000000e+00
-2.093750000000000000e+00
5.125000000000000000e+01
-2.112500000000000000e+01
-2.537500000000000000e+01
9.450000000000000000e+01
-9.062500000000000000e-01
-2.550000000000000000e+01
-1.612500000000000000e+01
6.531250000000000000e+00
9.437500000000000000e+00
-3.275000000000000000e+01
-1.400000000000000000e+01
1.105000000000000000e+02
-3.875000000000000000e+00
-5.000000000000000000e+00
-2.662500000000000000e+01
-2.187500000000000000e+01
6.400000000000000000e+01
1.510000000000000000e+02
-4.475000000000000000e+01
2.250000000000000000e+02
-5.750000000000000000e+00
3.275000000000000000e+01
-1.168750000000000000e+01
5.742187500000000000e-01
1.554687500000000000e+00
5.200000000000000000e+01
1.043750000000000000e+01
-3.100000000000000000e+01
9.650000000000000000e+01
-2.562500000000000000e+01
-1.425000000000000000e+01
-5.925000000000000000e+01
1.835937500000000000e+00
-2.437500000000000000e+01
-3.796875000000000000e+00
-4.700000000000000000e+01
-3.162500000000000000e+01
-3.600000000000000000e+01
5.400000000000000000e+01
6.125000000000000000e+00
4.525000000000000000e+01
1.789062500000000000e+00
4.375000000000000000e+00
4.275000000000000000e+01
-2.400000000000000000e+01
-1.006250000000000000e+01
-3.500000000000000000e+01
-1.762500000000000000e+01
1.610000000000000000e+02
8.750000000000000000e+01
3.625000000000000000e+01
-1.050000000000000000e+01
-8.625000000000000000e+00
-3.300000000000000000e+01
-3.675000000000000000e+01
1.023437500000000000e+00
-3.625000000000000000e+01
-1.962500000000000000e+01
2.320000000000000000e+02
5.200000000000000000e+01
-1.431250000000000000e+01
-6.843750000000000000e+00
1.400000000000000000e+02
-1.300000000000000000e+01
-1.750000000000000000e+01
1.320312500000000000e+00
1.225000000000000000e+02
5.800000000000000000e+01
-5.843750000000000000e+00
-1.476562500000000000e+00
-8.187500000000000000e+00
-3.562500000000000000e+00
1.000000000000000000e+02
-2.600000000000000000e+01
-1.406250000000000000e+01
-8.187500000000000000e+00
-9.937500000000000000e+00
3.725000000000000000e+01
-9.650000000000000000e+01
-1.456250000000000000e+01
-1.318750000000000000e+01
-5.343750000000000000e+00
-2.200000000000000000e+01
-6.500000000000000000e+00
-2.587500000000000000e+01
3.112500000000000000e+01
-1.368750000000000000e+01
6.500000000000000000e+01
2.362500000000000000e+01
1.350000000000000000e+02
6.025000000000000000e+01
-1.400000000000000000e+01
-1.206250000000000000e+01
-5.900000000000000000e+01
2.237500000000000000e+01
-2.262500000000000000e+01
2.030000000000000000e+02
-1.581250000000000000e+01
-6.093750000000000000e+00
9.600000000000000000e+01
2.350000000000000000e+01
-2.612500000000000000e+01
2.765625000000000000e+00
-2.350000000000000000e+01
5.725000000000000000e+01
2.462500000000000000e+01
4.525000000000000000e+01
-1.600000000000000000e+01
1.550000000000000000e+02
-3.525000000000000000e+01
6.700000000000000000e+01
5.075000000000000000e+01
2.170000000000000000e+02
-2.262500000000000000e+01
-1.531250000000000000e+01
2.662500000000000000e+01
-1.550000000000000000e+01
1.510000000000000000e+02
-2.762500000000000000e+01
-5.343750000000000000e+00
-1.306250000000000000e+01
-2.162500000000000000e+01
-3.027343750000000000e-01
6.450000000000000000e+01
3.325000000000000000e+01
1.470000000000000000e+02
-2.531250000000000000e+00
1.080000000000000000e+02
-7.000000000000000000e+00
-1.335937500000000000e+00
7.968750000000000000e-01
-2.300000000000000000e+01
4.750000000000000000e+00
2.890625000000000000e+00
5.925000000000000000e+01
7.700000000000000000e+01
-2.250000000000000000e+01
6.075000000000000000e+01
1.585937500000000000e+00
1.787500000000000000e+01
-1.000000000000000000e+01
5.500000000000000000e+01
1.225000000000000000e+02
7.150000000000000000e+01
-4.375000000000000000e+01
-8.312500000000000000e+00
-5.400000000000000000e+01
1.265000000000000000e+02
1.518750000000000000e+01
3.609375000000000000e+00
-2.750000000000000000e+01
6.656250000000000000e+00
4.975000000000000000e+01
-1.175000000000000000e+01
8.800000000000000000e+01
5.600000000000000000e+01
2.487500000000000000e+01
1.790000000000000000e+02
1.835937500000000000e+00
2.120000000000000000e+02
-1.006250000000000000e+01
-7.906250000000000000e+00
3.265625000000000000e+00
1.570000000000000000e+02
-7.500000000000000000e+00
-3.037500000000000000e+01
-3.296875000000000000e+00
1.175000000000000000e+02
-5.225000000000000000e+01
-2.437500000000000000e+01
5.275000000000000000e+01
8.000000000000000000e+01
-1.531250000000000000e+01
8.000000000000000000e+01
-1.500000000000000000e+01
7.031250000000000000e+00
-1.431250000000000000e+01
1.160000000000000000e+02
1.340000000000000000e+02
3.150000000000000000e+01
-9.600000000000000000e+01
2.130000000000000000e+02
-3.671875000000000000e+00
-4.656250000000000000e+00
1.293750000000000000e+01
-3.750000000000000000e+00
1.630000000000000000e+02
-1.862500000000000000e+01
-2.656250000000000000e+00
-1.625000000000000000e+01
1.065000000000000000e+02
-1.043750000000000000e+01
-1.543750000000000000e+01
1.880000000000000000e+02
1.910000000000000000e+02
-4.531250000000000000e-01
-5.406250000000000000e+00
-1.131250000000000000e+01
-4.075000000000000000e+01
1.975000000000000000e+01
-2.400000000000000000e+01
-5.156250000000000000e+00
2.400000000000000000e+01
-2.437500000000000000e+00
-8.350000000000000000e+01
-1.950000000000000000e+01
-8.375000000000000000e+00
-1.882812500000000000e+00
2.187500000000000000e-01
-1.131250000000000000e+01
8.476562500000000000e-01
-1.450000000000000000e+01
2.130000000000000000e+02
-2.237500000000000000e+01
1.890000000000000000e+02
-9.437500000000000000e+00
3.275000000000000000e+01
-1.075000000000000000e+01
-2.737500000000000000e+01
-4.100000000000000000e+01
-2.737500000000000000e+01
-3.900000000000000000e+01
-4.825000000000000000e+01
-2.812500000000000000e+01
-7.500000000000000000e+00
-2.437500000000000000e+01
-3.325000000000000000e+01
-1.039062500000000000e+00
-3.137500000000000000e+01
-2.421875000000000000e+00
4.472656250000000000e-01
-1.243750000000000000e+01
-1.350000000000000000e+01
-6.843750000000000000e+00
-2.250000000000000000e+01
3.500000000000000000e+01
-4.468750000000000000e+00
1.255000000000000000e+02
7.550000000000000000e+01
2.000000000000000000e+02
3.000000000000000000e+01
8.650000000000000000e+01
5.325000000000000000e+01
-1.131250000000000000e+01
-3.725000000000000000e+01
-4.218750000000000000e+00
-2.125000000000000000e+01
-8.906250000000000000e-01
5.725000000000000000e+01
2.837500000000000000e+01
-1.218750000000000000e+00
-1.987500000000000000e+01
2.468750000000000000e+00
2.850000000000000000e+01
-9.187500000000000000e+00
-2.837500000000000000e+01
-1.381250000000000000e+01
3.062500000000000000e+01
6.850000000000000000e+01
-3.375000000000000000e+01
5.900000000000000000e+01
-1.075000000000000000e+01
-8.203125000000000000e-02
-2.137500000000000000e+01
1.570000000000000000e+02
6.750000000000000000e+01
5.925000000000000000e+01
1.218750000000000000e+01
-1.437500000000000000e+00
1.680000000000000000e+02
-1.079101562500000000e-01
-1.468750000000000000e+01
5.325000000000000000e+01
-1.712500000000000000e+01
-3.800000000000000000e+01
6.175000000000000000e+01
1.675000000000000000e+01
-3.325000000000000000e+01
-1.206250000000000000e+01
9.350000000000000000e+01
5.425000000000000000e+01
-9.500000000000000000e+00
-1.900000000000000000e+01
6.850000000000000000e+01
4.300000000000000000e+01
1.250000000000000000e+00
1.015000000000000000e+02
-2.737500000000000000e+01
-2.890625000000000000e+00
-3.275000000000000000e+01
2.796875000000000000e+00
-2.962500000000000000e+01
8.812500000000000000e+00
9.562500000000000000e+00
2.212500000000000000e+01
-2.984375000000000000e+00
-1.887500000000000000e+01
1.760000000000000000e+02
-1.131250000000000000e+01
2.070000000000000000e+02
4.475000000000000000e+01
-3.425000000000000000e+01
-3.578125000000000000e+00
4.925000000000000000e+01
3.550000000000000000e+01
6.200000000000000000e+01
-7.843750000000000000e+00
8.350000000000000000e+01
-3.100000000000000000e+01
-4.425000000000000000e+01
-1.350000000000000000e+01
3.675000000000000000e+01
-2.062500000000000000e+01
7.650000000000000000e+01
-2.837500000000000000e+01
1.160000000000000000e+02
-2.137500000000000000e+01
6.900000000000000000e+01
-3.925000000000000000e+01
1.000000000000000000e+02
-3.375000000000000000e+01
1.480000000000000000e+02
-9.812500000000000000e+00
-2.859375000000000000e+00
1.390000000000000000e+02
8.450000000000000000e+01
3.375000000000000000e+00
-1.275000000000000000e+01
6.450000000000000000e+01
-2.093750000000000000e+00
-3.775000000000000000e+01
5.275000000000000000e+01
8.150000000000000000e+01
-1.987500000000000000e+01
2.662500000000000000e+01
1.510000000000000000e+02
-2.212500000000000000e+01
3.675000000000000000e+01
-4.250000000000000000e+01
9.312500000000000000e+00
-1.062500000000000000e+01
-3.640625000000000000e+00
-3.500000000000000000e+01
5.925000000000000000e+01
-2.200000000000000000e+01
1.590000000000000000e+02
