-1.367187500000000000e+00
6.992187500000000000e-01
-1.945312500000000000e+00
9.179687500000000000e-01
-4.218750000000000000e-01
7.148437500000000000e-01
8.125000000000000000e-01
6.679687500000000000e-01
-9.101562500000000000e-01
-1.445312500000000000e+00
9.062500000000000000e-01
1.085937500000000000e+00
1.804687500000000000e+00
1.689453125000000000e-01
8.007812500000000000e-01
1.035156250000000000e-01
8.398437500000000000e-02
5.898437500000000000e-01
-3.261718750000000000e-01
-9.375000000000000000e-01
-4.472656250000000000e-01
2.390625000000000000e+00
-5.750000000000000000e+00
-7.382812500000000000e-01
7.382812500000000000e-01
1.630859375000000000e-01
-4.093750000000000000e+00
-1.250000000000000000e+00
2.080078125000000000e-01
-1.304687500000000000e+00
9.960937500000000000e-01
1.343750000000000000e+00
1.000000000000000000e+00
-7.812500000000000000e-01
-4.375000000000000000e-01
-1.585937500000000000e+00
8.281250000000000000e-01
-3.652343750000000000e-01
-3.198242187500000000e-02
-6.562500000000000000e-01
-6.289062500000000000e-01
1.476562500000000000e+00
1.210937500000000000e+00
-3.574218750000000000e-01
-1.726562500000000000e+00
8.945312500000000000e-01
1.132812500000000000e+00
-2.087402343750000000e-02
9.218750000000000000e-01
5.429687500000000000e-01
-2.021484375000000000e-01
-1.726562500000000000e+00
1.492187500000000000e+00
-7.148437500000000000e-01
7.382812500000000000e-01
-1.069335937500000000e-01
4.472656250000000000e-01
-3.140625000000000000e+00
3.984375000000000000e-01
4.843750000000000000e-01
-4.746093750000000000e-01
7.343750000000000000e-01
-1.572265625000000000e-01
1.804687500000000000e+00
1.648437500000000000e+00
2.138671875000000000e-01
6.992187500000000000e-01
2.910156250000000000e-01
6.406250000000000000e-01
5.312500000000000000e-01
-1.437500000000000000e+00
1.148437500000000000e+00
5.195312500000000000e-01
-1.710937500000000000e+00
2.187500000000000000e+00
4.394531250000000000e-01
1.726562500000000000e+00
1.070312500000000000e+00
1.414062500000000000e+00
-2.431640625000000000e-01
2.250000000000000000e+00
3.925781250000000000e-01
-1.015625000000000000e+00
-7.773437500000000000e-01
-2.203125000000000000e+00
7.773437500000000000e-01
-9.101562500000000000e-01
9.062500000000000000e-01
3.535156250000000000e-01
-2.296875000000000000e+00
-3.613281250000000000e-01
1.320312500000000000e+00
-8.125000000000000000e-01
1.562500000000000000e-02
9.414062500000000000e-01
-8.945312500000000000e-01
-2.421875000000000000e-01
7.539062500000000000e-01
-1.851562500000000000e+00
9.804687500000000000e-01
1.826171875000000000e-01
-2.109375000000000000e+00
-1.257812500000000000e+00
1.750000000000000000e+00
9.023437500000000000e-01
1.351562500000000000e+00
-1.367187500000000000e-01
1.750000000000000000e+00
-1.226562500000000000e+00
-2.558593750000000000e-01
1.375000000000000000e+00
-1.031250000000000000e+00
1.468750000000000000e+00
3.066406250000000000e-01
-4.921875000000000000e-01
1.539062500000000000e+00
1.898437500000000000e+00
-4.902343750000000000e-01
-1.812500000000000000e+00
-4.160156250000000000e-01
-1.031250000000000000e+00
-1.664062500000000000e+00
-3.906250000000000000e-01
8.945312500000000000e-01
1.109375000000000000e+00
2.968750000000000000e-01
1.500000000000000000e+00
1.132812500000000000e+00
1.070312500000000000e+00
7.929687500000000000e-01
1.664062500000000000e+00
9.882812500000000000e-01
5.351562500000000000e-01
-1.218750000000000000e+00
-2.375000000000000000e+00
-1.376953125000000000e-01
-2.119140625000000000e-01
2.929687500000000000e-01
1.554687500000000000e+00
-1.210937500000000000e+00
-1.195312500000000000e+00
1.937500000000000000e+00
1.335937500000000000e+00
2.343750000000000000e-01
1.226562500000000000e+00
-7.968750000000000000e-01
-4.785156250000000000e-01
-9.335937500000000000e-01
8.007812500000000000e-01
1.023437500000000000e+00
-6.835937500000000000e-01
-4.394531250000000000e-01
-1.335937500000000000e+00
-3.750000000000000000e-01
-1.375000000000000000e+00
-2.984375000000000000e+00
-4.160156250000000000e-01
-3.359375000000000000e-01
1.298828125000000000e-01
-1.265625000000000000e+00
-5.000000000000000000e-01
-1.117187500000000000e+00
4.863281250000000000e-01
-3.125000000000000000e+00
-1.386718750000000000e-01
1.210937500000000000e+00
-1.375000000000000000e+00
-2.294921875000000000e-01
2.000000000000000000e+00
-9.414062500000000000e-01
8.593750000000000000e-01
-5.195312500000000000e-01
1.718750000000000000e+00
9.960937500000000000e-01
-1.416015625000000000e-01
1.382812500000000000e+00
-2.753906250000000000e-01
1.773437500000000000e+00
7.695312500000000000e-01
8.867187500000000000e-01
-1.445312500000000000e+00
1.132812500000000000e+00
1.669921875000000000e-01
-1.298828125000000000e-01
1.039062500000000000e+00
1.210937500000000000e+00
1.007812500000000000e+00
6.367187500000000000e-01
-5.429687500000000000e-01
4.531250000000000000e-01
1.179687500000000000e+00
-5.664062500000000000e-01
8.867187500000000000e-01
1.710937500000000000e+00
6.562500000000000000e-01
-1.976562500000000000e+00
7.226562500000000000e-02
-2.812500000000000000e+00
-1.257812500000000000e+00
-9.335937500000000000e-01
4.531250000000000000e-01
-1.335937500000000000e+00
-3.222656250000000000e-01
-8.945312500000000000e-01
1.826171875000000000e-01
8.125000000000000000e-01
7.695312500000000000e-01
-1.460937500000000000e+00
6.757812500000000000e-01
4.628906250000000000e-01
-1.437500000000000000e+00
7.187500000000000000e-01
-1.375000000000000000e+00
1.148437500000000000e+00
-1.015625000000000000e+00
1.195312500000000000e+00
-3.007812500000000000e-01
9.882812500000000000e-01
4.565429687500000000e-02
-2.875000000000000000e+00
-9.023437500000000000e-01
9.179687500000000000e-02
4.355468750000000000e-01
8.740234375000000000e-02
-3.875000000000000000e+00
-1.343750000000000000e+00
-4.042968750000000000e-01
-2.187500000000000000e+00
-2.250000000000000000e+00
9.179687500000000000e-01
-8.281250000000000000e-01
-2.714843750000000000e-01
-1.234375000000000000e+00
-1.718750000000000000e-01
-3.125000000000000000e-01
-1.750000000000000000e+00
2.158203125000000000e-01
1.007812500000000000e+00
-1.773437500000000000e+00
-1.742187500000000000e+00
1.593750000000000000e+00
1.210937500000000000e+00
1.460937500000000000e+00
-6.757812500000000000e-01
-4.843750000000000000e-01
-1.039062500000000000e+00
-1.414062500000000000e+00
-7.539062500000000000e-01
-7.031250000000000000e-01
-1.773437500000000000e+00
-4.343750000000000000e+00
-1.460937500000000000e+00
-1.039062500000000000e+00
-1.242187500000000000e+00
1.187500000000000000e+00
2.382812500000000000e-01
-1.695312500000000000e+00
-1.265625000000000000e+00
-5.976562500000000000e-01
-8.632812500000000000e-01
-9.023437500000000000e-01
5.429687500000000000e-01
-1.210937500000000000e+00
-8.867187500000000000e-01
8.125000000000000000e-01
3.964843750000000000e-01
-9.218750000000000000e-01
-7.500000000000000000e-01
2.343750000000000000e-01
-1.687500000000000000e+00
-1.054687500000000000e+00
-9.570312500000000000e-01
-1.273437500000000000e+00
7.382812500000000000e-01
-1.552734375000000000e-01
-2.171875000000000000e+00
1.070312500000000000e+00
-2.062500000000000000e+00
8.945312500000000000e-01
4.746093750000000000e-01
1.669921875000000000e-01
-1.851562500000000000e+00
1.257812500000000000e+00
-5.468750000000000000e-01
1.132812500000000000e+00
-2.988281250000000000e-01
2.431640625000000000e-01
7.343750000000000000e-01
-5.859375000000000000e-01
-1.289062500000000000e+00
1.281250000000000000e+00
9.062500000000000000e-01
-8.437500000000000000e-01
1.164062500000000000e+00
-9.257812500000000000e-01
1.648437500000000000e+00
6.835937500000000000e-01
5.507812500000000000e-01
9.804687500000000000e-01
-1.137695312500000000e-01
1.351562500000000000e+00
1.007812500000000000e+00
3.203125000000000000e-01
1.500000000000000000e+00
2.265625000000000000e-01
1.851562500000000000e+00
-1.039062500000000000e+00
-1.210937500000000000e+00
1.125000000000000000e+00
3.496093750000000000e-01
3.125000000000000000e-01
-2.431640625000000000e-01
9.257812500000000000e-01
9.726562500000000000e-01
5.664062500000000000e-01
-1.445312500000000000e+00
-1.539062500000000000e+00
5.078125000000000000e-01
5.000000000000000000e-01
-1.382812500000000000e+00
-1.351562500000000000e+00
5.585937500000000000e-01
1.171875000000000000e+00
1.460937500000000000e+00
-3.796875000000000000e+00
-1.281250000000000000e+00
-3.593750000000000000e-01
5.742187500000000000e-01
7.812500000000000000e-01
-1.406250000000000000e+00
5.312500000000000000e-01
1.281250000000000000e+00
1.351562500000000000e+00
1.726562500000000000e+00
-2.062500000000000000e+00
-4.343750000000000000e+00
-1.611328125000000000e-02
-2.765625000000000000e+00
-1.460937500000000000e+00
5.546875000000000000e-01
-1.500000000000000000e+00
1.156250000000000000e+00
5.507812500000000000e-01
5.585937500000000000e-01
-1.093750000000000000e+00
1.625000000000000000e+00
-9.375000000000000000e-02
3.015625000000000000e+00
-1.539062500000000000e+00
-1.375000000000000000e+00
-9.257812500000000000e-01
3.730468750000000000e-01
-3.652343750000000000e-01
3.300781250000000000e-01
-3.515625000000000000e-01
-1.492187500000000000e+00
1.625000000000000000e+00
-2.703125000000000000e+00
1.186523437500000000e-01
-4.906250000000000000e+00
-5.664062500000000000e-01
-8.867187500000000000e-01
-4.343750000000000000e+00
6.992187500000000000e-01
1.078125000000000000e+00
-1.304626464843750000e-03
1.630859375000000000e-01
-9.687500000000000000e-01
-2.609375000000000000e+00
1.351562500000000000e+00
2.226562500000000000e-01
-1.226562500000000000e+00
1.093750000000000000e+00
7.812500000000000000e-01
-4.863281250000000000e-01
7.187500000000000000e-01
-1.328125000000000000e-01
5.351562500000000000e-01
-7.500000000000000000e-01
-7.500000000000000000e-01
-1.234375000000000000e+00
7.695312500000000000e-01
1.585937500000000000e+00
-1.273437500000000000e+00
