-5.664062500000000000e-01
7.539062500000000000e-01
-2.203125000000000000e+00
1.343750000000000000e+00
-6.406250000000000000e-01
5.039062500000000000e-01
1.109375000000000000e+00
9.179687500000000000e-01
-1.195312500000000000e+00
-1.750000000000000000e+00
1.273437500000000000e+00
1.460937500000000000e+00
2.125000000000000000e+00
4.277343750000000000e-01
1.156250000000000000e+00
4.140625000000000000e-01
-6.445312500000000000e-01
9.882812500000000000e-01
3.808593750000000000e-01
-6.601562500000000000e-01
-2.910156250000000000e-01
2.250000000000000000e+00
-5.968750000000000000e+00
-7.695312500000000000e-01
1.132812500000000000e+00
6.562500000000000000e-01
-4.281250000000000000e+00
-1.289062500000000000e+00
5.273437500000000000e-01
-1.632812500000000000e+00
1.585937500000000000e+00
9.062500000000000000e-01
1.500000000000000000e+00
-7.187500000000000000e-01
-5.898437500000000000e-01
-1.789062500000000000e+00
3.886718750000000000e-01
-8.056640625000000000e-02
1.679687500000000000e-01
-2.988281250000000000e-01
-5.937500000000000000e-01
2.109375000000000000e+00
1.632812500000000000e+00
-6.250000000000000000e-01
-2.140625000000000000e+00
1.070312500000000000e+00
1.242187500000000000e+00
3.066406250000000000e-01
8.007812500000000000e-01
8.945312500000000000e-01
-5.859375000000000000e-03
-1.914062500000000000e+00
1.195312500000000000e+00
-1.156250000000000000e+00
1.320312500000000000e+00
3.183593750000000000e-01
6.601562500000000000e-01
-2.609375000000000000e+00
6.210937500000000000e-01
9.375000000000000000e-01
-2.158203125000000000e-01
1.031250000000000000e+00
2.001953125000000000e-01
2.234375000000000000e+00
2.125000000000000000e+00
1.875000000000000000e-01
1.335937500000000000e+00
1.630859375000000000e-01
9.570312500000000000e-01
7.617187500000000000e-01
-1.835937500000000000e+00
1.375000000000000000e+00
6.445312500000000000e-01
-1.664062500000000000e+00
2.265625000000000000e+00
-8.740234375000000000e-02
2.390625000000000000e+00
1.250000000000000000e+00
2.046875000000000000e+00
7.812500000000000000e-02
2.500000000000000000e+00
7.500000000000000000e-01
-9.218750000000000000e-01
-9.687500000000000000e-01
-2.265625000000000000e+00
8.710937500000000000e-01
-4.785156250000000000e-01
1.375000000000000000e+00
5.664062500000000000e-01
-2.828125000000000000e+00
-1.982421875000000000e-01
1.726562500000000000e+00
-1.429687500000000000e+00
3.730468750000000000e-01
6.093750000000000000e-01
-1.367187500000000000e+00
8.710937500000000000e-01
1.171875000000000000e+00
-1.976562500000000000e+00
1.015625000000000000e+00
6.757812500000000000e-01
-2.265625000000000000e+00
-1.625000000000000000e+00
1.789062500000000000e+00
1.437500000000000000e+00
1.968750000000000000e+00
-2.382812500000000000e-01
1.687500000000000000e+00
-1.335937500000000000e+00
1.484375000000000000e-01
2.031250000000000000e+00
-1.117187500000000000e+00
1.187500000000000000e+00
1.953125000000000000e-01
-8.554687500000000000e-01
2.265625000000000000e+00
1.328125000000000000e+00
-7.851562500000000000e-01
-1.812500000000000000e+00
-6.445312500000000000e-01
-1.398437500000000000e+00
-2.046875000000000000e+00
-2.216796875000000000e-01
1.320312500000000000e+00
1.148437500000000000e+00
4.824218750000000000e-01
1.906250000000000000e+00
1.773437500000000000e+00
1.539062500000000000e+00
9.375000000000000000e-01
1.492187500000000000e+00
9.492187500000000000e-01
8.554687500000000000e-01
-1.250000000000000000e+00
-1.898437500000000000e+00
-1.523437500000000000e-01
1.318359375000000000e-01
8.632812500000000000e-01
2.000000000000000000e+00
-1.476562500000000000e+00
-6.914062500000000000e-01
1.773437500000000000e+00
1.906250000000000000e+00
5.039062500000000000e-01
1.710937500000000000e+00
-1.031250000000000000e+00
3.496093750000000000e-01
-5.117187500000000000e-01
1.257812500000000000e+00
1.539062500000000000e+00
1.845703125000000000e-01
-5.312500000000000000e-01
-1.460937500000000000e+00
-4.316406250000000000e-01
-1.500000000000000000e+00
-2.453125000000000000e+00
-3.925781250000000000e-01
-2.382812500000000000e-01
1.787109375000000000e-01
-1.304687500000000000e+00
-7.275390625000000000e-02
-6.640625000000000000e-01
8.281250000000000000e-01
-2.890625000000000000e+00
4.238281250000000000e-01
1.789062500000000000e+00
-1.601562500000000000e+00
-1.835937500000000000e-01
1.914062500000000000e+00
-1.296875000000000000e+00
1.218750000000000000e+00
-7.968750000000000000e-01
2.296875000000000000e+00
1.539062500000000000e+00
-3.442382812500000000e-02
2.015625000000000000e+00
5.786132812500000000e-02
1.945312500000000000e+00
4.277343750000000000e-01
1.335937500000000000e+00
-8.632812500000000000e-01
1.625000000000000000e+00
3.300781250000000000e-01
1.542968750000000000e-01
1.304687500000000000e+00
1.875000000000000000e+00
1.367187500000000000e+00
7.695312500000000000e-01
-5.585937500000000000e-01
6.992187500000000000e-01
1.554687500000000000e+00
-4.472656250000000000e-01
1.320312500000000000e+00
2.296875000000000000e+00
1.125000000000000000e+00
-1.367187500000000000e+00
-1.152343750000000000e-01
-2.390625000000000000e+00
-1.437500000000000000e+00
-1.062500000000000000e+00
5.820312500000000000e-01
-4.902343750000000000e-01
-4.042968750000000000e-01
-8.867187500000000000e-01
2.832031250000000000e-01
1.281250000000000000e+00
8.789062500000000000e-01
-1.539062500000000000e+00
1.226562500000000000e+00
9.687500000000000000e-01
-1.507812500000000000e+00
1.179687500000000000e+00
-1.679687500000000000e+00
1.242187500000000000e+00
-1.070312500000000000e+00
2.015625000000000000e+00
4.609375000000000000e-01
1.460937500000000000e+00
1.818847656250000000e-02
-2.265625000000000000e+00
-1.218750000000000000e+00
2.832031250000000000e-01
7.851562500000000000e-01
1.689453125000000000e-01
-3.703125000000000000e+00
-1.710937500000000000e+00
-1.376953125000000000e-01
-2.234375000000000000e+00
-1.750000000000000000e+00
1.156250000000000000e+00
-1.085937500000000000e+00
6.250000000000000000e-01
-7.187500000000000000e-01
-2.294921875000000000e-01
-2.949218750000000000e-01
-1.906250000000000000e+00
8.935546875000000000e-02
1.304687500000000000e+00
-2.234375000000000000e+00
-1.992187500000000000e+00
2.171875000000000000e+00
1.031250000000000000e+00
7.968750000000000000e-01
-3.183593750000000000e-01
1.069335937500000000e-01
-7.382812500000000000e-01
-8.320312500000000000e-01
-8.906250000000000000e-01
-4.667968750000000000e-01
-1.882812500000000000e+00
-4.031250000000000000e+00
-1.687500000000000000e+00
-2.500000000000000000e-01
-1.570312500000000000e+00
1.664062500000000000e+00
5.234375000000000000e-01
-1.835937500000000000e+00
-1.617187500000000000e+00
-6.132812500000000000e-01
-7.617187500000000000e-01
-9.648437500000000000e-01
7.304687500000000000e-01
-1.492187500000000000e+00
-5.703125000000000000e-01
1.132812500000000000e+00
1.982421875000000000e-01
-1.039062500000000000e+00
-4.765625000000000000e-01
5.195312500000000000e-01
-1.804687500000000000e+00
-1.125000000000000000e+00
-7.656250000000000000e-01
-1.335937500000000000e+00
1.148437500000000000e+00
-1.137695312500000000e-01
-1.914062500000000000e+00
1.585937500000000000e+00
-1.312500000000000000e+00
1.304687500000000000e+00
9.023437500000000000e-01
8.437500000000000000e-01
-1.851562500000000000e+00
1.625000000000000000e+00
-8.945312500000000000e-01
1.414062500000000000e+00
-3.769531250000000000e-01
5.351562500000000000e-01
1.054687500000000000e+00
-7.343750000000000000e-01
-1.375000000000000000e+00
1.476562500000000000e+00
1.257812500000000000e+00
-9.804687500000000000e-01
1.328125000000000000e+00
-1.273437500000000000e+00
2.093750000000000000e+00
1.023437500000000000e+00
6.250000000000000000e-01
1.460937500000000000e+00
2.832031250000000000e-01
1.281250000000000000e+00
9.062500000000000000e-01
1.195312500000000000e+00
2.093750000000000000e+00
6.757812500000000000e-01
2.078125000000000000e+00
-1.281250000000000000e+00
-8.750000000000000000e-01
9.882812500000000000e-01
3.652343750000000000e-01
7.070312500000000000e-01
2.578125000000000000e-01
1.164062500000000000e+00
1.429687500000000000e+00
9.179687500000000000e-01
-1.437500000000000000e+00
-1.882812500000000000e+00
9.687500000000000000e-01
7.656250000000000000e-01
-1.585937500000000000e+00
-1.875000000000000000e+00
9.531250000000000000e-01
1.789062500000000000e+00
1.460937500000000000e+00
-3.609375000000000000e+00
-1.351562500000000000e+00
-6.787109375000000000e-02
7.226562500000000000e-01
1.000000000000000000e+00
-1.585937500000000000e+00
8.554687500000000000e-01
1.695312500000000000e+00
1.601562500000000000e+00
1.710937500000000000e+00
-2.328125000000000000e+00
-4.625000000000000000e+00
1.728515625000000000e-01
-2.093750000000000000e+00
-1.007812500000000000e+00
5.898437500000000000e-01
-1.929687500000000000e+00
1.585937500000000000e+00
1.351562500000000000e+00
9.687500000000000000e-01
-1.312500000000000000e+00
2.250000000000000000e+00
8.007812500000000000e-02
2.406250000000000000e+00
-1.562500000000000000e+00
-9.062500000000000000e-01
-1.414062500000000000e+00
7.226562500000000000e-01
-9.619140625000000000e-02
8.789062500000000000e-01
-3.691406250000000000e-01
-1.039062500000000000e+00
1.117187500000000000e+00
-2.250000000000000000e+00
-1.943359375000000000e-01
-5.156250000000000000e+00
-6.367187500000000000e-01
-5.625000000000000000e-01
-4.125000000000000000e+00
1.164062500000000000e+00
1.304687500000000000e+00
3.535156250000000000e-01
3.183593750000000000e-01
-1.414062500000000000e+00
-2.312500000000000000e+00
1.726562500000000000e+00
6.210937500000000000e-01
-1.195312500000000000e+00
1.476562500000000000e+00
1.437500000000000000e+00
-2.578125000000000000e-01
1.101562500000000000e+00
-1.191406250000000000e-01
8.632812500000000000e-01
-5.429687500000000000e-01
-7.929687500000000000e-01
-1.398437500000000000e+00
1.234375000000000000e+00
1.148437500000000000e+00
-5.976562500000000000e-01
