-6.601562500000000000e-01
2.988281250000000000e-01
-2.000000000000000000e+00
1.273437500000000000e+00
-2.343750000000000000e-01
1.257812500000000000e+00
1.242187500000000000e+00
8.398437500000000000e-01
-1.015625000000000000e+00
-1.304687500000000000e+00
1.328125000000000000e+00
1.335937500000000000e+00
1.992187500000000000e+00
4.062500000000000000e-01
1.164062500000000000e+00
5.585937500000000000e-01
-1.718750000000000000e-01
8.476562500000000000e-01
2.871093750000000000e-01
-1.164062500000000000e+00
-2.871093750000000000e-01
2.625000000000000000e+00
-5.656250000000000000e+00
-9.257812500000000000e-01
9.687500000000000000e-01
4.433593750000000000e-01
-3.703125000000000000e+00
-6.992187500000000000e-01
4.809570312500000000e-02
-1.195312500000000000e+00
1.460937500000000000e+00
1.726562500000000000e+00
1.304687500000000000e+00
-6.171875000000000000e-01
-1.337890625000000000e-01
-1.437500000000000000e+00
1.164062500000000000e+00
-5.937500000000000000e-01
1.679687500000000000e-01
-1.070312500000000000e+00
-1.318359375000000000e-01
1.976562500000000000e+00
1.242187500000000000e+00
-6.132812500000000000e-01
-1.273437500000000000e+00
1.320312500000000000e+00
1.226562500000000000e+00
-1.040039062500000000e-01
1.257812500000000000e+00
9.648437500000000000e-01
-5.351562500000000000e-01
-1.460937500000000000e+00
1.867187500000000000e+00
-1.117187500000000000e+00
1.085937500000000000e+00
2.314453125000000000e-01
-5.273437500000000000e-02
-2.937500000000000000e+00
5.039062500000000000e-01
7.500000000000000000e-01
-9.101562500000000000e-01
1.203125000000000000e+00
-3.496093750000000000e-01
2.296875000000000000e+00
1.851562500000000000e+00
1.215820312500000000e-01
1.125000000000000000e+00
1.892089843750000000e-02
3.906250000000000000e-02
1.054687500000000000e+00
-1.507812500000000000e+00
1.882812500000000000e+00
2.373046875000000000e-01
-1.718750000000000000e+00
2.406250000000000000e+00
3.984375000000000000e-01
2.203125000000000000e+00
1.398437500000000000e+00
1.898437500000000000e+00
1.093750000000000000e-01
2.468750000000000000e+00
8.281250000000000000e-01
-1.351562500000000000e+00
-9.179687500000000000e-01
-2.578125000000000000e+00
1.320312500000000000e+00
-2.343750000000000000e-01
1.367187500000000000e+00
6.679687500000000000e-01
-1.726562500000000000e+00
-5.625000000000000000e-01
1.281250000000000000e+00
-1.742187500000000000e+00
-2.578125000000000000e-01
1.164062500000000000e+00
-6.875000000000000000e-01
9.023437500000000000e-01
9.882812500000000000e-01
-7.617187500000000000e-01
1.242187500000000000e+00
7.148437500000000000e-01
-1.523437500000000000e+00
-1.429687500000000000e+00
1.750000000000000000e+00
1.382812500000000000e+00
1.898437500000000000e+00
-6.250000000000000000e-02
2.031250000000000000e+00
-1.070312500000000000e+00
-6.132812500000000000e-01
1.976562500000000000e+00
-4.531250000000000000e-01
1.625000000000000000e+00
-7.031250000000000000e-01
-5.429687500000000000e-01
2.046875000000000000e+00
1.906250000000000000e+00
-1.101562500000000000e+00
-1.375000000000000000e+00
-3.496093750000000000e-01
-1.257812500000000000e+00
-1.289062500000000000e+00
-1.069335937500000000e-01
1.500000000000000000e+00
1.507812500000000000e+00
5.664062500000000000e-01
1.851562500000000000e+00
1.781250000000000000e+00
1.468750000000000000e+00
1.093750000000000000e+00
1.937500000000000000e+00
8.867187500000000000e-01
9.101562500000000000e-01
-1.281250000000000000e+00
-2.750000000000000000e+00
-5.664062500000000000e-01
-3.964843750000000000e-01
8.945312500000000000e-01
1.898437500000000000e+00
-1.539062500000000000e+00
-1.218750000000000000e+00
2.296875000000000000e+00
1.898437500000000000e+00
7.343750000000000000e-01
1.664062500000000000e+00
-4.140625000000000000e-01
3.339843750000000000e-01
-9.062500000000000000e-01
1.382812500000000000e+00
1.679687500000000000e+00
-2.753906250000000000e-01
-1.250000000000000000e-01
-1.312500000000000000e+00
9.179687500000000000e-02
-9.960937500000000000e-01
-2.640625000000000000e+00
-5.039062500000000000e-01
-5.195312500000000000e-01
4.941406250000000000e-01
-1.101562500000000000e+00
-7.812500000000000000e-01
-1.476562500000000000e+00
7.031250000000000000e-01
-3.328125000000000000e+00
-4.082031250000000000e-01
1.750000000000000000e+00
-1.250000000000000000e+00
-3.144531250000000000e-01
2.187500000000000000e+00
-8.125000000000000000e-01
1.140625000000000000e+00
-8.945312500000000000e-01
2.234375000000000000e+00
1.382812500000000000e+00
1.562500000000000000e-01
1.695312500000000000e+00
-3.183593750000000000e-01
2.062500000000000000e+00
1.500000000000000000e+00
1.281250000000000000e+00
-8.632812500000000000e-01
1.492187500000000000e+00
-1.434326171875000000e-02
-5.859375000000000000e-01
9.101562500000000000e-01
1.875000000000000000e+00
1.265625000000000000e+00
7.382812500000000000e-01
-6.210937500000000000e-01
8.007812500000000000e-01
1.500000000000000000e+00
-7.226562500000000000e-01
1.125000000000000000e+00
2.140625000000000000e+00
1.023437500000000000e+00
-1.601562500000000000e+00
2.871093750000000000e-01
-2.234375000000000000e+00
-1.125000000000000000e+00
-8.554687500000000000e-01
6.054687500000000000e-01
-9.062500000000000000e-01
-4.223632812500000000e-02
-4.824218750000000000e-01
5.000000000000000000e-01
1.085937500000000000e+00
6.523132324218750000e-04
-1.250000000000000000e+00
1.179687500000000000e+00
8.125000000000000000e-01
-1.351562500000000000e+00
1.078125000000000000e+00
-9.882812500000000000e-01
1.539062500000000000e+00
-5.546875000000000000e-01
1.945312500000000000e+00
1.298828125000000000e-01
1.492187500000000000e+00
8.906250000000000000e-01
-2.140625000000000000e+00
-9.375000000000000000e-01
3.769531250000000000e-01
7.226562500000000000e-01
-1.455078125000000000e-01
-3.734375000000000000e+00
-1.437500000000000000e+00
-8.437500000000000000e-01
-1.406250000000000000e+00
-1.937500000000000000e+00
1.687500000000000000e+00
-7.226562500000000000e-01
3.691406250000000000e-01
-7.539062500000000000e-01
1.728515625000000000e-01
-4.687500000000000000e-01
-1.179687500000000000e+00
2.333984375000000000e-01
1.523437500000000000e+00
-1.898437500000000000e+00
-1.234375000000000000e+00
2.046875000000000000e+00
1.023437500000000000e+00
1.398437500000000000e+00
4.956054687500000000e-02
-5.312500000000000000e-01
-1.132812500000000000e+00
-1.125000000000000000e+00
-3.828125000000000000e-01
-9.335937500000000000e-01
-1.296875000000000000e+00
-3.640625000000000000e+00
-1.351562500000000000e+00
1.845703125000000000e-01
-9.687500000000000000e-01
1.539062500000000000e+00
1.000000000000000000e+00
-1.687500000000000000e+00
-1.351562500000000000e+00
-2.890625000000000000e-01
-4.316406250000000000e-01
-7.695312500000000000e-01
-2.392578125000000000e-01
-1.164062500000000000e+00
-4.687500000000000000e-01
1.195312500000000000e+00
6.992187500000000000e-01
-9.531250000000000000e-01
-1.000000000000000000e+00
-1.396484375000000000e-01
-1.250000000000000000e+00
-9.375000000000000000e-01
-8.554687500000000000e-01
-1.125000000000000000e+00
1.039062500000000000e+00
-4.472656250000000000e-01
-2.203125000000000000e+00
1.437500000000000000e+00
-1.507812500000000000e+00
1.320312500000000000e+00
1.148437500000000000e+00
6.445312500000000000e-01
-1.273437500000000000e+00
2.236328125000000000e-01
-5.117187500000000000e-01
5.742187500000000000e-01
-2.597656250000000000e-01
4.140625000000000000e-01
1.117187500000000000e+00
-7.070312500000000000e-01
-1.281250000000000000e+00
1.500000000000000000e+00
1.367187500000000000e+00
-1.679687500000000000e+00
1.187500000000000000e+00
-6.132812500000000000e-01
1.882812500000000000e+00
9.218750000000000000e-01
6.914062500000000000e-01
1.093750000000000000e+00
3.828125000000000000e-01
1.468750000000000000e+00
1.085937500000000000e+00
1.218750000000000000e+00
1.898437500000000000e+00
6.210937500000000000e-01
2.359375000000000000e+00
-1.007812500000000000e+00
-6.835937500000000000e-01
1.226562500000000000e+00
-1.074218750000000000e-01
6.992187500000000000e-01
-3.339843750000000000e-01
1.335937500000000000e+00
1.289062500000000000e+00
1.023437500000000000e+00
-1.507812500000000000e+00
-1.101562500000000000e+00
9.218750000000000000e-01
8.476562500000000000e-01
-1.203125000000000000e+00
-1.125000000000000000e+00
8.476562500000000000e-01
1.804687500000000000e+00
1.648437500000000000e+00
-3.750000000000000000e+00
-1.250000000000000000e+00
-5.273437500000000000e-01
8.476562500000000000e-01
1.023437500000000000e+00
-1.445312500000000000e+00
7.968750000000000000e-01
1.523437500000000000e+00
1.773437500000000000e+00
2.000000000000000000e+00
-2.234375000000000000e+00
-4.156250000000000000e+00
2.812500000000000000e-01
-2.375000000000000000e+00
-1.648437500000000000e+00
2.871093750000000000e-01
-1.414062500000000000e+00
1.710937500000000000e+00
4.238281250000000000e-01
7.968750000000000000e-01
-1.132812500000000000e+00
2.046875000000000000e+00
4.902343750000000000e-01
3.250000000000000000e+00
-1.140625000000000000e+00
-1.773437500000000000e+00
-6.406250000000000000e-01
6.718750000000000000e-01
-1.186523437500000000e-01
8.437500000000000000e-01
-5.117187500000000000e-01
-1.656250000000000000e+00
1.914062500000000000e+00
-2.390625000000000000e+00
6.982421875000000000e-02
-4.906250000000000000e+00
-3.808593750000000000e-01
-1.210937500000000000e+00
-4.031250000000000000e+00
1.195312500000000000e+00
1.312500000000000000e+00
-2.812500000000000000e-01
5.898437500000000000e-01
-9.257812500000000000e-01
-2.562500000000000000e+00
1.585937500000000000e+00
7.617187500000000000e-01
-7.773437500000000000e-01
1.476562500000000000e+00
1.437500000000000000e+00
-4.277343750000000000e-01
1.210937500000000000e+00
-4.746093750000000000e-01
8.007812500000000000e-01
-1.054687500000000000e-01
-9.531250000000000000e-01
-1.335937500000000000e+00
1.179687500000000000e+00
1.226562500000000000e+00
-8.398437500000000000e-01
