1.500000000000000000e+01
-6.171875000000000000e-01
-4.656250000000000000e+00
5.906250000000000000e+00
-1.367187500000000000e+00
-1.218750000000000000e+00
3.578125000000000000e+00
4.531250000000000000e+00
-2.000000000000000000e+00
-2.015625000000000000e+00
4.343750000000000000e+00
2.703125000000000000e+00
3.390625000000000000e+00
1.335937500000000000e+00
5.343750000000000000e+00
3.546875000000000000e+00
-4.781250000000000000e+00
4.531250000000000000e+00
1.368750000000000000e+01
-1.039062500000000000e+00
-1.492187500000000000e+00
1.343750000000000000e+00
3.296875000000000000e+00
-8.007812500000000000e-01
5.031250000000000000e+00
4.000000000000000000e+00
3.296875000000000000e+00
-1.250000000000000000e+00
1.523437500000000000e+00
-4.000000000000000000e+00
8.937500000000000000e+00
-4.031250000000000000e+00
6.406250000000000000e+00
-3.000000000000000000e+00
-1.898437500000000000e+00
-2.046875000000000000e+00
-4.902343750000000000e-01
2.597656250000000000e-01
3.921875000000000000e+00
-1.914062500000000000e+00
-1.195312500000000000e+00
8.812500000000000000e+00
2.953125000000000000e+00
-2.031250000000000000e+00
-2.640625000000000000e+00
2.296875000000000000e+00
2.203125000000000000e+00
-3.437500000000000000e-01
-2.470703125000000000e-01
8.000000000000000000e+00
8.320312500000000000e-01
-1.937500000000000000e+00
-1.179687500000000000e+00
-3.515625000000000000e+00
6.843750000000000000e+00
1.031250000000000000e+01
-2.484375000000000000e+00
1.200000000000000000e+01
1.312500000000000000e+00
3.750000000000000000e+00
-8.056640625000000000e-02
1.976562500000000000e+00
1.148437500000000000e+00
7.343750000000000000e+00
3.875000000000000000e+00
-1.226562500000000000e+00
8.250000000000000000e+00
-1.875000000000000000e+00
1.406250000000000000e+00
-1.523437500000000000e+00
-2.203125000000000000e+00
1.710937500000000000e+00
7.031250000000000000e-01
-4.343750000000000000e+00
6.875000000000000000e-01
-6.250000000000000000e+00
7.218750000000000000e+00
2.343750000000000000e+00
6.250000000000000000e+00
1.820312500000000000e+00
3.921875000000000000e+00
4.500000000000000000e+00
-2.140625000000000000e+00
-8.476562500000000000e-01
-5.750000000000000000e+00
-1.069335937500000000e-01
1.056250000000000000e+01
7.406250000000000000e+00
3.703125000000000000e+00
-2.750000000000000000e+00
-1.000000000000000000e+00
1.695312500000000000e+00
-6.125000000000000000e+00
1.179687500000000000e+00
-3.328125000000000000e+00
-3.828125000000000000e+00
1.700000000000000000e+01
5.031250000000000000e+00
-2.265625000000000000e+00
1.031250000000000000e+00
1.012500000000000000e+01
-1.976562500000000000e+00
-3.125000000000000000e+00
2.359375000000000000e+00
9.500000000000000000e+00
6.843750000000000000e+00
-1.812500000000000000e+00
1.625000000000000000e+00
-1.117187500000000000e+00
-1.132812500000000000e-01
9.312500000000000000e+00
-3.171875000000000000e+00
-5.429687500000000000e-01
-1.101562500000000000e+00
-1.664062500000000000e+00
6.500000000000000000e+00
-6.656250000000000000e+00
-3.109375000000000000e+00
-1.078125000000000000e+00
-2.140625000000000000e+00
-4.218750000000000000e+00
-2.046875000000000000e+00
-3.234375000000000000e+00
4.218750000000000000e+00
9.414062500000000000e-01
4.781250000000000000e+00
4.781250000000000000e+00
1.068750000000000000e+01
6.250000000000000000e+00
1.023437500000000000e+00
7.812500000000000000e-02
-3.078125000000000000e+00
3.390625000000000000e+00
-3.046875000000000000e+00
1.037500000000000000e+01
-4.863281250000000000e-01
-3.393554687500000000e-02
7.500000000000000000e+00
4.625000000000000000e+00
-3.796875000000000000e+00
2.148437500000000000e-01
-1.476562500000000000e+00
6.500000000000000000e+00
2.953125000000000000e+00
6.031250000000000000e+00
-2.625000000000000000e+00
1.168750000000000000e+01
-3.140625000000000000e+00
6.593750000000000000e+00
5.750000000000000000e+00
1.531250000000000000e+01
-1.773437500000000000e+00
-2.265625000000000000e+00
1.171875000000000000e+00
-1.343750000000000000e+00
8.500000000000000000e+00
-2.390625000000000000e+00
-2.734375000000000000e-01
-4.628906250000000000e-01
-3.125000000000000000e+00
1.503906250000000000e-01
4.406250000000000000e+00
3.750000000000000000e+00
4.750000000000000000e+00
5.820312500000000000e-01
9.187500000000000000e+00
-1.585937500000000000e+00
1.242187500000000000e+00
2.140625000000000000e+00
-4.593750000000000000e+00
2.296875000000000000e+00
-6.406250000000000000e-01
7.406250000000000000e+00
7.156250000000000000e+00
-5.195312500000000000e-01
6.750000000000000000e+00
1.132812500000000000e+00
4.250000000000000000e+00
-6.093750000000000000e-01
5.656250000000000000e+00
8.437500000000000000e+00
7.156250000000000000e+00
-1.304687500000000000e+00
-6.484375000000000000e-01
-1.109375000000000000e+00
1.050000000000000000e+01
3.328125000000000000e+00
1.851562500000000000e+00
-2.515625000000000000e+00
2.328125000000000000e+00
5.343750000000000000e+00
-1.273437500000000000e+00
7.093750000000000000e+00
6.781250000000000000e+00
3.578125000000000000e+00
1.081250000000000000e+01
-4.277343750000000000e-01
1.150000000000000000e+01
-2.031250000000000000e+00
-8.632812500000000000e-01
1.625000000000000000e+00
1.050000000000000000e+01
-1.539062500000000000e+00
-3.578125000000000000e+00
7.929687500000000000e-01
8.812500000000000000e+00
-4.281250000000000000e+00
-1.898437500000000000e+00
5.750000000000000000e+00
6.843750000000000000e+00
-2.671875000000000000e+00
7.156250000000000000e+00
-2.109375000000000000e+00
2.109375000000000000e+00
-2.484375000000000000e+00
1.056250000000000000e+01
1.025000000000000000e+01
4.593750000000000000e+00
-5.187500000000000000e+00
1.150000000000000000e+01
-9.179687500000000000e-01
1.664062500000000000e+00
2.562500000000000000e+00
4.296875000000000000e-01
7.093750000000000000e+00
-3.703125000000000000e+00
-1.835937500000000000e-01
-1.914062500000000000e+00
6.093750000000000000e+00
1.093750000000000000e+00
-2.484375000000000000e+00
1.418750000000000000e+01
1.156250000000000000e+01
-1.164062500000000000e+00
-4.296875000000000000e-02
-1.664062500000000000e+00
-1.929687500000000000e+00
3.078125000000000000e+00
-4.281250000000000000e+00
-1.875000000000000000e+00
5.281250000000000000e+00
6.093750000000000000e-01
-8.437500000000000000e+00
3.515625000000000000e-01
4.589843750000000000e-01
-4.277343750000000000e-01
-5.200195312500000000e-02
-8.867187500000000000e-01
-5.117187500000000000e-01
-1.773437500000000000e+00
9.062500000000000000e+00
-3.796875000000000000e+00
1.331250000000000000e+01
-1.937500000000000000e+00
4.750000000000000000e+00
-6.523132324218750000e-04
-4.218750000000000000e+00
-5.281250000000000000e+00
-3.265625000000000000e+00
-3.265625000000000000e+00
-4.718750000000000000e+00
-6.757812500000000000e-01
-1.875000000000000000e+00
-3.281250000000000000e-01
9.179687500000000000e-01
-4.765625000000000000e-01
-3.734375000000000000e+00
-1.455078125000000000e-01
1.398437500000000000e+00
-1.093750000000000000e+00
-8.007812500000000000e-01
-2.031250000000000000e-01
-3.062500000000000000e+00
4.343750000000000000e+00
-4.707031250000000000e-01
5.343750000000000000e+00
7.750000000000000000e+00
1.218750000000000000e+01
4.437500000000000000e+00
7.093750000000000000e+00
5.500000000000000000e+00
-8.281250000000000000e-01
7.929687500000000000e-01
-1.414062500000000000e+00
-3.144531250000000000e-01
-4.589843750000000000e-01
4.593750000000000000e+00
3.703125000000000000e+00
-1.031250000000000000e+00
-3.484375000000000000e+00
1.937500000000000000e+00
4.093750000000000000e+00
-3.796875000000000000e+00
8.437500000000000000e-01
-2.234375000000000000e+00
4.750000000000000000e+00
5.781250000000000000e+00
-1.039062500000000000e+00
5.781250000000000000e+00
1.960937500000000000e+00
1.257812500000000000e+00
-1.101562500000000000e+00
1.218750000000000000e+01
7.250000000000000000e+00
5.156250000000000000e+00
3.500000000000000000e+00
-9.101562500000000000e-01
9.812500000000000000e+00
3.242187500000000000e-01
8.437500000000000000e-01
4.812500000000000000e+00
-9.257812500000000000e-01
-2.656250000000000000e-01
6.031250000000000000e+00
3.328125000000000000e+00
-3.796875000000000000e+00
-2.140625000000000000e+00
7.750000000000000000e+00
5.156250000000000000e+00
-1.773437500000000000e+00
-4.000000000000000000e+00
5.718750000000000000e+00
5.500000000000000000e+00
1.789062500000000000e+00
3.062500000000000000e+00
-3.703125000000000000e+00
4.218750000000000000e-01
-3.222656250000000000e-01
2.125000000000000000e+00
-4.906250000000000000e+00
2.125000000000000000e+00
3.000000000000000000e+00
4.218750000000000000e+00
2.031250000000000000e+00
-4.343750000000000000e+00
4.593750000000000000e+00
-1.132812500000000000e-01
1.200000000000000000e+01
3.078125000000000000e+00
-2.921875000000000000e+00
-2.015625000000000000e+00
5.593750000000000000e+00
5.156250000000000000e+00
5.468750000000000000e+00
-9.570312500000000000e-01
9.000000000000000000e+00
-2.406250000000000000e+00
-1.726562500000000000e+00
-1.687500000000000000e+00
2.046875000000000000e+00
-2.156250000000000000e+00
6.093750000000000000e+00
-2.250000000000000000e+00
8.687500000000000000e+00
-8.554687500000000000e-01
4.750000000000000000e+00
-3.484375000000000000e+00
5.125000000000000000e+00
-2.609375000000000000e+00
3.000000000000000000e+00
-6.250000000000000000e-01
-9.648437500000000000e-01
5.656250000000000000e+00
7.156250000000000000e+00
2.515625000000000000e+00
-1.474609375000000000e-01
4.218750000000000000e+00
-1.476562500000000000e+00
-5.750000000000000000e+00
6.375000000000000000e+00
6.593750000000000000e+00
-1.648437500000000000e+00
4.156250000000000000e+00
1.150000000000000000e+01
-1.742187500000000000e+00
4.593750000000000000e+00
-2.312500000000000000e+00
2.578125000000000000e+00
-2.578125000000000000e-01
-1.513671875000000000e-01
-4.718750000000000000e+00
6.250000000000000000e+00
-2.500000000000000000e+00
1.031250000000000000e+01
