-1.343750000000000000e+00
3.691406250000000000e-01
-1.460937500000000000e+00
7.382812500000000000e-01
-3.808593750000000000e-01
1.132812500000000000e+00
7.304687500000000000e-01
5.507812500000000000e-01
-5.937500000000000000e-01
-1.226562500000000000e+00
8.125000000000000000e-01
8.437500000000000000e-01
1.500000000000000000e+00
1.611328125000000000e-01
5.898437500000000000e-01
1.455078125000000000e-01
7.128906250000000000e-02
4.785156250000000000e-01
-8.593750000000000000e-02
-1.195312500000000000e+00
-4.785156250000000000e-01
2.875000000000000000e+00
-5.125000000000000000e+00
-3.417968750000000000e-01
5.468750000000000000e-01
3.784179687500000000e-02
-3.328125000000000000e+00
-1.007812500000000000e+00
5.981445312500000000e-02
-9.101562500000000000e-01
8.164062500000000000e-01
1.710937500000000000e+00
8.320312500000000000e-01
-6.015625000000000000e-01
-3.886718750000000000e-01
-1.492187500000000000e+00
1.476562500000000000e+00
-7.929687500000000000e-01
-7.958984375000000000e-02
-9.179687500000000000e-01
-3.808593750000000000e-01
1.179687500000000000e+00
6.210937500000000000e-01
-7.373046875000000000e-02
-1.500000000000000000e+00
9.414062500000000000e-01
9.101562500000000000e-01
1.533203125000000000e-01
1.179687500000000000e+00
5.273437500000000000e-01
-3.808593750000000000e-01
-1.375000000000000000e+00
1.867187500000000000e+00
-3.339843750000000000e-01
6.757812500000000000e-01
4.687500000000000000e-02
-1.552734375000000000e-01
-2.890625000000000000e+00
3.984375000000000000e-01
4.355468750000000000e-01
-8.476562500000000000e-01
7.148437500000000000e-01
-2.392578125000000000e-01
1.468750000000000000e+00
1.320312500000000000e+00
9.423828125000000000e-02
5.468750000000000000e-01
3.250122070312500000e-03
2.871093750000000000e-01
3.144531250000000000e-01
-1.429687500000000000e+00
1.054687500000000000e+00
1.196289062500000000e-01
-1.320312500000000000e+00
2.328125000000000000e+00
6.054687500000000000e-01
1.343750000000000000e+00
1.039062500000000000e+00
1.085937500000000000e+00
1.718750000000000000e-01
2.187500000000000000e+00
4.199218750000000000e-01
-7.695312500000000000e-01
-7.187500000000000000e-01
-1.851562500000000000e+00
9.648437500000000000e-01
-5.117187500000000000e-01
6.992187500000000000e-01
3.847656250000000000e-01
-1.945312500000000000e+00
-6.875000000000000000e-01
8.437500000000000000e-01
-6.562500000000000000e-01
-1.157226562500000000e-01
1.414062500000000000e+00
-6.523437500000000000e-01
-4.277343750000000000e-01
5.195312500000000000e-01
-1.242187500000000000e+00
1.000000000000000000e+00
2.871093750000000000e-01
-1.875000000000000000e+00
-7.304687500000000000e-01
1.804687500000000000e+00
8.281250000000000000e-01
1.093750000000000000e+00
-3.164062500000000000e-01
1.789062500000000000e+00
-1.164062500000000000e+00
-5.273437500000000000e-01
1.148437500000000000e+00
-6.718750000000000000e-01
1.531250000000000000e+00
-1.074218750000000000e-01
-6.210937500000000000e-01
1.296875000000000000e+00
2.125000000000000000e+00
-8.398437500000000000e-01
-1.632812500000000000e+00
-3.906250000000000000e-01
-7.617187500000000000e-01
-1.437500000000000000e+00
-6.289062500000000000e-01
7.382812500000000000e-01
1.117187500000000000e+00
2.636718750000000000e-01
1.343750000000000000e+00
9.882812500000000000e-01
8.750000000000000000e-01
6.562500000000000000e-01
1.757812500000000000e+00
7.695312500000000000e-01
4.589843750000000000e-01
-1.007812500000000000e+00
-1.757812500000000000e+00
-3.881835937500000000e-02
-3.222656250000000000e-01
2.158203125000000000e-01
1.179687500000000000e+00
-1.101562500000000000e+00
-1.007812500000000000e+00
1.687500000000000000e+00
1.109375000000000000e+00
2.314453125000000000e-01
1.062500000000000000e+00
-6.210937500000000000e-01
-5.117187500000000000e-01
-1.164062500000000000e+00
6.875000000000000000e-01
8.320312500000000000e-01
-8.789062500000000000e-01
-3.144531250000000000e-01
-1.093750000000000000e+00
-3.828125000000000000e-01
-1.257812500000000000e+00
-2.687500000000000000e+00
-3.808593750000000000e-01
-6.601562500000000000e-01
2.695312500000000000e-01
-1.046875000000000000e+00
-5.781250000000000000e-01
-1.101562500000000000e+00
4.472656250000000000e-01
-2.546875000000000000e+00
-5.351562500000000000e-01
9.531250000000000000e-01
-1.062500000000000000e+00
-1.300048828125000000e-02
2.125000000000000000e+00
-7.539062500000000000e-01
6.757812500000000000e-01
-5.898437500000000000e-01
1.437500000000000000e+00
7.343750000000000000e-01
-9.716796875000000000e-02
1.000000000000000000e+00
-4.238281250000000000e-01
1.687500000000000000e+00
1.562500000000000000e+00
7.070312500000000000e-01
-1.210937500000000000e+00
9.101562500000000000e-01
1.157226562500000000e-01
-4.628906250000000000e-01
4.531250000000000000e-01
1.070312500000000000e+00
8.437500000000000000e-01
5.273437500000000000e-01
-1.953125000000000000e-01
5.273437500000000000e-01
1.023437500000000000e+00
-8.437500000000000000e-01
6.992187500000000000e-01
1.273437500000000000e+00
5.312500000000000000e-01
-1.851562500000000000e+00
1.767578125000000000e-01
-2.328125000000000000e+00
-1.289062500000000000e+00
-8.437500000000000000e-01
4.824218750000000000e-01
-1.414062500000000000e+00
-3.437500000000000000e-01
-6.328125000000000000e-01
3.066406250000000000e-01
6.132812500000000000e-01
9.521484375000000000e-02
-1.320312500000000000e+00
5.742187500000000000e-01
3.964843750000000000e-01
-1.085937500000000000e+00
5.898437500000000000e-01
-1.062500000000000000e+00
1.070312500000000000e+00
-6.445312500000000000e-01
9.687500000000000000e-01
-5.156250000000000000e-01
7.500000000000000000e-01
-2.714843750000000000e-01
-2.562500000000000000e+00
-8.867187500000000000e-01
1.298828125000000000e-01
3.300781250000000000e-01
1.435546875000000000e-01
-3.453125000000000000e+00
-1.148437500000000000e+00
-4.375000000000000000e-01
-2.078125000000000000e+00
-1.968750000000000000e+00
1.265625000000000000e+00
-7.031250000000000000e-01
-5.468750000000000000e-01
-8.437500000000000000e-01
-1.396484375000000000e-01
-2.343750000000000000e-01
-1.500000000000000000e+00
8.593750000000000000e-02
7.695312500000000000e-01
-1.351562500000000000e+00
-1.460937500000000000e+00
1.242187500000000000e+00
1.375000000000000000e+00
1.445312500000000000e+00
-4.765625000000000000e-01
-6.171875000000000000e-01
-1.148437500000000000e+00
-1.367187500000000000e+00
-5.039062500000000000e-01
-7.031250000000000000e-01
-1.593750000000000000e+00
-3.828125000000000000e+00
-1.023437500000000000e+00
-8.750000000000000000e-01
-1.000000000000000000e+00
9.804687500000000000e-01
7.929687500000000000e-01
-1.375000000000000000e+00
-9.062500000000000000e-01
-6.367187500000000000e-01
-6.484375000000000000e-01
-7.070312500000000000e-01
-1.376953125000000000e-01
-9.023437500000000000e-01
-4.863281250000000000e-01
7.812500000000000000e-01
5.156250000000000000e-01
-6.992187500000000000e-01
-8.945312500000000000e-01
-1.186523437500000000e-01
-1.468750000000000000e+00
-1.507812500000000000e+00
-7.812500000000000000e-01
-7.656250000000000000e-01
6.523437500000000000e-01
-2.792968750000000000e-01
-1.773437500000000000e+00
8.867187500000000000e-01
-1.929687500000000000e+00
8.554687500000000000e-01
4.199218750000000000e-01
3.906250000000000000e-02
-1.476562500000000000e+00
5.859375000000000000e-01
-5.429687500000000000e-01
6.132812500000000000e-01
-3.535156250000000000e-01
2.031250000000000000e-01
6.601562500000000000e-01
-6.015625000000000000e-01
-9.179687500000000000e-01
1.039062500000000000e+00
8.007812500000000000e-01
-1.093750000000000000e+00
6.914062500000000000e-01
-6.640625000000000000e-01
1.250000000000000000e+00
5.312500000000000000e-01
5.351562500000000000e-01
8.437500000000000000e-01
1.953125000000000000e-01
1.500000000000000000e+00
1.070312500000000000e+00
2.451171875000000000e-01
1.242187500000000000e+00
2.031250000000000000e-01
1.710937500000000000e+00
-1.132812500000000000e+00
-6.718750000000000000e-01
1.140625000000000000e+00
-6.523132324218750000e-04
2.021484375000000000e-01
-7.500000000000000000e-01
8.281250000000000000e-01
7.773437500000000000e-01
6.445312500000000000e-01
-1.242187500000000000e+00
-1.265625000000000000e+00
4.433593750000000000e-01
4.746093750000000000e-01
-1.125000000000000000e+00
-1.031250000000000000e+00
4.433593750000000000e-01
9.492187500000000000e-01
1.523437500000000000e+00
-3.484375000000000000e+00
-9.531250000000000000e-01
-8.554687500000000000e-01
6.914062500000000000e-01
7.382812500000000000e-01
-1.234375000000000000e+00
3.203125000000000000e-01
9.375000000000000000e-01
1.382812500000000000e+00
1.914062500000000000e+00
-1.773437500000000000e+00
-3.421875000000000000e+00
1.434326171875000000e-02
-2.468750000000000000e+00
-1.445312500000000000e+00
6.679687500000000000e-01
-1.304687500000000000e+00
9.492187500000000000e-01
2.519531250000000000e-01
4.199218750000000000e-01
-1.062500000000000000e+00
1.257812500000000000e+00
-6.601562500000000000e-01
3.437500000000000000e+00
-1.382812500000000000e+00
-1.093750000000000000e+00
-6.445312500000000000e-01
2.968750000000000000e-01
-2.333984375000000000e-01
3.125000000000000000e-01
-5.957031250000000000e-02
-1.335937500000000000e+00
1.875000000000000000e+00
-2.359375000000000000e+00
6.787109375000000000e-02
-4.343750000000000000e+00
-3.613281250000000000e-01
-1.070312500000000000e+00
-3.828125000000000000e+00
6.406250000000000000e-01
1.031250000000000000e+00
-3.886718750000000000e-01
-1.818847656250000000e-02
-6.914062500000000000e-01
-2.312500000000000000e+00
1.109375000000000000e+00
2.734375000000000000e-01
-9.960937500000000000e-01
1.000000000000000000e+00
7.539062500000000000e-01
-2.519531250000000000e-01
5.429687500000000000e-01
-1.757812500000000000e-01
5.351562500000000000e-01
-3.261718750000000000e-01
-6.914062500000000000e-01
-9.257812500000000000e-01
7.304687500000000000e-01
1.570312500000000000e+00
-1.273437500000000000e+00
