-2.109375000000000000e+00
5.156250000000000000e-01
-9.257812500000000000e-01
2.187500000000000000e-01
4.140625000000000000e-01
1.585937500000000000e+00
3.105468750000000000e-01
2.910156250000000000e-01
-7.861328125000000000e-02
-1.806640625000000000e-01
3.828125000000000000e-01
1.069335937500000000e-01
1.054687500000000000e+00
-2.255859375000000000e-01
-6.835937500000000000e-03
-1.582031250000000000e-01
9.687500000000000000e-01
7.910156250000000000e-02
-8.984375000000000000e-02
-1.882812500000000000e+00
-1.279296875000000000e-01
3.515625000000000000e+00
-4.531250000000000000e+00
1.079101562500000000e-01
9.423828125000000000e-02
-5.507812500000000000e-01
-2.328125000000000000e+00
2.343750000000000000e-01
-6.601562500000000000e-01
-4.101562500000000000e-02
2.734375000000000000e-01
2.453125000000000000e+00
2.910156250000000000e-01
-7.929687500000000000e-01
-1.630859375000000000e-01
-7.304687500000000000e-01
2.250000000000000000e+00
-1.414062500000000000e+00
-2.451171875000000000e-01
-1.468750000000000000e+00
5.078125000000000000e-01
4.355468750000000000e-01
-3.769531250000000000e-01
3.750000000000000000e-01
2.080078125000000000e-01
8.750000000000000000e-01
5.898437500000000000e-01
-6.054687500000000000e-01
1.500000000000000000e+00
2.216796875000000000e-01
-9.101562500000000000e-01
-8.867187500000000000e-01
2.484375000000000000e+00
5.039062500000000000e-01
1.406250000000000000e-01
-4.785156250000000000e-02
-1.054687500000000000e+00
-3.421875000000000000e+00
9.375000000000000000e-02
-7.910156250000000000e-02
-1.554687500000000000e+00
3.691406250000000000e-01
-1.007812500000000000e+00
8.125000000000000000e-01
6.562500000000000000e-01
1.206054687500000000e-01
-2.070312500000000000e-01
-1.127929687500000000e-01
-5.312500000000000000e-01
-1.982421875000000000e-01
-4.003906250000000000e-01
4.433593750000000000e-01
-6.054687500000000000e-01
-1.429687500000000000e+00
2.406250000000000000e+00
1.148437500000000000e+00
4.941406250000000000e-01
8.750000000000000000e-01
2.714843750000000000e-01
7.421875000000000000e-02
2.046875000000000000e+00
1.455078125000000000e-01
-1.806640625000000000e-01
-7.812500000000000000e-03
-1.710937500000000000e+00
1.015625000000000000e+00
-4.003906250000000000e-01
5.883789062500000000e-02
1.416015625000000000e-01
-9.521484375000000000e-02
-1.085937500000000000e+00
-3.735351562500000000e-02
4.492187500000000000e-02
-8.476562500000000000e-01
2.265625000000000000e+00
2.470703125000000000e-01
-1.601562500000000000e+00
5.078125000000000000e-02
-9.062500000000000000e-01
1.078125000000000000e+00
1.079101562500000000e-01
-4.863281250000000000e-01
-5.664062500000000000e-02
1.976562500000000000e+00
4.531250000000000000e-01
3.105468750000000000e-01
-5.468750000000000000e-01
1.976562500000000000e+00
-2.304687500000000000e-01
-1.468750000000000000e+00
2.949218750000000000e-01
-1.030273437500000000e-01
1.882812500000000000e+00
-1.591796875000000000e-01
1.186523437500000000e-01
4.375000000000000000e-01
2.578125000000000000e+00
-3.652343750000000000e-01
-5.703125000000000000e-01
-9.228515625000000000e-02
-3.144531250000000000e-01
-5.273437500000000000e-01
-3.242187500000000000e-01
1.455078125000000000e-01
1.289062500000000000e+00
1.069335937500000000e-01
7.617187500000000000e-01
4.121093750000000000e-01
2.675781250000000000e-01
4.511718750000000000e-01
2.078125000000000000e+00
5.898437500000000000e-01
2.080078125000000000e-01
-5.429687500000000000e-01
-1.156250000000000000e+00
6.494140625000000000e-02
-9.101562500000000000e-01
-4.082031250000000000e-01
4.746093750000000000e-01
-1.000000000000000000e+00
-1.773437500000000000e+00
1.992187500000000000e+00
4.238281250000000000e-01
-7.080078125000000000e-02
4.609375000000000000e-01
2.470703125000000000e-01
-1.500000000000000000e+00
-1.585937500000000000e+00
1.757812500000000000e-01
2.714843750000000000e-01
-1.789062500000000000e+00
5.273437500000000000e-01
-3.457031250000000000e-01
-2.490234375000000000e-01
-5.346679687500000000e-02
-3.062500000000000000e+00
-4.707031250000000000e-01
-7.851562500000000000e-01
6.210937500000000000e-01
-8.867187500000000000e-01
-1.242187500000000000e+00
-1.687500000000000000e+00
1.030273437500000000e-01
-1.960937500000000000e+00
-1.656250000000000000e+00
3.027343750000000000e-01
-3.144531250000000000e-01
7.519531250000000000e-02
2.312500000000000000e+00
1.289062500000000000e-01
2.517700195312500000e-03
-1.806640625000000000e-01
6.640625000000000000e-01
8.154296875000000000e-02
1.132812500000000000e-01
1.923828125000000000e-01
-1.039062500000000000e+00
1.562500000000000000e+00
2.281250000000000000e+00
2.382812500000000000e-01
-1.851562500000000000e+00
2.421875000000000000e-01
-1.542968750000000000e-01
-1.289062500000000000e+00
-4.531250000000000000e-01
6.132812500000000000e-01
3.652343750000000000e-01
4.785156250000000000e-01
1.718750000000000000e-01
2.714843750000000000e-01
5.078125000000000000e-01
-7.812500000000000000e-01
1.660156250000000000e-01
4.218750000000000000e-01
-7.861328125000000000e-02
-2.515625000000000000e+00
4.902343750000000000e-01
-2.296875000000000000e+00
-9.062500000000000000e-01
-6.176757812500000000e-02
4.531250000000000000e-01
-2.453125000000000000e+00
-1.079101562500000000e-01
-3.808593750000000000e-01
5.156250000000000000e-01
1.093750000000000000e-01
-4.003906250000000000e-01
-5.117187500000000000e-01
-3.125000000000000000e-02
-2.080078125000000000e-01
-9.179687500000000000e-01
1.225585937500000000e-01
1.318359375000000000e-01
9.843750000000000000e-01
-5.664062500000000000e-01
1.396484375000000000e-01
-1.437500000000000000e+00
7.275390625000000000e-02
-9.179687500000000000e-01
-2.953125000000000000e+00
-1.435546875000000000e-01
5.039062500000000000e-01
-1.552734375000000000e-01
7.373046875000000000e-02
-3.390625000000000000e+00
-2.832031250000000000e-01
-1.039062500000000000e+00
-6.992187500000000000e-01
-2.484375000000000000e+00
1.132812500000000000e+00
-8.349609375000000000e-02
-1.601562500000000000e+00
-5.898437500000000000e-01
-2.714843750000000000e-01
-2.558593750000000000e-01
-1.040039062500000000e-01
-7.773437500000000000e-01
2.734375000000000000e-01
-6.914062500000000000e-01
-5.937500000000000000e-01
4.003906250000000000e-01
1.945312500000000000e+00
2.062500000000000000e+00
-5.625000000000000000e-01
-1.687500000000000000e+00
-1.742187500000000000e+00
-2.046875000000000000e+00
9.619140625000000000e-02
-1.226562500000000000e+00
-2.421875000000000000e-01
-3.828125000000000000e+00
-4.375000000000000000e-01
-1.539062500000000000e+00
6.250000000000000000e-02
3.339843750000000000e-01
9.257812500000000000e-01
-8.867187500000000000e-01
5.004882812500000000e-02
-5.625000000000000000e-01
-8.242187500000000000e-01
-1.039062500000000000e+00
-6.289062500000000000e-01
-2.187500000000000000e-01
-5.585937500000000000e-01
2.714843750000000000e-01
8.125000000000000000e-01
-4.121093750000000000e-01
-1.570312500000000000e+00
-8.554687500000000000e-01
-2.519531250000000000e-01
-4.160156250000000000e-01
-1.039062500000000000e+00
-4.453125000000000000e-01
1.640625000000000000e-01
-2.001953125000000000e-01
-1.343750000000000000e+00
3.085937500000000000e-01
-2.546875000000000000e+00
4.746093750000000000e-01
-8.447265625000000000e-02
-9.218750000000000000e-01
-4.746093750000000000e-01
-3.437500000000000000e-01
3.457031250000000000e-01
1.484375000000000000e-01
-3.808593750000000000e-01
-1.279296875000000000e-01
2.421875000000000000e-01
-2.265625000000000000e-01
-7.187500000000000000e-01
7.382812500000000000e-01
2.500000000000000000e-01
-1.367187500000000000e+00
6.176757812500000000e-02
3.671875000000000000e-01
4.511718750000000000e-01
7.421875000000000000e-02
7.929687500000000000e-01
2.871093750000000000e-01
-4.418945312500000000e-02
1.757812500000000000e+00
1.351562500000000000e+00
-5.351562500000000000e-01
5.234375000000000000e-01
-3.261718750000000000e-01
1.476562500000000000e+00
-2.177734375000000000e-01
-3.105468750000000000e-01
1.273437500000000000e+00
-6.054687500000000000e-01
-2.294921875000000000e-01
-1.429687500000000000e+00
1.708984375000000000e-01
1.796875000000000000e-01
2.490234375000000000e-01
-1.242187500000000000e+00
1.611328125000000000e-01
-5.444335937500000000e-02
1.787109375000000000e-01
-3.339843750000000000e-01
6.640625000000000000e-02
3.491210937500000000e-02
1.474609375000000000e-01
1.710937500000000000e+00
-3.453125000000000000e+00
-6.289062500000000000e-01
-1.562500000000000000e+00
9.062500000000000000e-01
5.000000000000000000e-01
-1.257812500000000000e+00
-2.656250000000000000e-01
1.630859375000000000e-01
1.156250000000000000e+00
2.171875000000000000e+00
-1.414062500000000000e+00
-2.171875000000000000e+00
2.910156250000000000e-01
-3.062500000000000000e+00
-2.171875000000000000e+00
6.757812500000000000e-01
-2.099609375000000000e-01
4.140625000000000000e-01
-1.429687500000000000e+00
-1.289062500000000000e-01
-2.001953125000000000e-01
4.687500000000000000e-01
-1.132812500000000000e+00
4.156250000000000000e+00
-3.671875000000000000e-01
-1.117187500000000000e+00
7.187500000000000000e-01
-8.984375000000000000e-02
-2.656250000000000000e-01
-1.904296875000000000e-01
3.437500000000000000e-01
-1.945312500000000000e+00
2.343750000000000000e+00
-2.671875000000000000e+00
5.898437500000000000e-01
-3.546875000000000000e+00
1.718750000000000000e-01
-1.773437500000000000e+00
-3.765625000000000000e+00
2.265625000000000000e-01
7.929687500000000000e-01
-1.046875000000000000e+00
-2.753906250000000000e-01
2.304687500000000000e-01
-2.468750000000000000e+00
6.250000000000000000e-01
1.611328125000000000e-01
1.982421875000000000e-01
5.625000000000000000e-01
4.062500000000000000e-01
-3.613281250000000000e-01
2.624511718750000000e-02
-6.171875000000000000e-01
9.423828125000000000e-02
1.196289062500000000e-01
-4.042968750000000000e-01
-8.632812500000000000e-01
3.105468750000000000e-01
1.976562500000000000e+00
-2.000000000000000000e+00
