-2.234375000000000000e+00
2.753906250000000000e-01
-1.492187500000000000e+00
5.664062500000000000e-01
-4.785156250000000000e-01
1.007812500000000000e+00
5.742187500000000000e-01
3.437500000000000000e-01
-7.382812500000000000e-01
-1.218750000000000000e+00
6.601562500000000000e-01
8.945312500000000000e-01
1.414062500000000000e+00
1.611328125000000000e-01
4.472656250000000000e-01
-4.296875000000000000e-02
6.601562500000000000e-01
2.792968750000000000e-01
-9.882812500000000000e-01
-9.570312500000000000e-01
-4.472656250000000000e-01
2.796875000000000000e+00
-5.531250000000000000e+00
-4.316406250000000000e-01
3.886718750000000000e-01
-9.521484375000000000e-02
-3.750000000000000000e+00
-1.085937500000000000e+00
6.988525390625000000e-03
-8.437500000000000000e-01
4.941406250000000000e-01
2.125000000000000000e+00
6.289062500000000000e-01
-6.289062500000000000e-01
-2.187500000000000000e-01
-1.312500000000000000e+00
1.320312500000000000e+00
-7.304687500000000000e-01
-2.304687500000000000e-01
-5.273437500000000000e-01
-4.316406250000000000e-01
9.570312500000000000e-01
7.304687500000000000e-01
-1.074218750000000000e-01
-1.562500000000000000e+00
7.656250000000000000e-01
1.023437500000000000e+00
9.521484375000000000e-02
1.156250000000000000e+00
1.552734375000000000e-01
-3.339843750000000000e-01
-1.320312500000000000e+00
1.851562500000000000e+00
-2.255859375000000000e-01
4.238281250000000000e-01
-7.148437500000000000e-01
2.695312500000000000e-01
-3.796875000000000000e+00
2.373046875000000000e-01
2.871093750000000000e-01
-6.601562500000000000e-01
6.640625000000000000e-01
-2.871093750000000000e-01
1.250000000000000000e+00
1.210937500000000000e+00
2.021484375000000000e-01
2.304687500000000000e-01
-1.166992187500000000e-01
3.125000000000000000e-01
4.609375000000000000e-01
-1.226562500000000000e+00
9.882812500000000000e-01
2.275390625000000000e-01
-1.343750000000000000e+00
2.375000000000000000e+00
1.179687500000000000e+00
1.179687500000000000e+00
9.726562500000000000e-01
9.257812500000000000e-01
1.269531250000000000e-02
2.000000000000000000e+00
2.333984375000000000e-01
-1.164062500000000000e+00
-7.539062500000000000e-01
-1.687500000000000000e+00
9.804687500000000000e-01
-1.242187500000000000e+00
4.687500000000000000e-01
1.904296875000000000e-01
-2.000000000000000000e+00
-4.824218750000000000e-01
9.179687500000000000e-01
-3.847656250000000000e-01
-1.796875000000000000e-01
1.601562500000000000e+00
-4.902343750000000000e-01
-1.234375000000000000e+00
3.730468750000000000e-01
-1.375000000000000000e+00
9.414062500000000000e-01
-2.949218750000000000e-01
-1.789062500000000000e+00
-5.390625000000000000e-01
1.656250000000000000e+00
4.062500000000000000e-01
8.789062500000000000e-01
-1.660156250000000000e-01
1.750000000000000000e+00
-1.210937500000000000e+00
-4.003906250000000000e-01
8.164062500000000000e-01
-5.429687500000000000e-01
1.664062500000000000e+00
-1.171875000000000000e-01
-4.746093750000000000e-01
1.054687500000000000e+00
2.687500000000000000e+00
-6.523437500000000000e-01
-1.601562500000000000e+00
-2.490234375000000000e-01
-8.242187500000000000e-01
-1.398437500000000000e+00
-1.611328125000000000e-01
6.523437500000000000e-01
1.070312500000000000e+00
1.696777343750000000e-02
1.164062500000000000e+00
5.898437500000000000e-01
6.640625000000000000e-01
6.757812500000000000e-01
1.820312500000000000e+00
9.726562500000000000e-01
3.261718750000000000e-01
-9.804687500000000000e-01
-2.562500000000000000e+00
-1.157226562500000000e-01
-3.652343750000000000e-01
-1.108398437500000000e-01
1.132812500000000000e+00
-1.195312500000000000e+00
-9.882812500000000000e-01
2.093750000000000000e+00
9.062500000000000000e-01
1.147460937500000000e-01
8.320312500000000000e-01
-4.375000000000000000e-01
-1.148437500000000000e+00
-9.062500000000000000e-01
4.531250000000000000e-01
6.601562500000000000e-01
-1.710937500000000000e+00
-3.964843750000000000e-01
-1.187500000000000000e+00
-3.691406250000000000e-01
-1.320312500000000000e+00
-3.453125000000000000e+00
-3.964843750000000000e-01
-5.117187500000000000e-01
1.904296875000000000e-01
-1.132812500000000000e+00
-5.117187500000000000e-01
-1.539062500000000000e+00
3.535156250000000000e-01
-2.890625000000000000e+00
-4.941406250000000000e-01
6.679687500000000000e-01
-1.070312500000000000e+00
-1.127929687500000000e-01
2.046875000000000000e+00
-3.535156250000000000e-01
6.601562500000000000e-01
-4.511718750000000000e-01
1.242187500000000000e+00
5.117187500000000000e-01
-3.063964843750000000e-02
8.437500000000000000e-01
-3.964843750000000000e-01
1.476562500000000000e+00
1.585937500000000000e+00
5.546875000000000000e-01
-1.804687500000000000e+00
6.601562500000000000e-01
2.714843750000000000e-01
-3.125000000000000000e-01
7.968750000000000000e-01
6.914062500000000000e-01
7.070312500000000000e-01
5.664062500000000000e-01
-7.773437500000000000e-01
3.691406250000000000e-01
7.812500000000000000e-01
-6.718750000000000000e-01
4.472656250000000000e-01
1.156250000000000000e+00
4.433593750000000000e-01
-2.625000000000000000e+00
2.070312500000000000e-01
-3.171875000000000000e+00
-1.226562500000000000e+00
-7.460937500000000000e-01
3.359375000000000000e-01
-2.109375000000000000e+00
-1.718750000000000000e-01
-6.367187500000000000e-01
2.792968750000000000e-01
3.105468750000000000e-01
6.875000000000000000e-01
-1.195312500000000000e+00
3.828125000000000000e-01
1.015625000000000000e-01
-1.210937500000000000e+00
3.515625000000000000e-01
-1.125000000000000000e+00
1.054687500000000000e+00
-7.539062500000000000e-01
6.250000000000000000e-01
-1.039062500000000000e+00
6.562500000000000000e-01
2.451171875000000000e-01
-3.375000000000000000e+00
-8.632812500000000000e-01
2.365112304687500000e-03
2.871093750000000000e-01
1.147460937500000000e-01
-4.093750000000000000e+00
-1.039062500000000000e+00
-3.906250000000000000e-01
-1.843750000000000000e+00
-2.500000000000000000e+00
1.054687500000000000e+00
-5.664062500000000000e-01
-1.242187500000000000e+00
-1.617187500000000000e+00
-9.912109375000000000e-02
-4.355468750000000000e-01
-1.507812500000000000e+00
-1.875000000000000000e-01
6.992187500000000000e-01
-1.343750000000000000e+00
-1.460937500000000000e+00
1.117187500000000000e+00
1.492187500000000000e+00
2.375000000000000000e+00
-8.398437500000000000e-01
-5.351562500000000000e-01
-1.023437500000000000e+00
-1.296875000000000000e+00
-6.289062500000000000e-01
-5.742187500000000000e-01
-1.562500000000000000e+00
-4.468750000000000000e+00
-1.101562500000000000e+00
-1.570312500000000000e+00
-1.031250000000000000e+00
8.750000000000000000e-01
4.843750000000000000e-01
-1.492187500000000000e+00
-7.929687500000000000e-01
-4.589843750000000000e-01
-6.445312500000000000e-01
-7.304687500000000000e-01
3.691406250000000000e-01
-1.039062500000000000e+00
-9.335937500000000000e-01
7.695312500000000000e-01
5.703125000000000000e-01
-7.968750000000000000e-01
-8.164062500000000000e-01
-1.010742187500000000e-01
-1.460937500000000000e+00
-1.132812500000000000e+00
-9.375000000000000000e-01
-9.179687500000000000e-01
5.156250000000000000e-01
-2.792968750000000000e-01
-2.171875000000000000e+00
6.289062500000000000e-01
-2.687500000000000000e+00
6.484375000000000000e-01
1.386718750000000000e-01
-2.314453125000000000e-01
-1.507812500000000000e+00
7.929687500000000000e-01
-5.429687500000000000e-01
6.875000000000000000e-01
-3.144531250000000000e-01
3.637695312500000000e-02
5.234375000000000000e-01
-5.585937500000000000e-01
-9.335937500000000000e-01
1.062500000000000000e+00
6.601562500000000000e-01
-7.382812500000000000e-01
7.929687500000000000e-01
-6.757812500000000000e-01
1.250000000000000000e+00
3.691406250000000000e-01
5.468750000000000000e-01
6.679687500000000000e-01
5.078125000000000000e-02
1.414062500000000000e+00
1.226562500000000000e+00
-2.988281250000000000e-01
1.062500000000000000e+00
-1.239013671875000000e-02
1.710937500000000000e+00
-1.031250000000000000e+00
-1.492187500000000000e+00
1.257812500000000000e+00
-1.210937500000000000e-01
6.127929687500000000e-02
-3.457031250000000000e-01
6.875000000000000000e-01
6.210937500000000000e-01
4.531250000000000000e-01
-1.179687500000000000e+00
-1.351562500000000000e+00
1.269531250000000000e-01
2.539062500000000000e-01
-9.882812500000000000e-01
-9.492187500000000000e-01
2.031250000000000000e-01
8.125000000000000000e-01
1.414062500000000000e+00
-3.828125000000000000e+00
-1.023437500000000000e+00
-6.914062500000000000e-01
6.562500000000000000e-01
6.718750000000000000e-01
-1.164062500000000000e+00
3.144531250000000000e-01
9.414062500000000000e-01
1.093750000000000000e+00
1.750000000000000000e+00
-1.695312500000000000e+00
-3.953125000000000000e+00
1.157226562500000000e-01
-3.375000000000000000e+00
-1.726562500000000000e+00
4.394531250000000000e-01
-1.257812500000000000e+00
7.851562500000000000e-01
-8.984375000000000000e-02
2.558593750000000000e-01
-1.085937500000000000e+00
1.015625000000000000e+00
-6.298828125000000000e-02
3.703125000000000000e+00
-1.320312500000000000e+00
-1.335937500000000000e+00
-8.125000000000000000e-01
1.434326171875000000e-02
-1.826171875000000000e-01
-1.494140625000000000e-01
-2.070312500000000000e-01
-1.835937500000000000e+00
2.328125000000000000e+00
-2.921875000000000000e+00
-5.859375000000000000e-03
-4.656250000000000000e+00
-3.574218750000000000e-01
-9.179687500000000000e-01
-4.375000000000000000e+00
3.515625000000000000e-01
8.750000000000000000e-01
-1.826171875000000000e-01
-7.421875000000000000e-02
-6.093750000000000000e-01
-2.000000000000000000e+00
8.750000000000000000e-01
-8.398437500000000000e-02
-1.070312500000000000e+00
8.125000000000000000e-01
2.812500000000000000e-01
-2.412109375000000000e-01
4.589843750000000000e-01
-3.437500000000000000e-01
4.316406250000000000e-01
-5.195312500000000000e-01
-7.226562500000000000e-01
-9.687500000000000000e-01
4.785156250000000000e-01
1.820312500000000000e+00
-1.898437500000000000e+00
