1.400000000000000000e+01
-2.812500000000000000e-01
-3.890625000000000000e+00
5.406250000000000000e+00
-4.921875000000000000e-01
4.589843750000000000e-01
3.750000000000000000e+00
4.093750000000000000e+00
-1.507812500000000000e+00
-1.718750000000000000e+00
4.281250000000000000e+00
2.218750000000000000e+00
3.375000000000000000e+00
1.242187500000000000e+00
5.093750000000000000e+00
3.500000000000000000e+00
-4.500000000000000000e+00
4.125000000000000000e+00
1.300000000000000000e+01
-2.000000000000000000e+00
-1.210937500000000000e+00
2.203125000000000000e+00
2.937500000000000000e+00
-1.273437500000000000e+00
4.531250000000000000e+00
3.796875000000000000e+00
3.546875000000000000e+00
-6.601562500000000000e-01
6.132812500000000000e-01
-3.421875000000000000e+00
8.500000000000000000e+00
-2.828125000000000000e+00
5.843750000000000000e+00
-2.093750000000000000e+00
-1.023437500000000000e+00
-2.328125000000000000e+00
7.929687500000000000e-01
-3.886718750000000000e-01
3.500000000000000000e+00
-3.500000000000000000e+00
-7.187500000000000000e-01
8.312500000000000000e+00
2.187500000000000000e+00
-2.109375000000000000e+00
-1.304687500000000000e+00
2.875000000000000000e+00
1.750000000000000000e+00
-1.101562500000000000e+00
6.250000000000000000e-01
7.593750000000000000e+00
-4.746093750000000000e-01
-1.789062500000000000e+00
2.968750000000000000e-01
-3.250000000000000000e+00
6.156250000000000000e+00
9.875000000000000000e+00
-3.671875000000000000e+00
1.081250000000000000e+01
1.007812500000000000e+00
3.437500000000000000e+00
-1.187500000000000000e+00
2.187500000000000000e+00
2.138671875000000000e-01
7.343750000000000000e+00
3.703125000000000000e+00
-1.476562500000000000e+00
7.656250000000000000e+00
-6.835937500000000000e-01
1.434326171875000000e-02
-7.148437500000000000e-01
-1.960937500000000000e+00
2.812500000000000000e+00
-2.558593750000000000e-01
-3.828125000000000000e+00
1.343750000000000000e+00
-5.625000000000000000e+00
6.750000000000000000e+00
2.750000000000000000e+00
6.156250000000000000e+00
1.523437500000000000e+00
4.156250000000000000e+00
4.343750000000000000e+00
-1.273437500000000000e+00
-1.234375000000000000e+00
-5.750000000000000000e+00
1.070312500000000000e+00
1.031250000000000000e+01
7.000000000000000000e+00
3.703125000000000000e+00
-1.562500000000000000e+00
-1.812500000000000000e+00
9.414062500000000000e-01
-6.593750000000000000e+00
1.904296875000000000e-01
-2.109375000000000000e+00
-2.703125000000000000e+00
1.625000000000000000e+01
4.500000000000000000e+00
-2.421875000000000000e-01
1.601562500000000000e+00
9.687500000000000000e+00
-1.726562500000000000e+00
-3.328125000000000000e+00
2.640625000000000000e+00
9.062500000000000000e+00
6.656250000000000000e+00
-1.132812500000000000e+00
2.328125000000000000e+00
-1.117187500000000000e+00
-1.093750000000000000e+00
9.000000000000000000e+00
-2.109375000000000000e+00
-1.157226562500000000e-01
-1.851562500000000000e+00
-1.320312500000000000e+00
6.406250000000000000e+00
-5.375000000000000000e+00
-3.171875000000000000e+00
-1.273437500000000000e+00
-1.476562500000000000e+00
-2.859375000000000000e+00
-1.320312500000000000e+00
-2.875000000000000000e+00
4.531250000000000000e+00
1.742187500000000000e+00
4.593750000000000000e+00
4.843750000000000000e+00
1.025000000000000000e+01
6.093750000000000000e+00
1.062500000000000000e+00
9.843750000000000000e-01
-3.000000000000000000e+00
3.484375000000000000e+00
-2.484375000000000000e+00
8.187500000000000000e+00
-1.273437500000000000e+00
-6.875000000000000000e-01
7.343750000000000000e+00
4.375000000000000000e+00
-2.437500000000000000e+00
-5.312500000000000000e-01
-7.500000000000000000e-01
6.500000000000000000e+00
3.125000000000000000e+00
5.968750000000000000e+00
-1.945312500000000000e+00
1.131250000000000000e+01
-2.859375000000000000e+00
6.500000000000000000e+00
5.906250000000000000e+00
1.368750000000000000e+01
-9.960937500000000000e-01
-1.867187500000000000e+00
1.687500000000000000e+00
-8.593750000000000000e-01
7.625000000000000000e+00
-1.750000000000000000e+00
-1.000000000000000000e+00
2.675781250000000000e-01
-1.812500000000000000e+00
-9.335937500000000000e-01
3.390625000000000000e+00
3.171875000000000000e+00
3.640625000000000000e+00
-4.082031250000000000e-01
8.562500000000000000e+00
-1.460937500000000000e+00
5.781250000000000000e-01
2.828125000000000000e+00
-3.953125000000000000e+00
2.265625000000000000e+00
-1.687500000000000000e+00
7.250000000000000000e+00
6.750000000000000000e+00
-6.992187500000000000e-01
6.250000000000000000e+00
3.535156250000000000e-01
4.593750000000000000e+00
6.484375000000000000e-01
5.281250000000000000e+00
8.000000000000000000e+00
6.781250000000000000e+00
-2.171875000000000000e+00
-1.757812500000000000e+00
-1.320312500000000000e+00
1.012500000000000000e+01
3.328125000000000000e+00
1.335937500000000000e+00
-4.277343750000000000e-01
2.484375000000000000e+00
5.406250000000000000e+00
-1.625000000000000000e+00
6.406250000000000000e+00
6.500000000000000000e+00
3.375000000000000000e+00
1.025000000000000000e+01
8.740234375000000000e-02
1.068750000000000000e+01
-1.593750000000000000e+00
-1.125000000000000000e+00
1.687500000000000000e+00
9.687500000000000000e+00
-1.250000000000000000e+00
-1.773437500000000000e+00
5.351562500000000000e-01
7.906250000000000000e+00
-4.718750000000000000e+00
-2.171875000000000000e+00
5.500000000000000000e+00
6.250000000000000000e+00
-1.750000000000000000e+00
6.406250000000000000e+00
-1.242187500000000000e+00
2.640625000000000000e+00
-1.007812500000000000e+00
1.018750000000000000e+01
9.312500000000000000e+00
4.718750000000000000e+00
-3.765625000000000000e+00
1.093750000000000000e+01
-1.023437500000000000e+00
1.312500000000000000e+00
2.312500000000000000e+00
-2.832031250000000000e-01
6.468750000000000000e+00
-3.171875000000000000e+00
-1.187500000000000000e+00
-2.109375000000000000e+00
5.750000000000000000e+00
2.812500000000000000e+00
-2.312500000000000000e+00
1.300000000000000000e+01
1.081250000000000000e+01
-3.574218750000000000e-01
2.792968750000000000e-01
-1.039062500000000000e+00
-2.597656250000000000e-01
3.812500000000000000e+00
-3.984375000000000000e+00
-1.093750000000000000e+00
5.250000000000000000e+00
2.109375000000000000e-01
-8.062500000000000000e+00
1.937500000000000000e+00
-5.664062500000000000e-01
-1.210937500000000000e+00
-2.753906250000000000e-01
-1.826171875000000000e-01
-1.226562500000000000e+00
-1.445312500000000000e+00
8.812500000000000000e+00
-2.859375000000000000e+00
1.318750000000000000e+01
-1.218750000000000000e+00
4.406250000000000000e+00
1.718750000000000000e+00
-2.953125000000000000e+00
-4.593750000000000000e+00
-2.421875000000000000e+00
-1.726562500000000000e+00
-3.125000000000000000e+00
-3.109375000000000000e+00
-1.257812500000000000e+00
4.277343750000000000e-01
1.023437500000000000e+00
1.796875000000000000e-01
-2.796875000000000000e+00
-1.093750000000000000e+00
9.228515625000000000e-02
-1.320312500000000000e+00
-2.125000000000000000e+00
-8.056640625000000000e-02
-1.914062500000000000e+00
4.031250000000000000e+00
-1.148437500000000000e+00
4.531250000000000000e+00
6.906250000000000000e+00
1.100000000000000000e+01
4.531250000000000000e+00
7.218750000000000000e+00
5.375000000000000000e+00
-9.414062500000000000e-01
-1.171875000000000000e+00
-1.023437500000000000e+00
-7.812500000000000000e-01
-3.183593750000000000e-01
3.921875000000000000e+00
3.750000000000000000e+00
-1.296875000000000000e+00
-2.468750000000000000e+00
2.078125000000000000e+00
4.250000000000000000e+00
-5.250000000000000000e+00
7.500000000000000000e-01
-1.234375000000000000e+00
4.218750000000000000e+00
5.281250000000000000e+00
-1.125000000000000000e+00
5.031250000000000000e+00
1.835937500000000000e+00
1.851562500000000000e+00
-9.648437500000000000e-01
1.168750000000000000e+01
6.750000000000000000e+00
4.937500000000000000e+00
4.000000000000000000e+00
-1.031250000000000000e+00
9.687500000000000000e+00
5.507812500000000000e-01
9.960937500000000000e-02
4.500000000000000000e+00
-2.234375000000000000e+00
6.054687500000000000e-01
5.500000000000000000e+00
3.546875000000000000e+00
-3.000000000000000000e+00
-1.007812500000000000e+00
7.156250000000000000e+00
5.000000000000000000e+00
-2.187500000000000000e+00
-2.562500000000000000e+00
5.500000000000000000e+00
5.656250000000000000e+00
2.265625000000000000e+00
2.421875000000000000e+00
-2.437500000000000000e+00
-2.558593750000000000e-01
-5.039062500000000000e-01
2.203125000000000000e+00
-3.500000000000000000e+00
2.031250000000000000e+00
2.812500000000000000e+00
4.687500000000000000e+00
2.625000000000000000e+00
-3.921875000000000000e+00
4.750000000000000000e+00
-3.535156250000000000e-01
1.093750000000000000e+01
1.882812500000000000e+00
-1.687500000000000000e+00
-1.687500000000000000e+00
5.718750000000000000e+00
4.218750000000000000e+00
4.812500000000000000e+00
-1.179687500000000000e+00
8.187500000000000000e+00
-1.851562500000000000e+00
-6.445312500000000000e-01
-1.601562500000000000e+00
7.500000000000000000e-01
-9.023437500000000000e-01
5.593750000000000000e+00
-1.656250000000000000e+00
8.375000000000000000e+00
-1.007812500000000000e+00
3.812500000000000000e+00
-2.687500000000000000e+00
5.031250000000000000e+00
-1.460937500000000000e+00
2.484375000000000000e+00
-8.750000000000000000e-01
-2.000000000000000000e+00
5.125000000000000000e+00
7.000000000000000000e+00
2.921875000000000000e+00
-1.531250000000000000e+00
4.093750000000000000e+00
-1.437500000000000000e+00
-5.500000000000000000e+00
5.906250000000000000e+00
6.500000000000000000e+00
-9.687500000000000000e-01
4.312500000000000000e+00
1.081250000000000000e+01
-1.687500000000000000e+00
4.406250000000000000e+00
-2.000000000000000000e+00
2.546875000000000000e+00
8.750000000000000000e-01
-7.656250000000000000e-01
-3.109375000000000000e+00
5.781250000000000000e+00
-2.484375000000000000e+00
9.312500000000000000e+00
