-5.351562500000000000e-01
5.000000000000000000e-01
-2.109375000000000000e+00
1.437500000000000000e+00
-4.902343750000000000e-01
9.804687500000000000e-01
1.351562500000000000e+00
9.882812500000000000e-01
-1.195312500000000000e+00
-1.562500000000000000e+00
1.437500000000000000e+00
1.500000000000000000e+00
2.203125000000000000e+00
5.117187500000000000e-01
1.257812500000000000e+00
6.132812500000000000e-01
-4.121093750000000000e-01
1.007812500000000000e+00
3.574218750000000000e-01
-9.726562500000000000e-01
-1.757812500000000000e-01
2.578125000000000000e+00
-5.843750000000000000e+00
-7.773437500000000000e-01
1.164062500000000000e+00
6.523437500000000000e-01
-4.093750000000000000e+00
-9.414062500000000000e-01
2.675781250000000000e-01
-1.414062500000000000e+00
1.625000000000000000e+00
1.500000000000000000e+00
1.500000000000000000e+00
-5.273437500000000000e-01
-3.300781250000000000e-01
-1.710937500000000000e+00
7.695312500000000000e-01
-3.925781250000000000e-01
2.333984375000000000e-01
-5.937500000000000000e-01
-2.949218750000000000e-01
2.203125000000000000e+00
1.476562500000000000e+00
-6.679687500000000000e-01
-1.773437500000000000e+00
1.351562500000000000e+00
1.367187500000000000e+00
1.250000000000000000e-01
1.132812500000000000e+00
9.882812500000000000e-01
-3.535156250000000000e-01
-1.742187500000000000e+00
1.593750000000000000e+00
-1.257812500000000000e+00
1.312500000000000000e+00
2.871093750000000000e-01
3.085937500000000000e-01
-2.796875000000000000e+00
4.921875000000000000e-01
9.648437500000000000e-01
-5.781250000000000000e-01
1.257812500000000000e+00
-7.568359375000000000e-02
2.359375000000000000e+00
2.140625000000000000e+00
1.464843750000000000e-01
1.351562500000000000e+00
-8.837890625000000000e-02
4.609375000000000000e-01
1.070312500000000000e+00
-1.812500000000000000e+00
1.835937500000000000e+00
3.515625000000000000e-01
-1.625000000000000000e+00
2.562500000000000000e+00
2.558593750000000000e-01
2.515625000000000000e+00
1.476562500000000000e+00
2.125000000000000000e+00
1.494140625000000000e-01
2.687500000000000000e+00
9.179687500000000000e-01
-1.281250000000000000e+00
-1.007812500000000000e+00
-2.421875000000000000e+00
1.281250000000000000e+00
-2.392578125000000000e-01
1.500000000000000000e+00
7.304687500000000000e-01
-2.390625000000000000e+00
-4.687500000000000000e-01
1.507812500000000000e+00
-1.742187500000000000e+00
8.349609375000000000e-02
9.726562500000000000e-01
-1.031250000000000000e+00
1.078125000000000000e+00
1.218750000000000000e+00
-1.242187500000000000e+00
1.171875000000000000e+00
7.617187500000000000e-01
-1.875000000000000000e+00
-1.539062500000000000e+00
1.898437500000000000e+00
1.523437500000000000e+00
2.046875000000000000e+00
-2.373046875000000000e-01
1.976562500000000000e+00
-1.195312500000000000e+00
-2.021484375000000000e-01
2.171875000000000000e+00
-5.976562500000000000e-01
1.460937500000000000e+00
-5.000000000000000000e-01
-7.460937500000000000e-01
2.328125000000000000e+00
1.742187500000000000e+00
-1.093750000000000000e+00
-1.539062500000000000e+00
-6.289062500000000000e-01
-1.335937500000000000e+00
-1.742187500000000000e+00
-6.127929687500000000e-02
1.625000000000000000e+00
1.414062500000000000e+00
6.054687500000000000e-01
2.015625000000000000e+00
1.898437500000000000e+00
1.632812500000000000e+00
1.085937500000000000e+00
1.820312500000000000e+00
1.015625000000000000e+00
1.007812500000000000e+00
-1.156250000000000000e+00
-2.437500000000000000e+00
-3.339843750000000000e-01
-1.215820312500000000e-01
1.039062500000000000e+00
2.062500000000000000e+00
-1.593750000000000000e+00
-8.437500000000000000e-01
2.140625000000000000e+00
2.109375000000000000e+00
7.500000000000000000e-01
1.835937500000000000e+00
-6.445312500000000000e-01
4.863281250000000000e-01
-6.054687500000000000e-01
1.437500000000000000e+00
1.812500000000000000e+00
-7.812500000000000000e-03
-2.773437500000000000e-01
-1.429687500000000000e+00
-4.492187500000000000e-02
-1.281250000000000000e+00
-2.609375000000000000e+00
-4.238281250000000000e-01
-4.082031250000000000e-01
4.277343750000000000e-01
-1.101562500000000000e+00
-3.535156250000000000e-01
-1.195312500000000000e+00
8.320312500000000000e-01
-3.203125000000000000e+00
7.421875000000000000e-02
1.882812500000000000e+00
-1.445312500000000000e+00
-3.183593750000000000e-01
2.187500000000000000e+00
-1.171875000000000000e+00
1.328125000000000000e+00
-1.054687500000000000e+00
2.421875000000000000e+00
1.585937500000000000e+00
3.710937500000000000e-02
1.976562500000000000e+00
-1.455078125000000000e-01
2.109375000000000000e+00
1.171875000000000000e+00
1.500000000000000000e+00
-7.460937500000000000e-01
1.710937500000000000e+00
2.412109375000000000e-01
-2.148437500000000000e-01
1.148437500000000000e+00
2.015625000000000000e+00
1.468750000000000000e+00
8.789062500000000000e-01
-7.617187500000000000e-01
8.320312500000000000e-01
1.687500000000000000e+00
-5.507812500000000000e-01
1.281250000000000000e+00
2.375000000000000000e+00
1.250000000000000000e+00
-1.437500000000000000e+00
1.098632812500000000e-01
-2.234375000000000000e+00
-1.437500000000000000e+00
-1.031250000000000000e+00
6.875000000000000000e-01
-6.562500000000000000e-01
-2.197265625000000000e-01
-5.273437500000000000e-01
4.355468750000000000e-01
1.250000000000000000e+00
5.351562500000000000e-01
-1.414062500000000000e+00
1.335937500000000000e+00
9.804687500000000000e-01
-1.351562500000000000e+00
1.210937500000000000e+00
-1.335937500000000000e+00
1.562500000000000000e+00
-6.367187500000000000e-01
2.156250000000000000e+00
3.496093750000000000e-01
1.664062500000000000e+00
5.898437500000000000e-01
-2.093750000000000000e+00
-1.226562500000000000e+00
3.828125000000000000e-01
8.750000000000000000e-01
4.614257812500000000e-02
-3.765625000000000000e+00
-1.648437500000000000e+00
-5.039062500000000000e-01
-1.750000000000000000e+00
-1.726562500000000000e+00
1.679687500000000000e+00
-1.031250000000000000e+00
5.625000000000000000e-01
-6.875000000000000000e-01
1.757812500000000000e-02
-4.902343750000000000e-01
-1.539062500000000000e+00
1.196289062500000000e-01
1.554687500000000000e+00
-2.156250000000000000e+00
-1.601562500000000000e+00
2.250000000000000000e+00
1.093750000000000000e+00
1.320312500000000000e+00
5.346679687500000000e-02
-8.935546875000000000e-02
-9.570312500000000000e-01
-9.414062500000000000e-01
-6.445312500000000000e-01
-6.992187500000000000e-01
-1.585937500000000000e+00
-3.750000000000000000e+00
-1.539062500000000000e+00
1.435546875000000000e-01
-1.320312500000000000e+00
1.773437500000000000e+00
9.531250000000000000e-01
-1.750000000000000000e+00
-1.476562500000000000e+00
-4.433593750000000000e-01
-4.609375000000000000e-01
-8.320312500000000000e-01
2.392578125000000000e-01
-1.375000000000000000e+00
-3.828125000000000000e-01
1.257812500000000000e+00
4.609375000000000000e-01
-8.945312500000000000e-01
-7.773437500000000000e-01
1.425781250000000000e-01
-1.531250000000000000e+00
-1.078125000000000000e+00
-8.750000000000000000e-01
-1.117187500000000000e+00
1.179687500000000000e+00
-3.808593750000000000e-01
-2.171875000000000000e+00
1.601562500000000000e+00
-1.289062500000000000e+00
1.445312500000000000e+00
1.179687500000000000e+00
8.593750000000000000e-01
-1.507812500000000000e+00
8.710937500000000000e-01
-8.242187500000000000e-01
9.570312500000000000e-01
-4.140625000000000000e-01
5.546875000000000000e-01
1.242187500000000000e+00
-8.320312500000000000e-01
-1.226562500000000000e+00
1.562500000000000000e+00
1.468750000000000000e+00
-1.562500000000000000e+00
1.242187500000000000e+00
-9.492187500000000000e-01
2.078125000000000000e+00
1.085937500000000000e+00
6.679687500000000000e-01
1.351562500000000000e+00
4.277343750000000000e-01
1.500000000000000000e+00
1.046875000000000000e+00
1.375000000000000000e+00
2.171875000000000000e+00
7.617187500000000000e-01
2.453125000000000000e+00
-1.273437500000000000e+00
-7.304687500000000000e-01
1.226562500000000000e+00
-3.613281250000000000e-02
8.125000000000000000e-01
1.250000000000000000e-01
1.257812500000000000e+00
1.492187500000000000e+00
1.132812500000000000e+00
-1.351562500000000000e+00
-1.507812500000000000e+00
1.046875000000000000e+00
9.179687500000000000e-01
-1.398437500000000000e+00
-1.500000000000000000e+00
1.023437500000000000e+00
2.000000000000000000e+00
1.656250000000000000e+00
-3.765625000000000000e+00
-1.179687500000000000e+00
-2.470703125000000000e-01
8.007812500000000000e-01
1.179687500000000000e+00
-1.492187500000000000e+00
9.101562500000000000e-01
1.687500000000000000e+00
1.875000000000000000e+00
1.976562500000000000e+00
-2.328125000000000000e+00
-4.531250000000000000e+00
2.988281250000000000e-01
-2.218750000000000000e+00
-1.500000000000000000e+00
3.105468750000000000e-01
-1.812500000000000000e+00
1.851562500000000000e+00
8.945312500000000000e-01
9.492187500000000000e-01
-1.289062500000000000e+00
2.312500000000000000e+00
4.531250000000000000e-01
2.984375000000000000e+00
-1.289062500000000000e+00
-1.414062500000000000e+00
-1.117187500000000000e+00
7.773437500000000000e-01
-1.843261718750000000e-02
9.531250000000000000e-01
-3.750000000000000000e-01
-1.460937500000000000e+00
1.585937500000000000e+00
-2.281250000000000000e+00
-1.757812500000000000e-01
-5.156250000000000000e+00
-4.628906250000000000e-01
-9.648437500000000000e-01
-4.093750000000000000e+00
1.304687500000000000e+00
1.429687500000000000e+00
9.912109375000000000e-02
5.625000000000000000e-01
-1.328125000000000000e+00
-2.296875000000000000e+00
1.773437500000000000e+00
7.929687500000000000e-01
-8.945312500000000000e-01
1.632812500000000000e+00
1.585937500000000000e+00
-1.962890625000000000e-01
1.304687500000000000e+00
-4.082031250000000000e-01
9.375000000000000000e-01
-2.851562500000000000e-01
-1.007812500000000000e+00
-1.328125000000000000e+00
1.343750000000000000e+00
1.164062500000000000e+00
-6.367187500000000000e-01
