2.062500000000000000e+00
7.617187500000000000e-01
-2.625000000000000000e+00
2.015625000000000000e+00
-6.289062500000000000e-01
-4.843750000000000000e-01
1.210937500000000000e+00
1.289062500000000000e+00
-1.304687500000000000e+00
-2.031250000000000000e+00
1.625000000000000000e+00
1.773437500000000000e+00
2.312500000000000000e+00
5.351562500000000000e-01
1.664062500000000000e+00
6.992187500000000000e-01
-1.726562500000000000e+00
1.539062500000000000e+00
2.875000000000000000e+00
-7.812500000000000000e-02
-5.351562500000000000e-01
1.468750000000000000e+00
-4.937500000000000000e+00
-7.187500000000000000e-01
1.773437500000000000e+00
1.148437500000000000e+00
-3.500000000000000000e+00
-1.132812500000000000e+00
1.273437500000000000e+00
-2.234375000000000000e+00
2.703125000000000000e+00
-1.195312500000000000e+00
2.390625000000000000e+00
-1.257812500000000000e+00
-1.476562500000000000e+00
-1.898437500000000000e+00
-3.671875000000000000e-01
3.906250000000000000e-02
6.132812500000000000e-01
6.396484375000000000e-02
-5.742187500000000000e-01
3.203125000000000000e+00
2.187500000000000000e+00
-7.695312500000000000e-01
-2.234375000000000000e+00
9.375000000000000000e-01
1.085937500000000000e+00
8.437500000000000000e-01
2.617187500000000000e-01
1.960937500000000000e+00
5.468750000000000000e-01
-2.234375000000000000e+00
2.597656250000000000e-01
-1.601562500000000000e+00
2.328125000000000000e+00
1.937500000000000000e+00
7.343750000000000000e-01
-9.375000000000000000e-02
1.351562500000000000e+00
1.375000000000000000e+00
1.953125000000000000e-02
1.132812500000000000e+00
9.648437500000000000e-01
3.000000000000000000e+00
2.453125000000000000e+00
2.333984375000000000e-01
2.390625000000000000e+00
2.382812500000000000e-01
1.710937500000000000e+00
2.392578125000000000e-01
-2.109375000000000000e+00
1.023437500000000000e+00
1.070312500000000000e+00
-2.156250000000000000e+00
1.414062500000000000e+00
-2.640625000000000000e+00
3.109375000000000000e+00
1.093750000000000000e+00
2.750000000000000000e+00
7.343750000000000000e-01
2.406250000000000000e+00
1.179687500000000000e+00
-5.664062500000000000e-01
-6.367187500000000000e-01
-2.671875000000000000e+00
-1.572265625000000000e-01
1.085937500000000000e+00
2.234375000000000000e+00
7.812500000000000000e-01
-2.828125000000000000e+00
3.144531250000000000e-01
2.390625000000000000e+00
-2.156250000000000000e+00
1.023437500000000000e+00
-7.500000000000000000e-01
-2.171875000000000000e+00
3.500000000000000000e+00
1.695312500000000000e+00
-2.625000000000000000e+00
8.164062500000000000e-01
2.031250000000000000e+00
-2.203125000000000000e+00
-2.281250000000000000e+00
1.664062500000000000e+00
2.515625000000000000e+00
2.921875000000000000e+00
-6.992187500000000000e-01
1.273437500000000000e+00
-1.195312500000000000e+00
6.523437500000000000e-01
3.171875000000000000e+00
-2.296875000000000000e+00
4.550781250000000000e-01
6.757812500000000000e-01
-9.687500000000000000e-01
3.078125000000000000e+00
-8.867187500000000000e-01
-1.117187500000000000e+00
-1.632812500000000000e+00
-9.882812500000000000e-01
-2.187500000000000000e+00
-2.250000000000000000e+00
-7.187500000000000000e-01
1.507812500000000000e+00
9.218750000000000000e-01
8.398437500000000000e-01
2.375000000000000000e+00
3.171875000000000000e+00
2.296875000000000000e+00
8.242187500000000000e-01
6.640625000000000000e-01
1.757812500000000000e-02
1.210937500000000000e+00
-1.687500000000000000e+00
8.125000000000000000e-01
1.884765625000000000e-01
6.679687500000000000e-01
1.757812500000000000e+00
2.546875000000000000e+00
-2.078125000000000000e+00
-3.417968750000000000e-01
3.066406250000000000e-01
2.515625000000000000e+00
6.718750000000000000e-01
2.312500000000000000e+00
-1.562500000000000000e+00
2.109375000000000000e+00
-5.429687500000000000e-01
2.000000000000000000e+00
2.093750000000000000e+00
3.000000000000000000e+00
-5.937500000000000000e-01
-1.804687500000000000e+00
-7.460937500000000000e-01
-1.171875000000000000e+00
-3.437500000000000000e-01
-5.937500000000000000e-01
-6.054687500000000000e-02
-6.500244140625000000e-03
-1.937500000000000000e+00
4.511718750000000000e-01
7.695312500000000000e-01
1.375000000000000000e+00
-1.414062500000000000e+00
1.054687500000000000e+00
2.984375000000000000e+00
-1.851562500000000000e+00
2.714843750000000000e-01
1.476562500000000000e+00
-2.046875000000000000e+00
1.265625000000000000e+00
-3.066406250000000000e-01
3.171875000000000000e+00
2.390625000000000000e+00
4.296875000000000000e-01
2.828125000000000000e+00
8.750000000000000000e-01
2.015625000000000000e+00
-8.554687500000000000e-01
1.851562500000000000e+00
4.121093750000000000e-01
2.359375000000000000e+00
5.195312500000000000e-01
7.460937500000000000e-01
9.804687500000000000e-01
3.234375000000000000e+00
1.570312500000000000e+00
7.187500000000000000e-01
-7.617187500000000000e-01
9.414062500000000000e-01
1.960937500000000000e+00
-5.039062500000000000e-01
2.171875000000000000e+00
3.125000000000000000e+00
1.437500000000000000e+00
5.195312500000000000e-01
-5.039062500000000000e-01
-4.160156250000000000e-01
-1.539062500000000000e+00
-1.101562500000000000e+00
6.132812500000000000e-01
1.554687500000000000e+00
-1.031250000000000000e+00
-1.851562500000000000e+00
7.304687500000000000e-01
2.421875000000000000e+00
1.513671875000000000e-01
-1.601562500000000000e+00
2.015625000000000000e+00
1.914062500000000000e+00
-1.960937500000000000e+00
2.203125000000000000e+00
-1.898437500000000000e+00
8.906250000000000000e-01
-1.937500000000000000e+00
3.390625000000000000e+00
2.390625000000000000e+00
1.773437500000000000e+00
-1.539062500000000000e+00
-2.656250000000000000e-01
-1.039062500000000000e+00
8.554687500000000000e-01
9.882812500000000000e-01
3.750000000000000000e-01
-2.046875000000000000e+00
-2.328125000000000000e+00
5.898437500000000000e-01
-2.015625000000000000e+00
-6.875000000000000000e-01
4.785156250000000000e-01
-1.343750000000000000e+00
3.046875000000000000e+00
1.445312500000000000e+00
-7.617187500000000000e-01
2.087402343750000000e-02
-1.898437500000000000e+00
-1.679687500000000000e-01
1.273437500000000000e+00
-2.875000000000000000e+00
-2.390625000000000000e+00
2.812500000000000000e+00
6.093750000000000000e-01
-2.328125000000000000e+00
-4.785156250000000000e-01
5.664062500000000000e-01
-1.074218750000000000e-01
-5.507812500000000000e-01
-8.867187500000000000e-01
6.884765625000000000e-02
-1.851562500000000000e+00
-2.484375000000000000e+00
-2.359375000000000000e+00
1.804687500000000000e+00
-1.773437500000000000e+00
2.125000000000000000e+00
-2.373046875000000000e-01
-2.390625000000000000e+00
-2.453125000000000000e+00
-1.398437500000000000e+00
-1.507812500000000000e+00
-1.695312500000000000e+00
1.125000000000000000e+00
-1.687500000000000000e+00
-3.906250000000000000e-01
1.257812500000000000e+00
-3.046875000000000000e-01
-1.726562500000000000e+00
2.460937500000000000e-01
1.328125000000000000e+00
-1.664062500000000000e+00
-3.925781250000000000e-01
-2.753906250000000000e-01
-1.960937500000000000e+00
1.726562500000000000e+00
1.962890625000000000e-01
-4.140625000000000000e-01
2.609375000000000000e+00
8.476562500000000000e-01
1.750000000000000000e+00
1.648437500000000000e+00
1.625000000000000000e+00
-1.593750000000000000e+00
2.515625000000000000e+00
-9.687500000000000000e-01
1.960937500000000000e+00
-9.960937500000000000e-02
1.062500000000000000e+00
1.304687500000000000e+00
-5.859375000000000000e-01
-2.078125000000000000e+00
1.539062500000000000e+00
1.507812500000000000e+00
-8.632812500000000000e-01
1.335937500000000000e+00
-1.687500000000000000e+00
2.671875000000000000e+00
1.570312500000000000e+00
1.039062500000000000e+00
2.296875000000000000e+00
8.320312500000000000e-01
8.632812500000000000e-01
1.406250000000000000e-01
2.921875000000000000e+00
2.984375000000000000e+00
1.343750000000000000e+00
1.750000000000000000e+00
-1.148437500000000000e+00
8.085937500000000000e-01
4.042968750000000000e-01
1.023437500000000000e+00
1.382812500000000000e+00
3.730468750000000000e-01
1.148437500000000000e+00
2.078125000000000000e+00
1.125000000000000000e+00
-2.140625000000000000e+00
-2.140625000000000000e+00
2.015625000000000000e+00
1.218750000000000000e+00
-1.875000000000000000e+00
-2.812500000000000000e+00
1.570312500000000000e+00
2.265625000000000000e+00
1.289062500000000000e+00
-2.453125000000000000e+00
-2.078125000000000000e+00
-2.343750000000000000e-02
1.257812500000000000e+00
9.101562500000000000e-01
-2.390625000000000000e+00
1.132812500000000000e+00
2.125000000000000000e+00
1.664062500000000000e+00
1.304687500000000000e+00
-2.687500000000000000e+00
-3.515625000000000000e+00
5.156250000000000000e-01
3.027343750000000000e-01
4.082031250000000000e-01
3.847656250000000000e-01
-2.234375000000000000e+00
1.968750000000000000e+00
2.593750000000000000e+00
1.687500000000000000e+00
-1.203125000000000000e+00
3.296875000000000000e+00
-6.484375000000000000e-01
5.351562500000000000e-01
-1.570312500000000000e+00
4.160156250000000000e-01
-1.531250000000000000e+00
1.460937500000000000e+00
-3.535156250000000000e-01
2.078125000000000000e+00
-3.222656250000000000e-01
5.820312500000000000e-01
-8.007812500000000000e-01
-1.000000000000000000e+00
-3.691406250000000000e-01
-4.093750000000000000e+00
-5.351562500000000000e-01
3.378906250000000000e-01
-2.656250000000000000e+00
2.062500000000000000e+00
1.328125000000000000e+00
6.875000000000000000e-01
5.664062500000000000e-01
-1.531250000000000000e+00
-3.078125000000000000e+00
2.359375000000000000e+00
1.531250000000000000e+00
-1.179687500000000000e+00
1.812500000000000000e+00
3.000000000000000000e+00
-6.757812500000000000e-01
1.460937500000000000e+00
3.906250000000000000e-03
1.164062500000000000e+00
-6.445312500000000000e-01
-5.781250000000000000e-01
-2.265625000000000000e+00
2.000000000000000000e+00
4.218750000000000000e-01
1.132812500000000000e+00
