8.125000000000000000e-01
-2.753906250000000000e-01
-1.882812500000000000e+00
1.554687500000000000e+00
-5.195312500000000000e-01
7.968750000000000000e-01
1.226562500000000000e+00
9.375000000000000000e-01
-1.234375000000000000e+00
-1.312500000000000000e+00
1.429687500000000000e+00
1.437500000000000000e+00
1.726562500000000000e+00
4.902343750000000000e-01
1.406250000000000000e+00
7.617187500000000000e-01
-5.585937500000000000e-01
1.054687500000000000e+00
1.835937500000000000e+00
-9.257812500000000000e-01
-4.902343750000000000e-01
2.578125000000000000e+00
-3.937500000000000000e+00
-7.031250000000000000e-01
1.281250000000000000e+00
6.992187500000000000e-01
-2.203125000000000000e+00
-5.781250000000000000e-01
3.652343750000000000e-01
-1.429687500000000000e+00
2.109375000000000000e+00
9.843750000000000000e-01
1.789062500000000000e+00
-1.242187500000000000e+00
-4.375000000000000000e-01
-1.328125000000000000e+00
1.070312500000000000e+00
-6.289062500000000000e-01
4.003906250000000000e-01
-1.335937500000000000e+00
-5.346679687500000000e-02
2.500000000000000000e+00
1.171875000000000000e+00
-7.617187500000000000e-01
-1.226562500000000000e+00
1.257812500000000000e+00
1.148437500000000000e+00
-3.906250000000000000e-02
1.085937500000000000e+00
1.656250000000000000e+00
-3.339843750000000000e-01
-1.343750000000000000e+00
1.601562500000000000e+00
-1.054687500000000000e+00
1.679687500000000000e+00
1.343750000000000000e+00
-6.914062500000000000e-01
-1.226562500000000000e+00
7.187500000000000000e-01
1.000000000000000000e+00
-1.398437500000000000e+00
1.070312500000000000e+00
-2.087402343750000000e-02
2.375000000000000000e+00
1.687500000000000000e+00
-1.718750000000000000e-01
1.656250000000000000e+00
-4.687500000000000000e-01
2.597656250000000000e-01
5.507812500000000000e-01
-1.460937500000000000e+00
1.492187500000000000e+00
3.437500000000000000e-01
-2.203125000000000000e+00
2.000000000000000000e+00
-2.636718750000000000e-01
2.265625000000000000e+00
1.242187500000000000e+00
1.960937500000000000e+00
6.367187500000000000e-01
2.265625000000000000e+00
1.125000000000000000e+00
-1.437500000000000000e+00
-8.750000000000000000e-01
-2.484375000000000000e+00
1.054687500000000000e+00
1.000000000000000000e+00
1.750000000000000000e+00
8.632812500000000000e-01
-1.625000000000000000e+00
-7.070312500000000000e-01
1.054687500000000000e+00
-1.843750000000000000e+00
-2.609252929687500000e-03
8.281250000000000000e-01
-1.125000000000000000e+00
2.296875000000000000e+00
1.187500000000000000e+00
-6.093750000000000000e-01
1.039062500000000000e+00
1.679687500000000000e+00
-1.320312500000000000e+00
-1.210937500000000000e+00
1.664062500000000000e+00
2.250000000000000000e+00
2.234375000000000000e+00
-3.828125000000000000e-01
1.718750000000000000e+00
-1.039062500000000000e+00
-5.351562500000000000e-01
2.484375000000000000e+00
-8.554687500000000000e-01
1.257812500000000000e+00
-9.687500000000000000e-01
-7.343750000000000000e-01
2.171875000000000000e+00
1.000000000000000000e+00
-1.414062500000000000e+00
-1.273437500000000000e+00
-3.828125000000000000e-01
-1.664062500000000000e+00
-9.804687500000000000e-01
-4.472656250000000000e-01
1.539062500000000000e+00
1.343750000000000000e+00
8.593750000000000000e-01
1.875000000000000000e+00
2.578125000000000000e+00
1.718750000000000000e+00
9.726562500000000000e-01
1.593750000000000000e+00
2.949218750000000000e-01
1.054687500000000000e+00
-1.304687500000000000e+00
-7.304687500000000000e-01
-3.652343750000000000e-01
-3.437500000000000000e-01
1.460937500000000000e+00
1.875000000000000000e+00
-2.156250000000000000e+00
-6.757812500000000000e-01
1.625000000000000000e+00
2.093750000000000000e+00
8.242187500000000000e-01
1.867187500000000000e+00
-6.992187500000000000e-01
1.195312500000000000e+00
-1.312500000000000000e+00
1.773437500000000000e+00
1.851562500000000000e+00
1.125000000000000000e+00
-4.296875000000000000e-01
-1.335937500000000000e+00
0.000000000000000000e+00
-8.554687500000000000e-01
-1.343750000000000000e+00
-9.023437500000000000e-01
-9.843750000000000000e-01
1.416015625000000000e-01
-1.156250000000000000e+00
-4.199218750000000000e-01
-7.968750000000000000e-01
1.125000000000000000e+00
-1.476562500000000000e+00
-2.910156250000000000e-01
2.328125000000000000e+00
-1.460937500000000000e+00
5.468750000000000000e-02
2.062500000000000000e+00
-1.140625000000000000e+00
1.054687500000000000e+00
-7.773437500000000000e-01
2.484375000000000000e+00
1.843750000000000000e+00
1.865234375000000000e-01
1.945312500000000000e+00
2.868652343750000000e-02
2.140625000000000000e+00
1.468750000000000000e+00
1.460937500000000000e+00
-2.600097656250000000e-02
1.843750000000000000e+00
-3.515625000000000000e-02
-4.746093750000000000e-01
4.589843750000000000e-01
2.703125000000000000e+00
1.265625000000000000e+00
6.132812500000000000e-01
-7.656250000000000000e-01
9.492187500000000000e-01
1.648437500000000000e+00
-1.007812500000000000e+00
1.625000000000000000e+00
2.312500000000000000e+00
1.156250000000000000e+00
-3.750000000000000000e-01
1.206054687500000000e-01
-5.898437500000000000e-01
-1.179687500000000000e+00
-6.054687500000000000e-01
6.289062500000000000e-01
1.562500000000000000e-01
-3.378906250000000000e-01
-6.875000000000000000e-01
7.460937500000000000e-01
1.820312500000000000e+00
-8.710937500000000000e-01
-1.164062500000000000e+00
1.523437500000000000e+00
1.289062500000000000e+00
-1.250000000000000000e+00
1.632812500000000000e+00
-1.085937500000000000e+00
1.304687500000000000e+00
-7.031250000000000000e-01
2.656250000000000000e+00
8.867187500000000000e-01
1.468750000000000000e+00
-9.326171875000000000e-02
-6.054687500000000000e-01
-9.062500000000000000e-01
5.429687500000000000e-01
7.226562500000000000e-01
1.464843750000000000e-02
-2.250000000000000000e+00
-1.492187500000000000e+00
-5.351562500000000000e-01
-1.148437500000000000e+00
-1.179687500000000000e+00
1.476562500000000000e+00
-6.679687500000000000e-01
1.460937500000000000e+00
8.320312500000000000e-01
-9.179687500000000000e-02
-4.218750000000000000e-01
-1.054687500000000000e+00
-8.007812500000000000e-01
1.304687500000000000e+00
-2.109375000000000000e+00
-1.187500000000000000e+00
2.046875000000000000e+00
1.062500000000000000e+00
4.843750000000000000e-01
-2.597656250000000000e-01
-3.417968750000000000e-01
-8.632812500000000000e-01
-6.093750000000000000e-01
-4.140625000000000000e-01
-5.937500000000000000e-01
-1.117187500000000000e+00
-2.078125000000000000e+00
-1.476562500000000000e+00
1.414062500000000000e+00
-1.085937500000000000e+00
1.539062500000000000e+00
9.843750000000000000e-01
-1.742187500000000000e+00
-1.523437500000000000e+00
-8.164062500000000000e-01
-9.531250000000000000e-01
-1.523437500000000000e+00
-8.242187500000000000e-01
-1.226562500000000000e+00
-7.851562500000000000e-01
1.007812500000000000e+00
5.039062500000000000e-01
-1.375000000000000000e+00
-7.773437500000000000e-01
9.094238281250000000e-03
-1.023437500000000000e+00
-6.875000000000000000e-01
-6.679687500000000000e-01
-1.101562500000000000e+00
1.414062500000000000e+00
-5.937500000000000000e-01
-6.210937500000000000e-01
1.851562500000000000e+00
-1.982421875000000000e-01
1.562500000000000000e+00
1.593750000000000000e+00
9.531250000000000000e-01
-9.179687500000000000e-01
-8.483886718750000000e-03
-6.718750000000000000e-01
4.121093750000000000e-01
-3.066406250000000000e-01
7.187500000000000000e-01
1.179687500000000000e+00
-8.437500000000000000e-01
-1.375000000000000000e+00
1.242187500000000000e+00
1.382812500000000000e+00
-1.562500000000000000e+00
9.062500000000000000e-01
-8.593750000000000000e-01
1.937500000000000000e+00
1.210937500000000000e+00
4.160156250000000000e-01
1.554687500000000000e+00
6.875000000000000000e-01
1.335937500000000000e+00
8.242187500000000000e-01
2.156250000000000000e+00
2.281250000000000000e+00
9.179687500000000000e-01
2.234375000000000000e+00
-1.031250000000000000e+00
6.718750000000000000e-01
8.750000000000000000e-01
-1.953125000000000000e-01
1.023437500000000000e+00
-4.121093750000000000e-01
9.804687500000000000e-01
1.687500000000000000e+00
1.164062500000000000e+00
-1.882812500000000000e+00
-1.148437500000000000e+00
1.531250000000000000e+00
1.140625000000000000e+00
-1.164062500000000000e+00
-1.601562500000000000e+00
1.171875000000000000e+00
1.898437500000000000e+00
1.468750000000000000e+00
-2.578125000000000000e+00
-1.445312500000000000e+00
-6.914062500000000000e-01
9.804687500000000000e-01
9.492187500000000000e-01
-1.914062500000000000e+00
7.812500000000000000e-01
1.500000000000000000e+00
1.726562500000000000e+00
1.898437500000000000e+00
-2.312500000000000000e+00
-2.171875000000000000e+00
3.203125000000000000e-01
-6.875000000000000000e-01
-8.632812500000000000e-01
-1.079101562500000000e-01
-1.250000000000000000e+00
1.812500000000000000e+00
7.187500000000000000e-01
1.218750000000000000e+00
-1.093750000000000000e+00
2.421875000000000000e+00
-2.597656250000000000e-01
2.625000000000000000e+00
-1.125000000000000000e+00
-9.687500000000000000e-01
-8.085937500000000000e-01
1.093750000000000000e+00
-1.845703125000000000e-01
1.570312500000000000e+00
-3.964843750000000000e-01
-7.617187500000000000e-01
1.343750000000000000e+00
-1.500000000000000000e+00
-6.015625000000000000e-01
-3.187500000000000000e+00
-2.910156250000000000e-01
-9.726562500000000000e-01
-2.625000000000000000e+00
1.687500000000000000e+00
1.242187500000000000e+00
-2.597656250000000000e-01
7.695312500000000000e-01
-7.382812500000000000e-01
-2.578125000000000000e+00
1.773437500000000000e+00
1.375000000000000000e+00
-7.187500000000000000e-01
1.476562500000000000e+00
2.484375000000000000e+00
-5.312500000000000000e-01
1.351562500000000000e+00
-8.554687500000000000e-01
9.062500000000000000e-01
4.418945312500000000e-02
-8.906250000000000000e-01
-1.851562500000000000e+00
1.648437500000000000e+00
9.570312500000000000e-01
1.357421875000000000e-01
