3.015625000000000000e+00
8.476562500000000000e-01
-2.562500000000000000e+00
2.140625000000000000e+00
-6.757812500000000000e-01
-3.964843750000000000e-01
1.242187500000000000e+00
1.562500000000000000e+00
-1.039062500000000000e+00
-1.945312500000000000e+00
1.656250000000000000e+00
1.476562500000000000e+00
2.312500000000000000e+00
4.628906250000000000e-01
1.773437500000000000e+00
7.812500000000000000e-01
-1.804687500000000000e+00
1.601562500000000000e+00
3.671875000000000000e+00
-3.574218750000000000e-01
-7.656250000000000000e-01
1.585937500000000000e+00
-4.312500000000000000e+00
-5.273437500000000000e-01
1.750000000000000000e+00
1.187500000000000000e+00
-2.953125000000000000e+00
-1.492187500000000000e+00
1.015625000000000000e+00
-2.187500000000000000e+00
2.937500000000000000e+00
-1.257812500000000000e+00
2.437500000000000000e+00
-1.242187500000000000e+00
-1.554687500000000000e+00
-2.000000000000000000e+00
-1.171875000000000000e-01
7.812500000000000000e-03
8.437500000000000000e-01
-3.906250000000000000e-01
-1.023437500000000000e+00
3.312500000000000000e+00
1.804687500000000000e+00
-5.351562500000000000e-01
-2.421875000000000000e+00
9.687500000000000000e-01
1.070312500000000000e+00
5.351562500000000000e-01
2.197265625000000000e-01
2.265625000000000000e+00
5.664062500000000000e-01
-2.171875000000000000e+00
3.105468750000000000e-01
-1.304687500000000000e+00
2.453125000000000000e+00
2.703125000000000000e+00
3.750000000000000000e-01
9.726562500000000000e-01
1.023437500000000000e+00
1.343750000000000000e+00
2.578125000000000000e-01
1.000000000000000000e+00
8.281250000000000000e-01
3.125000000000000000e+00
2.437500000000000000e+00
5.218505859375000000e-03
2.703125000000000000e+00
4.472656250000000000e-01
1.460937500000000000e+00
-2.041015625000000000e-01
-1.968750000000000000e+00
7.929687500000000000e-01
7.695312500000000000e-01
-1.898437500000000000e+00
1.343750000000000000e+00
-2.734375000000000000e+00
3.125000000000000000e+00
1.132812500000000000e+00
2.703125000000000000e+00
4.628906250000000000e-01
2.578125000000000000e+00
1.273437500000000000e+00
-2.597656250000000000e-01
-5.468750000000000000e-01
-2.734375000000000000e+00
-2.490234375000000000e-01
1.789062500000000000e+00
2.421875000000000000e+00
1.000000000000000000e+00
-2.890625000000000000e+00
1.679687500000000000e-01
1.992187500000000000e+00
-1.976562500000000000e+00
9.062500000000000000e-01
-7.617187500000000000e-01
-2.187500000000000000e+00
4.250000000000000000e+00
1.750000000000000000e+00
-2.890625000000000000e+00
8.164062500000000000e-01
2.562500000000000000e+00
-2.531250000000000000e+00
-2.046875000000000000e+00
1.851562500000000000e+00
2.875000000000000000e+00
2.875000000000000000e+00
-7.031250000000000000e-01
1.335937500000000000e+00
-1.273437500000000000e+00
5.898437500000000000e-01
3.390625000000000000e+00
-2.453125000000000000e+00
3.730468750000000000e-01
1.007812500000000000e+00
-1.062500000000000000e+00
3.078125000000000000e+00
-1.148437500000000000e+00
-8.398437500000000000e-01
-1.812500000000000000e+00
-1.007812500000000000e+00
-1.851562500000000000e+00
-2.375000000000000000e+00
-1.257812500000000000e+00
1.375000000000000000e+00
7.851562500000000000e-01
1.125000000000000000e+00
2.421875000000000000e+00
3.578125000000000000e+00
2.406250000000000000e+00
6.718750000000000000e-01
6.328125000000000000e-01
-1.601562500000000000e-01
1.156250000000000000e+00
-1.804687500000000000e+00
1.789062500000000000e+00
2.597656250000000000e-01
5.742187500000000000e-01
1.945312500000000000e+00
2.390625000000000000e+00
-1.562500000000000000e+00
-5.117187500000000000e-01
8.203125000000000000e-02
2.515625000000000000e+00
6.679687500000000000e-01
2.390625000000000000e+00
-1.835937500000000000e+00
2.812500000000000000e+00
-8.750000000000000000e-01
2.109375000000000000e+00
2.062500000000000000e+00
3.937500000000000000e+00
-8.554687500000000000e-01
-1.585937500000000000e+00
-6.992187500000000000e-01
-1.414062500000000000e+00
3.847656250000000000e-01
-5.898437500000000000e-01
-7.812500000000000000e-03
-8.056640625000000000e-02
-1.937500000000000000e+00
1.127929687500000000e-01
1.250000000000000000e+00
1.289062500000000000e+00
-1.046875000000000000e+00
7.343750000000000000e-01
3.171875000000000000e+00
-1.593750000000000000e+00
3.144531250000000000e-01
1.570312500000000000e+00
-2.140625000000000000e+00
1.085937500000000000e+00
-2.294921875000000000e-01
3.203125000000000000e+00
2.437500000000000000e+00
5.218505859375000000e-03
2.828125000000000000e+00
6.406250000000000000e-01
2.187500000000000000e+00
-8.164062500000000000e-01
1.937500000000000000e+00
1.093750000000000000e+00
2.531250000000000000e+00
9.228515625000000000e-02
4.472656250000000000e-01
5.351562500000000000e-01
3.484375000000000000e+00
1.554687500000000000e+00
7.500000000000000000e-01
-4.765625000000000000e-01
9.492187500000000000e-01
2.125000000000000000e+00
-5.351562500000000000e-01
2.468750000000000000e+00
3.062500000000000000e+00
1.312500000000000000e+00
1.375000000000000000e+00
-4.667968750000000000e-01
5.820312500000000000e-01
-1.539062500000000000e+00
-1.125000000000000000e+00
7.187500000000000000e-01
2.156250000000000000e+00
-1.078125000000000000e+00
-2.000000000000000000e+00
2.675781250000000000e-01
2.750000000000000000e+00
-8.593750000000000000e-02
-1.718750000000000000e+00
2.062500000000000000e+00
2.187500000000000000e+00
-1.937500000000000000e+00
2.421875000000000000e+00
-1.914062500000000000e+00
9.062500000000000000e-01
-1.937500000000000000e+00
3.578125000000000000e+00
2.921875000000000000e+00
1.726562500000000000e+00
-2.312500000000000000e+00
5.039062500000000000e-01
-8.710937500000000000e-01
5.234375000000000000e-01
9.687500000000000000e-01
2.871093750000000000e-01
-1.234375000000000000e+00
-2.234375000000000000e+00
3.730468750000000000e-01
-2.640625000000000000e+00
-5.218505859375000000e-03
4.003906250000000000e-01
-1.351562500000000000e+00
3.828125000000000000e+00
2.171875000000000000e+00
-8.398437500000000000e-01
2.060546875000000000e-01
-2.062500000000000000e+00
7.031250000000000000e-02
1.265625000000000000e+00
-2.515625000000000000e+00
-2.328125000000000000e+00
2.671875000000000000e+00
6.718750000000000000e-01
-2.875000000000000000e+00
-4.375000000000000000e-01
2.304687500000000000e-01
-2.792968750000000000e-01
-9.023437500000000000e-01
-9.375000000000000000e-01
-2.597656250000000000e-01
-2.078125000000000000e+00
-1.601562500000000000e+00
-2.187500000000000000e+00
2.437500000000000000e+00
-1.656250000000000000e+00
2.140625000000000000e+00
-2.617187500000000000e-01
-2.265625000000000000e+00
-2.500000000000000000e+00
-1.476562500000000000e+00
-1.500000000000000000e+00
-1.710937500000000000e+00
9.882812500000000000e-01
-1.500000000000000000e+00
-2.412109375000000000e-01
9.804687500000000000e-01
-2.890625000000000000e-01
-1.585937500000000000e+00
1.679687500000000000e-01
1.140625000000000000e+00
-1.804687500000000000e+00
-1.000000000000000000e+00
-3.144531250000000000e-01
-1.851562500000000000e+00
1.648437500000000000e+00
2.734375000000000000e-01
-8.349609375000000000e-02
2.875000000000000000e+00
1.710937500000000000e+00
1.773437500000000000e+00
1.875000000000000000e+00
1.773437500000000000e+00
-1.843750000000000000e+00
2.359375000000000000e+00
-8.437500000000000000e-01
1.507812500000000000e+00
-2.216796875000000000e-01
1.281250000000000000e+00
1.343750000000000000e+00
-4.511718750000000000e-01
-1.937500000000000000e+00
1.476562500000000000e+00
1.539062500000000000e+00
-1.187500000000000000e+00
1.070312500000000000e+00
-1.687500000000000000e+00
2.515625000000000000e+00
1.843750000000000000e+00
5.976562500000000000e-01
2.390625000000000000e+00
6.093750000000000000e-01
1.007812500000000000e+00
5.981445312500000000e-02
3.328125000000000000e+00
2.984375000000000000e+00
1.523437500000000000e+00
1.648437500000000000e+00
-1.039062500000000000e+00
1.585937500000000000e+00
4.628906250000000000e-01
1.281250000000000000e+00
1.437500000000000000e+00
-2.353515625000000000e-01
8.789062500000000000e-01
2.109375000000000000e+00
1.156250000000000000e+00
-1.945312500000000000e+00
-2.187500000000000000e+00
2.265625000000000000e+00
1.460937500000000000e+00
-1.929687500000000000e+00
-2.703125000000000000e+00
1.820312500000000000e+00
2.140625000000000000e+00
1.375000000000000000e+00
-2.046875000000000000e+00
-2.015625000000000000e+00
-1.147460937500000000e-01
6.875000000000000000e-01
9.179687500000000000e-01
-2.234375000000000000e+00
9.257812500000000000e-01
1.851562500000000000e+00
1.867187500000000000e+00
1.414062500000000000e+00
-2.562500000000000000e+00
-2.859375000000000000e+00
2.343750000000000000e-02
1.210937500000000000e+00
6.679687500000000000e-01
4.277343750000000000e-01
-2.078125000000000000e+00
2.015625000000000000e+00
2.765625000000000000e+00
1.773437500000000000e+00
-1.070312500000000000e+00
3.421875000000000000e+00
-1.281250000000000000e+00
5.546875000000000000e-01
-1.789062500000000000e+00
5.742187500000000000e-01
-1.554687500000000000e+00
1.773437500000000000e+00
-6.054687500000000000e-01
2.500000000000000000e+00
-2.421875000000000000e-01
1.085937500000000000e+00
-8.867187500000000000e-01
-4.375000000000000000e-01
-3.691406250000000000e-01
-3.671875000000000000e+00
-7.148437500000000000e-01
6.250000000000000000e-02
-2.015625000000000000e+00
2.250000000000000000e+00
1.414062500000000000e+00
3.457031250000000000e-01
6.757812500000000000e-01
-1.445312500000000000e+00
-3.296875000000000000e+00
2.578125000000000000e+00
1.742187500000000000e+00
-1.500000000000000000e+00
1.875000000000000000e+00
3.421875000000000000e+00
-6.835937500000000000e-01
1.414062500000000000e+00
4.687500000000000000e-02
1.140625000000000000e+00
-7.617187500000000000e-01
-2.060546875000000000e-01
-2.046875000000000000e+00
2.125000000000000000e+00
3.964843750000000000e-01
1.843750000000000000e+00
