1.648437500000000000e+00
3.496093750000000000e-01
-2.421875000000000000e+00
2.093750000000000000e+00
-1.031250000000000000e+00
3.457031250000000000e-01
1.468750000000000000e+00
1.367187500000000000e+00
-1.585937500000000000e+00
-1.750000000000000000e+00
1.875000000000000000e+00
1.695312500000000000e+00
2.390625000000000000e+00
5.976562500000000000e-01
1.835937500000000000e+00
1.031250000000000000e+00
-1.789062500000000000e+00
1.523437500000000000e+00
2.656250000000000000e+00
-5.507812500000000000e-01
-7.812500000000000000e-01
1.976562500000000000e+00
-5.375000000000000000e+00
-1.234375000000000000e+00
1.773437500000000000e+00
1.226562500000000000e+00
-3.453125000000000000e+00
-1.398437500000000000e+00
6.132812500000000000e-01
-2.015625000000000000e+00
2.953125000000000000e+00
6.787109375000000000e-02
2.437500000000000000e+00
-1.312500000000000000e+00
-5.546875000000000000e-01
-1.937500000000000000e+00
8.447265625000000000e-02
2.832031250000000000e-01
5.312500000000000000e-01
-9.960937500000000000e-01
-1.101562500000000000e+00
3.328125000000000000e+00
2.000000000000000000e+00
-9.375000000000000000e-01
-2.328125000000000000e+00
1.375000000000000000e+00
1.179687500000000000e+00
2.558593750000000000e-01
7.539062500000000000e-01
2.046875000000000000e+00
-1.696777343750000000e-02
-1.929687500000000000e+00
1.164062500000000000e+00
-1.648437500000000000e+00
2.328125000000000000e+00
1.898437500000000000e+00
-3.066406250000000000e-01
-9.726562500000000000e-01
8.554687500000000000e-01
1.437500000000000000e+00
-9.375000000000000000e-01
1.351562500000000000e+00
3.535156250000000000e-01
3.015625000000000000e+00
2.562500000000000000e+00
-1.923828125000000000e-01
2.453125000000000000e+00
1.806640625000000000e-01
5.898437500000000000e-01
8.320312500000000000e-01
-2.046875000000000000e+00
1.351562500000000000e+00
6.875000000000000000e-01
-2.218750000000000000e+00
1.625000000000000000e+00
-1.312500000000000000e+00
3.296875000000000000e+00
1.437500000000000000e+00
2.921875000000000000e+00
3.613281250000000000e-01
2.625000000000000000e+00
1.460937500000000000e+00
-1.039062500000000000e+00
-9.843750000000000000e-01
-2.703125000000000000e+00
7.851562500000000000e-01
1.078125000000000000e+00
2.359375000000000000e+00
9.726562500000000000e-01
-2.921875000000000000e+00
-1.259765625000000000e-01
1.992187500000000000e+00
-2.281250000000000000e+00
3.125000000000000000e-01
-1.196289062500000000e-01
-2.015625000000000000e+00
3.578125000000000000e+00
1.781250000000000000e+00
-1.710937500000000000e+00
1.125000000000000000e+00
2.140625000000000000e+00
-2.234375000000000000e+00
-2.296875000000000000e+00
1.726562500000000000e+00
2.984375000000000000e+00
3.015625000000000000e+00
-8.642578125000000000e-02
1.593750000000000000e+00
-1.398437500000000000e+00
-4.956054687500000000e-02
3.375000000000000000e+00
-1.445312500000000000e+00
1.195312500000000000e+00
-2.216796875000000000e-01
-1.382812500000000000e+00
3.234375000000000000e+00
-1.025390625000000000e-02
-9.179687500000000000e-01
-1.773437500000000000e+00
-7.148437500000000000e-01
-1.906250000000000000e+00
-1.835937500000000000e+00
-3.750000000000000000e-01
1.882812500000000000e+00
1.476562500000000000e+00
1.093750000000000000e+00
2.328125000000000000e+00
3.453125000000000000e+00
2.328125000000000000e+00
1.226562500000000000e+00
1.468750000000000000e+00
9.492187500000000000e-01
1.343750000000000000e+00
-1.656250000000000000e+00
-3.984375000000000000e-01
-6.601562500000000000e-01
1.826171875000000000e-01
2.125000000000000000e+00
2.484375000000000000e+00
-2.062500000000000000e+00
-5.429687500000000000e-01
1.585937500000000000e+00
2.765625000000000000e+00
9.570312500000000000e-01
2.390625000000000000e+00
-1.664062500000000000e+00
2.109375000000000000e+00
-1.156250000000000000e+00
2.328125000000000000e+00
2.531250000000000000e+00
2.296875000000000000e+00
-1.054687500000000000e+00
-1.406250000000000000e+00
-2.519531250000000000e-01
-1.593750000000000000e+00
-1.070312500000000000e+00
-1.250000000000000000e+00
-5.585937500000000000e-01
-2.597656250000000000e-01
-1.351562500000000000e+00
-1.552734375000000000e-01
-3.906250000000000000e-02
1.304687500000000000e+00
-1.992187500000000000e+00
4.531250000000000000e-01
3.203125000000000000e+00
-1.867187500000000000e+00
-4.003906250000000000e-02
1.726562500000000000e+00
-1.781250000000000000e+00
1.429687500000000000e+00
-9.570312500000000000e-01
3.296875000000000000e+00
2.546875000000000000e+00
-1.696777343750000000e-02
2.937500000000000000e+00
2.812500000000000000e-01
2.421875000000000000e+00
1.495361328125000000e-02
1.976562500000000000e+00
3.046875000000000000e-01
2.484375000000000000e+00
-5.395507812500000000e-02
-1.088867187500000000e-01
8.242187500000000000e-01
3.578125000000000000e+00
1.710937500000000000e+00
6.054687500000000000e-01
-4.941406250000000000e-01
1.039062500000000000e+00
2.109375000000000000e+00
-7.812500000000000000e-01
2.250000000000000000e+00
3.234375000000000000e+00
1.585937500000000000e+00
7.275390625000000000e-02
-1.000976562500000000e-01
-7.968750000000000000e-01
-1.257812500000000000e+00
-9.375000000000000000e-01
7.226562500000000000e-01
1.195312500000000000e+00
-3.652343750000000000e-01
-1.023437500000000000e+00
3.261718750000000000e-01
2.500000000000000000e+00
-9.814453125000000000e-02
-1.750000000000000000e+00
2.125000000000000000e+00
1.914062500000000000e+00
-1.585937500000000000e+00
2.109375000000000000e+00
-1.960937500000000000e+00
1.343750000000000000e+00
-1.281250000000000000e+00
3.625000000000000000e+00
1.960937500000000000e+00
1.929687500000000000e+00
-4.531250000000000000e-01
-5.429687500000000000e-01
-1.117187500000000000e+00
2.148437500000000000e-01
1.125000000000000000e+00
-8.251953125000000000e-02
-2.765625000000000000e+00
-1.875000000000000000e+00
-3.085937500000000000e-01
-1.898437500000000000e+00
-1.101562500000000000e+00
1.281250000000000000e+00
-9.179687500000000000e-01
2.703125000000000000e+00
1.070312500000000000e+00
-1.434326171875000000e-02
-1.357421875000000000e-01
-1.710937500000000000e+00
-7.304687500000000000e-01
1.687500000000000000e+00
-2.421875000000000000e+00
-1.570312500000000000e+00
2.875000000000000000e+00
6.484375000000000000e-01
-7.343750000000000000e-01
-2.109375000000000000e-01
3.906250000000000000e-03
-6.601562500000000000e-01
-3.359375000000000000e-01
-9.843750000000000000e-01
-5.820312500000000000e-01
-1.820312500000000000e+00
-2.953125000000000000e+00
-1.726562500000000000e+00
1.914062500000000000e+00
-1.750000000000000000e+00
2.203125000000000000e+00
1.062500000000000000e+00
-2.015625000000000000e+00
-2.078125000000000000e+00
-6.015625000000000000e-01
-1.304687500000000000e+00
-1.687500000000000000e+00
4.711914062500000000e-02
-1.625000000000000000e+00
-4.160156250000000000e-01
1.179687500000000000e+00
2.226562500000000000e-01
-1.429687500000000000e+00
-4.062500000000000000e-01
4.785156250000000000e-01
-1.523437500000000000e+00
-1.140625000000000000e+00
-4.824218750000000000e-01
-1.437500000000000000e+00
1.812500000000000000e+00
-3.652343750000000000e-01
-9.804687500000000000e-01
2.609375000000000000e+00
4.609375000000000000e-01
1.992187500000000000e+00
1.937500000000000000e+00
1.656250000000000000e+00
-1.492187500000000000e+00
8.750000000000000000e-01
-9.570312500000000000e-01
1.195312500000000000e+00
-6.171875000000000000e-01
9.062500000000000000e-01
1.523437500000000000e+00
-7.304687500000000000e-01
-1.679687500000000000e+00
1.726562500000000000e+00
1.726562500000000000e+00
-1.468750000000000000e+00
1.375000000000000000e+00
-1.789062500000000000e+00
2.609375000000000000e+00
1.648437500000000000e+00
-5.078125000000000000e-02
2.109375000000000000e+00
4.472656250000000000e-01
1.164062500000000000e+00
7.656250000000000000e-01
3.078125000000000000e+00
3.000000000000000000e+00
1.437500000000000000e+00
2.234375000000000000e+00
-1.171875000000000000e+00
6.835937500000000000e-01
6.210937500000000000e-01
2.734375000000000000e-01
1.437500000000000000e+00
-1.445312500000000000e-01
1.789062500000000000e+00
2.218750000000000000e+00
1.328125000000000000e+00
-2.109375000000000000e+00
-2.140625000000000000e+00
1.992187500000000000e+00
1.367187500000000000e+00
-1.742187500000000000e+00
-2.656250000000000000e+00
1.664062500000000000e+00
2.578125000000000000e+00
1.500000000000000000e+00
-2.828125000000000000e+00
-1.562500000000000000e+00
-7.031250000000000000e-02
5.429687500000000000e-01
1.062500000000000000e+00
-2.265625000000000000e+00
1.093750000000000000e+00
2.109375000000000000e+00
1.937500000000000000e+00
1.835937500000000000e+00
-2.656250000000000000e+00
-4.031250000000000000e+00
9.130859375000000000e-02
-3.964843750000000000e-01
-2.470703125000000000e-01
5.820312500000000000e-01
-1.937500000000000000e+00
2.343750000000000000e+00
2.171875000000000000e+00
1.664062500000000000e+00
-1.296875000000000000e+00
3.296875000000000000e+00
-6.079101562500000000e-02
1.437500000000000000e+00
-1.601562500000000000e+00
-5.976562500000000000e-01
-2.109375000000000000e+00
1.562500000000000000e+00
5.078125000000000000e-02
2.265625000000000000e+00
-7.031250000000000000e-01
-1.337890625000000000e-01
3.144531250000000000e-01
-1.593750000000000000e+00
-9.492187500000000000e-01
-4.718750000000000000e+00
-8.320312500000000000e-01
-5.039062500000000000e-01
-3.265625000000000000e+00
2.187500000000000000e+00
1.539062500000000000e+00
-8.935546875000000000e-02
9.257812500000000000e-01
-1.750000000000000000e+00
-2.546875000000000000e+00
2.359375000000000000e+00
1.789062500000000000e+00
-1.382812500000000000e+00
1.968750000000000000e+00
3.375000000000000000e+00
-3.105468750000000000e-01
1.750000000000000000e+00
-5.000000000000000000e-01
1.140625000000000000e+00
-4.843750000000000000e-01
-6.679687500000000000e-01
-2.171875000000000000e+00
2.093750000000000000e+00
6.054687500000000000e-01
8.789062500000000000e-01
