-2.714843750000000000e-01
3.652343750000000000e-01
-1.664062500000000000e+00
1.226562500000000000e+00
-5.234375000000000000e-01
1.078125000000000000e+00
1.101562500000000000e+00
9.257812500000000000e-01
-8.867187500000000000e-01
-1.398437500000000000e+00
1.257812500000000000e+00
1.085937500000000000e+00
1.914062500000000000e+00
2.871093750000000000e-01
1.039062500000000000e+00
5.507812500000000000e-01
-5.976562500000000000e-01
8.867187500000000000e-01
9.804687500000000000e-01
-1.273437500000000000e+00
-5.937500000000000000e-01
2.796875000000000000e+00
-5.281250000000000000e+00
-4.296875000000000000e-01
1.007812500000000000e+00
4.394531250000000000e-01
-3.375000000000000000e+00
-1.015625000000000000e+00
5.932617187500000000e-02
-1.257812500000000000e+00
1.531250000000000000e+00
1.226562500000000000e+00
1.351562500000000000e+00
-8.125000000000000000e-01
-5.585937500000000000e-01
-1.750000000000000000e+00
1.179687500000000000e+00
-6.445312500000000000e-01
1.630859375000000000e-01
-1.281250000000000000e+00
-5.468750000000000000e-01
1.906250000000000000e+00
9.375000000000000000e-01
-2.519531250000000000e-01
-1.617187500000000000e+00
1.289062500000000000e+00
1.023437500000000000e+00
1.030273437500000000e-01
1.210937500000000000e+00
1.054687500000000000e+00
-4.375000000000000000e-01
-1.656250000000000000e+00
1.835937500000000000e+00
-8.398437500000000000e-01
1.242187500000000000e+00
8.007812500000000000e-01
-5.351562500000000000e-01
-2.171875000000000000e+00
4.785156250000000000e-01
7.382812500000000000e-01
-9.843750000000000000e-01
9.960937500000000000e-01
-2.421875000000000000e-01
2.125000000000000000e+00
1.843750000000000000e+00
-7.617187500000000000e-02
1.203125000000000000e+00
1.416015625000000000e-01
1.298828125000000000e-01
6.093750000000000000e-01
-1.664062500000000000e+00
1.375000000000000000e+00
4.223632812500000000e-02
-1.585937500000000000e+00
2.250000000000000000e+00
-1.708984375000000000e-01
2.046875000000000000e+00
1.343750000000000000e+00
1.726562500000000000e+00
2.226562500000000000e-01
2.625000000000000000e+00
8.125000000000000000e-01
-7.382812500000000000e-01
-6.406250000000000000e-01
-2.171875000000000000e+00
1.062500000000000000e+00
1.904296875000000000e-01
1.289062500000000000e+00
7.460937500000000000e-01
-2.140625000000000000e+00
-7.070312500000000000e-01
1.140625000000000000e+00
-1.351562500000000000e+00
-3.784179687500000000e-02
1.023437500000000000e+00
-1.101562500000000000e+00
1.101562500000000000e+00
9.804687500000000000e-01
-1.242187500000000000e+00
1.195312500000000000e+00
9.960937500000000000e-01
-1.929687500000000000e+00
-1.304687500000000000e+00
1.960937500000000000e+00
1.585937500000000000e+00
1.750000000000000000e+00
-3.691406250000000000e-01
1.914062500000000000e+00
-1.179687500000000000e+00
-4.785156250000000000e-01
1.937500000000000000e+00
-9.179687500000000000e-01
1.414062500000000000e+00
-2.968750000000000000e-01
-8.242187500000000000e-01
2.000000000000000000e+00
1.429687500000000000e+00
-9.335937500000000000e-01
-1.593750000000000000e+00
-5.625000000000000000e-01
-1.000000000000000000e+00
-1.562500000000000000e+00
-6.835937500000000000e-01
1.179687500000000000e+00
1.429687500000000000e+00
6.210937500000000000e-01
1.835937500000000000e+00
1.851562500000000000e+00
1.429687500000000000e+00
1.007812500000000000e+00
1.789062500000000000e+00
8.632812500000000000e-01
8.242187500000000000e-01
-1.210937500000000000e+00
-1.351562500000000000e+00
-6.494140625000000000e-02
-2.343750000000000000e-01
8.750000000000000000e-01
1.664062500000000000e+00
-1.289062500000000000e+00
-9.687500000000000000e-01
1.750000000000000000e+00
1.757812500000000000e+00
6.015625000000000000e-01
1.664062500000000000e+00
-1.007812500000000000e+00
4.921875000000000000e-01
-1.289062500000000000e+00
1.289062500000000000e+00
1.523437500000000000e+00
2.714843750000000000e-01
-4.902343750000000000e-01
-1.156250000000000000e+00
-1.337890625000000000e-01
-1.187500000000000000e+00
-2.015625000000000000e+00
-6.523437500000000000e-01
-7.695312500000000000e-01
1.445312500000000000e-01
-1.070312500000000000e+00
-6.992187500000000000e-01
-7.617187500000000000e-01
6.835937500000000000e-01
-2.593750000000000000e+00
-4.218750000000000000e-01
1.695312500000000000e+00
-1.273437500000000000e+00
-4.785156250000000000e-02
2.312500000000000000e+00
-1.320312500000000000e+00
9.570312500000000000e-01
-9.335937500000000000e-01
2.125000000000000000e+00
1.320312500000000000e+00
-1.513671875000000000e-01
1.656250000000000000e+00
-3.144531250000000000e-01
2.265625000000000000e+00
1.304687500000000000e+00
1.210937500000000000e+00
-5.273437500000000000e-01
1.523437500000000000e+00
-2.343750000000000000e-02
-5.742187500000000000e-01
4.238281250000000000e-01
1.898437500000000000e+00
1.257812500000000000e+00
6.992187500000000000e-01
-9.960937500000000000e-02
8.242187500000000000e-01
1.562500000000000000e+00
-9.335937500000000000e-01
1.179687500000000000e+00
1.914062500000000000e+00
8.867187500000000000e-01
-1.054687500000000000e+00
1.953125000000000000e-01
-1.656250000000000000e+00
-1.320312500000000000e+00
-9.375000000000000000e-01
7.773437500000000000e-01
-4.453125000000000000e-01
-2.695312500000000000e-01
-6.718750000000000000e-01
1.250000000000000000e-01
1.226562500000000000e+00
-2.353515625000000000e-01
-1.500000000000000000e+00
1.132812500000000000e+00
9.062500000000000000e-01
-1.125000000000000000e+00
1.117187500000000000e+00
-1.257812500000000000e+00
1.406250000000000000e+00
-7.695312500000000000e-01
1.875000000000000000e+00
4.277343750000000000e-01
1.242187500000000000e+00
-3.261718750000000000e-01
-1.835937500000000000e+00
-9.218750000000000000e-01
1.650390625000000000e-01
6.640625000000000000e-01
-1.747131347656250000e-03
-3.125000000000000000e+00
-1.406250000000000000e+00
-6.132812500000000000e-01
-2.078125000000000000e+00
-1.539062500000000000e+00
1.562500000000000000e+00
-7.812500000000000000e-01
6.523437500000000000e-01
-1.328125000000000000e-01
-5.200195312500000000e-02
-1.186523437500000000e-01
-1.460937500000000000e+00
1.953125000000000000e-03
1.203125000000000000e+00
-1.664062500000000000e+00
-1.351562500000000000e+00
1.843750000000000000e+00
1.132812500000000000e+00
5.312500000000000000e-01
-2.558593750000000000e-01
-5.351562500000000000e-01
-1.140625000000000000e+00
-1.117187500000000000e+00
-5.351562500000000000e-01
-9.062500000000000000e-01
-1.601562500000000000e+00
-3.484375000000000000e+00
-1.164062500000000000e+00
2.138671875000000000e-01
-1.132812500000000000e+00
1.468750000000000000e+00
1.085937500000000000e+00
-1.437500000000000000e+00
-1.304687500000000000e+00
-6.679687500000000000e-01
-7.812500000000000000e-01
-1.015625000000000000e+00
-2.714843750000000000e-01
-1.070312500000000000e+00
-2.470703125000000000e-01
1.031250000000000000e+00
4.277343750000000000e-01
-8.085937500000000000e-01
-8.867187500000000000e-01
-1.225585937500000000e-01
-1.406250000000000000e+00
-1.500000000000000000e+00
-6.679687500000000000e-01
-8.437500000000000000e-01
9.804687500000000000e-01
-4.531250000000000000e-01
-1.695312500000000000e+00
1.468750000000000000e+00
-1.023437500000000000e+00
1.312500000000000000e+00
1.039062500000000000e+00
6.093750000000000000e-01
-1.414062500000000000e+00
4.394531250000000000e-01
-6.835937500000000000e-01
6.601562500000000000e-01
-4.824218750000000000e-01
4.238281250000000000e-01
1.093750000000000000e+00
-6.445312500000000000e-01
-1.078125000000000000e+00
1.351562500000000000e+00
1.226562500000000000e+00
-1.710937500000000000e+00
8.125000000000000000e-01
-9.570312500000000000e-01
1.664062500000000000e+00
9.257812500000000000e-01
3.046875000000000000e-01
1.226562500000000000e+00
3.066406250000000000e-01
1.570312500000000000e+00
9.570312500000000000e-01
1.242187500000000000e+00
1.812500000000000000e+00
6.406250000000000000e-01
2.046875000000000000e+00
-1.132812500000000000e+00
-9.375000000000000000e-02
1.062500000000000000e+00
1.259765625000000000e-01
6.445312500000000000e-01
-9.179687500000000000e-01
1.226562500000000000e+00
1.234375000000000000e+00
1.023437500000000000e+00
-1.445312500000000000e+00
-1.429687500000000000e+00
9.531250000000000000e-01
9.023437500000000000e-01
-1.445312500000000000e+00
-1.500000000000000000e+00
9.257812500000000000e-01
1.539062500000000000e+00
1.726562500000000000e+00
-3.421875000000000000e+00
-1.046875000000000000e+00
-7.382812500000000000e-01
6.289062500000000000e-01
1.054687500000000000e+00
-1.523437500000000000e+00
5.429687500000000000e-01
1.265625000000000000e+00
1.835937500000000000e+00
2.078125000000000000e+00
-2.000000000000000000e+00
-3.671875000000000000e+00
-1.235351562500000000e-01
-1.710937500000000000e+00
-1.164062500000000000e+00
6.757812500000000000e-01
-1.531250000000000000e+00
1.585937500000000000e+00
9.375000000000000000e-01
7.929687500000000000e-01
-1.093750000000000000e+00
1.960937500000000000e+00
-6.289062500000000000e-01
2.921875000000000000e+00
-1.437500000000000000e+00
-1.078125000000000000e+00
-9.570312500000000000e-01
7.500000000000000000e-01
-6.152343750000000000e-02
1.046875000000000000e+00
7.171630859375000000e-03
-9.414062500000000000e-01
1.320312500000000000e+00
-1.992187500000000000e+00
-2.412109375000000000e-01
-4.718750000000000000e+00
-5.234375000000000000e-01
-1.187500000000000000e+00
-3.625000000000000000e+00
1.195312500000000000e+00
1.437500000000000000e+00
-5.664062500000000000e-01
3.242187500000000000e-01
-1.125000000000000000e+00
-2.578125000000000000e+00
1.679687500000000000e+00
8.945312500000000000e-01
-1.039062500000000000e+00
1.468750000000000000e+00
1.687500000000000000e+00
-2.421875000000000000e-01
1.000000000000000000e+00
-1.962890625000000000e-01
7.695312500000000000e-01
-2.949218750000000000e-01
-7.500000000000000000e-01
-1.273437500000000000e+00
1.257812500000000000e+00
1.226562500000000000e+00
-4.667968750000000000e-01
