-1.078125000000000000e+00
4.707031250000000000e-01
-1.312500000000000000e+00
6.835937500000000000e-01
-3.417968750000000000e-01
1.218750000000000000e+00
5.742187500000000000e-01
4.628906250000000000e-01
-4.472656250000000000e-01
-8.437500000000000000e-01
6.835937500000000000e-01
5.039062500000000000e-01
1.343750000000000000e+00
-7.031250000000000000e-02
5.000000000000000000e-01
1.484375000000000000e-01
-1.093750000000000000e-01
3.730468750000000000e-01
4.511718750000000000e-01
-1.375000000000000000e+00
-8.242187500000000000e-01
3.015625000000000000e+00
-5.000000000000000000e+00
-3.203125000000000000e-01
4.277343750000000000e-01
-9.521484375000000000e-02
-2.890625000000000000e+00
-7.773437500000000000e-01
-3.203125000000000000e-01
-5.976562500000000000e-01
9.335937500000000000e-01
1.562500000000000000e+00
7.226562500000000000e-01
-1.023437500000000000e+00
-2.597656250000000000e-01
-1.117187500000000000e+00
1.617187500000000000e+00
-9.726562500000000000e-01
-1.069335937500000000e-01
-1.531250000000000000e+00
-4.140625000000000000e-01
1.125000000000000000e+00
2.578125000000000000e-01
-3.637695312500000000e-02
-9.570312500000000000e-01
9.179687500000000000e-01
6.875000000000000000e-01
-2.314453125000000000e-01
1.132812500000000000e+00
6.601562500000000000e-01
-6.601562500000000000e-01
-1.085937500000000000e+00
2.109375000000000000e+00
-3.637695312500000000e-02
6.054687500000000000e-01
4.277343750000000000e-01
-7.343750000000000000e-01
-2.687500000000000000e+00
3.261718750000000000e-01
2.060546875000000000e-01
-1.226562500000000000e+00
5.742187500000000000e-01
-6.132812500000000000e-01
1.437500000000000000e+00
1.164062500000000000e+00
-6.152343750000000000e-02
5.507812500000000000e-01
2.021484375000000000e-01
-3.105468750000000000e-01
-8.349609375000000000e-02
-9.101562500000000000e-01
6.914062500000000000e-01
-2.343750000000000000e-01
-1.648437500000000000e+00
1.976562500000000000e+00
2.968750000000000000e-01
1.125000000000000000e+00
1.007812500000000000e+00
9.804687500000000000e-01
9.033203125000000000e-02
2.125000000000000000e+00
3.652343750000000000e-01
-3.574218750000000000e-01
-4.218750000000000000e-01
-1.875000000000000000e+00
7.812500000000000000e-01
-2.216796875000000000e-01
7.031250000000000000e-01
4.003906250000000000e-01
-1.289062500000000000e+00
-7.382812500000000000e-01
5.781250000000000000e-01
-5.117187500000000000e-01
-5.117187500000000000e-01
1.445312500000000000e+00
-5.117187500000000000e-01
-1.767578125000000000e-01
3.671875000000000000e-01
-1.156250000000000000e+00
1.101562500000000000e+00
5.429687500000000000e-01
-1.445312500000000000e+00
-7.500000000000000000e-01
1.835937500000000000e+00
1.023437500000000000e+00
9.804687500000000000e-01
-1.601562500000000000e-01
1.882812500000000000e+00
-9.570312500000000000e-01
-8.554687500000000000e-01
1.156250000000000000e+00
-7.187500000000000000e-01
1.710937500000000000e+00
2.148437500000000000e-02
-4.472656250000000000e-01
1.148437500000000000e+00
1.773437500000000000e+00
-4.843750000000000000e-01
-1.335937500000000000e+00
-9.521484375000000000e-02
-6.757812500000000000e-01
-1.031250000000000000e+00
-8.398437500000000000e-01
5.195312500000000000e-01
1.257812500000000000e+00
3.339843750000000000e-01
1.226562500000000000e+00
1.210937500000000000e+00
8.125000000000000000e-01
5.976562500000000000e-01
1.867187500000000000e+00
4.921875000000000000e-01
3.925781250000000000e-01
-1.156250000000000000e+00
-1.242187500000000000e+00
-1.513671875000000000e-01
-5.273437500000000000e-01
2.519531250000000000e-01
9.882812500000000000e-01
-9.492187500000000000e-01
-1.304687500000000000e+00
1.835937500000000000e+00
9.726562500000000000e-01
2.060546875000000000e-01
9.804687500000000000e-01
-6.445312500000000000e-01
-4.062500000000000000e-01
-1.593750000000000000e+00
7.539062500000000000e-01
8.125000000000000000e-01
-6.679687500000000000e-01
-4.062500000000000000e-01
-7.617187500000000000e-01
-2.714843750000000000e-01
-9.179687500000000000e-01
-2.546875000000000000e+00
-5.820312500000000000e-01
-8.007812500000000000e-01
6.127929687500000000e-02
-1.109375000000000000e+00
-1.000000000000000000e+00
-1.101562500000000000e+00
2.871093750000000000e-01
-2.359375000000000000e+00
-1.000000000000000000e+00
1.015625000000000000e+00
-7.812500000000000000e-01
7.275390625000000000e-02
2.203125000000000000e+00
-5.000000000000000000e-01
3.828125000000000000e-01
-4.199218750000000000e-01
1.343750000000000000e+00
6.757812500000000000e-01
-1.147460937500000000e-01
9.023437500000000000e-01
-6.679687500000000000e-01
1.789062500000000000e+00
1.539062500000000000e+00
5.859375000000000000e-01
-1.101562500000000000e+00
8.007812500000000000e-01
-3.105468750000000000e-01
-9.179687500000000000e-01
1.556396484375000000e-02
1.242187500000000000e+00
6.445312500000000000e-01
3.750000000000000000e-01
5.117187500000000000e-01
4.628906250000000000e-01
9.414062500000000000e-01
-9.257812500000000000e-01
7.031250000000000000e-01
1.093750000000000000e+00
2.714843750000000000e-01
-1.718750000000000000e+00
3.886718750000000000e-01
-2.031250000000000000e+00
-9.843750000000000000e-01
-5.273437500000000000e-01
4.980468750000000000e-01
-1.375000000000000000e+00
-3.344726562500000000e-02
-6.523437500000000000e-01
1.396484375000000000e-01
6.992187500000000000e-01
-3.652343750000000000e-01
-1.070312500000000000e+00
5.195312500000000000e-01
3.183593750000000000e-01
-1.148437500000000000e+00
6.132812500000000000e-01
-7.812500000000000000e-01
1.062500000000000000e+00
-7.617187500000000000e-01
1.031250000000000000e+00
-4.765625000000000000e-01
5.664062500000000000e-01
-8.125000000000000000e-01
-2.421875000000000000e+00
-4.746093750000000000e-01
9.814453125000000000e-02
1.884765625000000000e-01
-5.175781250000000000e-02
-3.265625000000000000e+00
-8.007812500000000000e-01
-7.812500000000000000e-01
-1.710937500000000000e+00
-2.015625000000000000e+00
1.218750000000000000e+00
-4.199218750000000000e-01
-3.496093750000000000e-01
-3.906250000000000000e-01
-2.380371093750000000e-02
-8.349609375000000000e-02
-1.007812500000000000e+00
-3.378906250000000000e-01
7.226562500000000000e-01
-9.570312500000000000e-01
-1.046875000000000000e+00
1.070312500000000000e+00
1.367187500000000000e+00
7.812500000000000000e-01
-7.187500000000000000e-01
-1.101562500000000000e+00
-1.320312500000000000e+00
-1.328125000000000000e+00
-3.437500000000000000e-01
-1.000000000000000000e+00
-1.179687500000000000e+00
-3.734375000000000000e+00
-7.187500000000000000e-01
-6.210937500000000000e-01
-6.328125000000000000e-01
8.242187500000000000e-01
9.531250000000000000e-01
-1.164062500000000000e+00
-6.015625000000000000e-01
-4.785156250000000000e-01
-9.726562500000000000e-01
-1.085937500000000000e+00
-5.273437500000000000e-01
-6.523437500000000000e-01
-6.367187500000000000e-01
5.898437500000000000e-01
6.445312500000000000e-01
-7.929687500000000000e-01
-1.140625000000000000e+00
-5.507812500000000000e-01
-1.031250000000000000e+00
-1.250000000000000000e+00
-6.757812500000000000e-01
-7.695312500000000000e-01
5.039062500000000000e-01
-3.242187500000000000e-01
-1.625000000000000000e+00
8.867187500000000000e-01
-1.757812500000000000e+00
7.851562500000000000e-01
5.117187500000000000e-01
-1.826171875000000000e-01
-1.226562500000000000e+00
-1.035156250000000000e-01
-1.357421875000000000e-01
3.828125000000000000e-01
-2.949218750000000000e-01
1.069335937500000000e-01
5.859375000000000000e-01
-2.832031250000000000e-01
-1.039062500000000000e+00
1.039062500000000000e+00
6.679687500000000000e-01
-1.117187500000000000e+00
4.902343750000000000e-01
-4.609375000000000000e-01
9.570312500000000000e-01
4.746093750000000000e-01
1.982421875000000000e-01
7.031250000000000000e-01
-1.043701171875000000e-02
1.570312500000000000e+00
1.164062500000000000e+00
4.296875000000000000e-01
1.062500000000000000e+00
1.591796875000000000e-01
1.507812500000000000e+00
-6.132812500000000000e-01
-1.982421875000000000e-01
1.171875000000000000e+00
-7.324218750000000000e-02
1.484375000000000000e-01
-1.437500000000000000e+00
8.945312500000000000e-01
5.976562500000000000e-01
5.117187500000000000e-01
-1.476562500000000000e+00
-9.218750000000000000e-01
4.433593750000000000e-01
4.765625000000000000e-01
-8.867187500000000000e-01
-9.179687500000000000e-01
4.316406250000000000e-01
7.656250000000000000e-01
1.585937500000000000e+00
-3.375000000000000000e+00
-1.046875000000000000e+00
-1.281250000000000000e+00
5.429687500000000000e-01
5.820312500000000000e-01
-1.429687500000000000e+00
3.393554687500000000e-02
6.757812500000000000e-01
1.320312500000000000e+00
2.015625000000000000e+00
-1.664062500000000000e+00
-3.000000000000000000e+00
-1.396484375000000000e-01
-2.359375000000000000e+00
-1.476562500000000000e+00
1.101562500000000000e+00
-7.500000000000000000e-01
9.257812500000000000e-01
-3.906250000000000000e-02
2.949218750000000000e-01
-6.875000000000000000e-01
1.117187500000000000e+00
-1.117187500000000000e+00
3.375000000000000000e+00
-1.125000000000000000e+00
-1.195312500000000000e+00
-4.277343750000000000e-01
3.300781250000000000e-01
-3.984375000000000000e-01
5.039062500000000000e-01
-1.279296875000000000e-01
-1.281250000000000000e+00
1.789062500000000000e+00
-2.375000000000000000e+00
7.275390625000000000e-02
-4.281250000000000000e+00
-3.828125000000000000e-01
-1.273437500000000000e+00
-3.750000000000000000e+00
6.914062500000000000e-01
1.046875000000000000e+00
-8.906250000000000000e-01
-2.609252929687500000e-03
-3.984375000000000000e-01
-2.515625000000000000e+00
1.070312500000000000e+00
4.609375000000000000e-01
-9.023437500000000000e-01
9.218750000000000000e-01
1.023437500000000000e+00
-4.902343750000000000e-01
4.316406250000000000e-01
-8.740234375000000000e-02
3.339843750000000000e-01
-2.636718750000000000e-01
-5.351562500000000000e-01
-1.140625000000000000e+00
6.835937500000000000e-01
1.304687500000000000e+00
-1.179687500000000000e+00
