-9.023437500000000000e-01
7.539062500000000000e-01
-2.015625000000000000e+00
1.210937500000000000e+00
-5.273437500000000000e-01
7.343750000000000000e-01
1.023437500000000000e+00
8.632812500000000000e-01
-1.070312500000000000e+00
-1.625000000000000000e+00
1.187500000000000000e+00
1.312500000000000000e+00
2.125000000000000000e+00
3.750000000000000000e-01
1.007812500000000000e+00
3.496093750000000000e-01
-5.312500000000000000e-01
8.750000000000000000e-01
1.513671875000000000e-01
-8.242187500000000000e-01
-2.451171875000000000e-01
2.296875000000000000e+00
-6.250000000000000000e+00
-6.835937500000000000e-01
9.804687500000000000e-01
5.351562500000000000e-01
-4.406250000000000000e+00
-1.164062500000000000e+00
3.417968750000000000e-01
-1.460937500000000000e+00
1.351562500000000000e+00
1.078125000000000000e+00
1.312500000000000000e+00
-5.820312500000000000e-01
-5.039062500000000000e-01
-1.687500000000000000e+00
5.351562500000000000e-01
-2.041015625000000000e-01
6.689453125000000000e-02
-3.808593750000000000e-01
-5.507812500000000000e-01
1.851562500000000000e+00
1.492187500000000000e+00
-5.000000000000000000e-01
-1.929687500000000000e+00
1.078125000000000000e+00
1.070312500000000000e+00
2.500000000000000000e-01
8.632812500000000000e-01
7.070312500000000000e-01
-1.396484375000000000e-01
-1.835937500000000000e+00
1.406250000000000000e+00
-1.031250000000000000e+00
1.117187500000000000e+00
1.079101562500000000e-01
6.210937500000000000e-01
-2.984375000000000000e+00
5.195312500000000000e-01
8.007812500000000000e-01
-2.871093750000000000e-01
1.000000000000000000e+00
5.664062500000000000e-02
2.109375000000000000e+00
2.078125000000000000e+00
2.265625000000000000e-01
1.101562500000000000e+00
3.261718750000000000e-01
6.562500000000000000e-01
8.750000000000000000e-01
-1.695312500000000000e+00
1.320312500000000000e+00
4.980468750000000000e-01
-1.382812500000000000e+00
2.296875000000000000e+00
-3.784179687500000000e-02
2.218750000000000000e+00
1.218750000000000000e+00
1.898437500000000000e+00
-1.165771484375000000e-02
2.515625000000000000e+00
6.445312500000000000e-01
-7.148437500000000000e-01
-6.992187500000000000e-01
-2.187500000000000000e+00
8.945312500000000000e-01
-7.148437500000000000e-01
1.210937500000000000e+00
5.468750000000000000e-01
-2.578125000000000000e+00
-1.416015625000000000e-01
1.687500000000000000e+00
-1.304687500000000000e+00
2.236328125000000000e-01
7.382812500000000000e-01
-1.195312500000000000e+00
5.234375000000000000e-01
1.039062500000000000e+00
-1.914062500000000000e+00
1.101562500000000000e+00
4.453125000000000000e-01
-2.109375000000000000e+00
-1.601562500000000000e+00
1.789062500000000000e+00
1.226562500000000000e+00
1.781250000000000000e+00
-1.845703125000000000e-01
1.750000000000000000e+00
-1.187500000000000000e+00
6.250000000000000000e-02
1.835937500000000000e+00
-1.054687500000000000e+00
1.257812500000000000e+00
1.396484375000000000e-01
-7.343750000000000000e-01
2.125000000000000000e+00
1.468750000000000000e+00
-5.664062500000000000e-01
-1.625000000000000000e+00
-5.898437500000000000e-01
-1.195312500000000000e+00
-1.937500000000000000e+00
-1.250000000000000000e-01
1.171875000000000000e+00
1.265625000000000000e+00
3.750000000000000000e-01
1.851562500000000000e+00
1.585937500000000000e+00
1.406250000000000000e+00
9.570312500000000000e-01
1.617187500000000000e+00
1.125000000000000000e+00
7.812500000000000000e-01
-1.164062500000000000e+00
-2.125000000000000000e+00
-8.056640625000000000e-02
5.883789062500000000e-02
6.835937500000000000e-01
1.898437500000000000e+00
-1.281250000000000000e+00
-9.882812500000000000e-01
1.882812500000000000e+00
1.750000000000000000e+00
4.453125000000000000e-01
1.585937500000000000e+00
-9.648437500000000000e-01
1.279296875000000000e-01
-3.984375000000000000e-01
1.140625000000000000e+00
1.460937500000000000e+00
-1.611328125000000000e-01
-3.925781250000000000e-01
-1.304687500000000000e+00
-4.296875000000000000e-01
-1.320312500000000000e+00
-2.640625000000000000e+00
-3.203125000000000000e-01
-1.533203125000000000e-01
2.031250000000000000e-01
-1.101562500000000000e+00
-3.496093750000000000e-01
-7.539062500000000000e-01
6.757812500000000000e-01
-3.203125000000000000e+00
1.748046875000000000e-01
1.585937500000000000e+00
-1.460937500000000000e+00
-2.949218750000000000e-01
1.929687500000000000e+00
-1.070312500000000000e+00
1.117187500000000000e+00
-8.007812500000000000e-01
2.140625000000000000e+00
1.320312500000000000e+00
5.395507812500000000e-02
1.804687500000000000e+00
-9.521484375000000000e-02
1.960937500000000000e+00
4.687500000000000000e-01
1.195312500000000000e+00
-1.101562500000000000e+00
1.460937500000000000e+00
3.261718750000000000e-01
1.630783081054687500e-04
1.218750000000000000e+00
1.648437500000000000e+00
1.312500000000000000e+00
7.031250000000000000e-01
-5.976562500000000000e-01
6.679687500000000000e-01
1.460937500000000000e+00
-3.671875000000000000e-01
1.164062500000000000e+00
2.109375000000000000e+00
1.000000000000000000e+00
-1.710937500000000000e+00
-6.176757812500000000e-02
-2.671875000000000000e+00
-1.343750000000000000e+00
-9.570312500000000000e-01
5.976562500000000000e-01
-7.695312500000000000e-01
-3.164062500000000000e-01
-7.617187500000000000e-01
2.255859375000000000e-01
1.007812500000000000e+00
9.179687500000000000e-01
-1.414062500000000000e+00
1.093750000000000000e+00
7.656250000000000000e-01
-1.406250000000000000e+00
9.843750000000000000e-01
-1.507812500000000000e+00
1.195312500000000000e+00
-1.054687500000000000e+00
1.750000000000000000e+00
2.714843750000000000e-01
1.375000000000000000e+00
1.748046875000000000e-01
-2.640625000000000000e+00
-1.054687500000000000e+00
2.392578125000000000e-01
7.226562500000000000e-01
7.617187500000000000e-02
-3.937500000000000000e+00
-1.531250000000000000e+00
-3.183593750000000000e-01
-2.046875000000000000e+00
-1.914062500000000000e+00
1.140625000000000000e+00
-9.335937500000000000e-01
3.417968750000000000e-01
-9.960937500000000000e-01
-1.513671875000000000e-01
-2.187500000000000000e-01
-1.695312500000000000e+00
1.376953125000000000e-01
1.273437500000000000e+00
-1.960937500000000000e+00
-1.789062500000000000e+00
2.046875000000000000e+00
9.570312500000000000e-01
8.437500000000000000e-01
-2.910156250000000000e-01
-1.176757812500000000e-01
-8.242187500000000000e-01
-1.023437500000000000e+00
-8.125000000000000000e-01
-6.406250000000000000e-01
-1.718750000000000000e+00
-4.406250000000000000e+00
-1.492187500000000000e+00
-5.429687500000000000e-01
-1.367187500000000000e+00
1.562500000000000000e+00
6.640625000000000000e-01
-1.687500000000000000e+00
-1.414062500000000000e+00
-4.160156250000000000e-01
-5.742187500000000000e-01
-8.437500000000000000e-01
7.382812500000000000e-01
-1.398437500000000000e+00
-4.785156250000000000e-01
1.085937500000000000e+00
2.490234375000000000e-01
-8.242187500000000000e-01
-5.507812500000000000e-01
3.437500000000000000e-01
-1.648437500000000000e+00
-1.023437500000000000e+00
-7.617187500000000000e-01
-1.210937500000000000e+00
9.882812500000000000e-01
-6.054687500000000000e-02
-2.187500000000000000e+00
1.414062500000000000e+00
-1.601562500000000000e+00
1.218750000000000000e+00
7.539062500000000000e-01
6.757812500000000000e-01
-1.710937500000000000e+00
1.476562500000000000e+00
-7.304687500000000000e-01
1.226562500000000000e+00
-3.359375000000000000e-01
4.160156250000000000e-01
1.007812500000000000e+00
-6.250000000000000000e-01
-1.257812500000000000e+00
1.523437500000000000e+00
1.179687500000000000e+00
-1.164062500000000000e+00
1.210937500000000000e+00
-1.132812500000000000e+00
1.937500000000000000e+00
8.867187500000000000e-01
6.992187500000000000e-01
1.257812500000000000e+00
2.226562500000000000e-01
1.289062500000000000e+00
9.843750000000000000e-01
9.257812500000000000e-01
1.898437500000000000e+00
5.507812500000000000e-01
1.960937500000000000e+00
-1.085937500000000000e+00
-1.070312500000000000e+00
9.804687500000000000e-01
3.300781250000000000e-01
6.015625000000000000e-01
1.191406250000000000e-01
1.218750000000000000e+00
1.234375000000000000e+00
8.710937500000000000e-01
-1.273437500000000000e+00
-1.726562500000000000e+00
7.695312500000000000e-01
6.757812500000000000e-01
-1.523437500000000000e+00
-1.687500000000000000e+00
8.437500000000000000e-01
1.648437500000000000e+00
1.523437500000000000e+00
-3.828125000000000000e+00
-1.195312500000000000e+00
-2.656250000000000000e-01
7.500000000000000000e-01
9.570312500000000000e-01
-1.414062500000000000e+00
7.695312500000000000e-01
1.585937500000000000e+00
1.593750000000000000e+00
1.750000000000000000e+00
-2.125000000000000000e+00
-4.968750000000000000e+00
1.621093750000000000e-01
-2.468750000000000000e+00
-1.171875000000000000e+00
5.585937500000000000e-01
-1.804687500000000000e+00
1.492187500000000000e+00
1.195312500000000000e+00
7.695312500000000000e-01
-1.140625000000000000e+00
2.046875000000000000e+00
1.748046875000000000e-01
2.500000000000000000e+00
-1.398437500000000000e+00
-9.492187500000000000e-01
-1.273437500000000000e+00
6.132812500000000000e-01
5.859375000000000000e-02
6.914062500000000000e-01
-2.519531250000000000e-01
-1.125000000000000000e+00
1.210937500000000000e+00
-2.375000000000000000e+00
-3.710937500000000000e-02
-5.500000000000000000e+00
-5.625000000000000000e-01
-6.562500000000000000e-01
-4.406250000000000000e+00
1.023437500000000000e+00
1.320312500000000000e+00
2.304687500000000000e-01
2.158203125000000000e-01
-1.414062500000000000e+00
-2.390625000000000000e+00
1.625000000000000000e+00
5.156250000000000000e-01
-1.054687500000000000e+00
1.468750000000000000e+00
1.210937500000000000e+00
-1.904296875000000000e-01
9.804687500000000000e-01
-1.000976562500000000e-01
8.007812500000000000e-01
-4.628906250000000000e-01
-6.757812500000000000e-01
-1.273437500000000000e+00
1.085937500000000000e+00
1.210937500000000000e+00
-8.554687500000000000e-01
