-2.015625000000000000e+00
3.183593750000000000e-01
-7.382812500000000000e-01
1.289062500000000000e-01
7.500000000000000000e-01
1.437500000000000000e+00
3.906250000000000000e-02
7.421875000000000000e-02
-9.228515625000000000e-02
1.132812500000000000e-01
2.255859375000000000e-01
4.028320312500000000e-02
7.382812500000000000e-01
-2.656250000000000000e-01
-1.962890625000000000e-01
-2.890625000000000000e-01
1.351562500000000000e+00
-4.370117187500000000e-02
3.671875000000000000e-01
-1.664062500000000000e+00
2.558593750000000000e-01
3.500000000000000000e+00
-3.859375000000000000e+00
2.636718750000000000e-01
2.795410156250000000e-02
-5.507812500000000000e-01
-1.414062500000000000e+00
9.062500000000000000e-01
-6.679687500000000000e-01
2.519531250000000000e-01
3.085937500000000000e-01
2.484375000000000000e+00
2.949218750000000000e-01
-1.039062500000000000e+00
-1.215820312500000000e-01
-2.578125000000000000e-01
2.203125000000000000e+00
-1.585937500000000000e+00
-2.675781250000000000e-01
-1.203125000000000000e+00
1.078125000000000000e+00
3.925781250000000000e-01
-5.976562500000000000e-01
3.105468750000000000e-01
9.804687500000000000e-01
7.304687500000000000e-01
3.750000000000000000e-01
-8.437500000000000000e-01
1.500000000000000000e+00
2.451171875000000000e-01
-9.335937500000000000e-01
-6.210937500000000000e-01
2.500000000000000000e+00
8.125000000000000000e-01
1.835937500000000000e-01
1.794433593750000000e-02
-1.117187500000000000e+00
-3.187500000000000000e+00
1.689453125000000000e-01
-1.269531250000000000e-01
-1.726562500000000000e+00
2.949218750000000000e-01
-1.078125000000000000e+00
5.273437500000000000e-01
3.984375000000000000e-01
1.650390625000000000e-01
-2.871093750000000000e-01
-3.046875000000000000e-01
-6.835937500000000000e-01
-4.316406250000000000e-01
1.376953125000000000e-01
-2.087402343750000000e-02
-7.304687500000000000e-01
-1.523437500000000000e+00
2.203125000000000000e+00
1.179687500000000000e+00
2.675781250000000000e-01
6.875000000000000000e-01
1.259765625000000000e-01
2.636718750000000000e-01
1.664062500000000000e+00
9.912109375000000000e-02
-3.393554687500000000e-02
2.294921875000000000e-01
-1.507812500000000000e+00
9.960937500000000000e-01
-1.582031250000000000e-01
-1.696777343750000000e-02
-2.609252929687500000e-03
7.656250000000000000e-01
-9.492187500000000000e-01
-3.261718750000000000e-01
3.183593750000000000e-01
-9.804687500000000000e-01
2.453125000000000000e+00
6.679687500000000000e-01
-1.601562500000000000e+00
-5.346679687500000000e-02
-7.304687500000000000e-01
9.531250000000000000e-01
2.197265625000000000e-01
3.496093750000000000e-01
2.294921875000000000e-01
1.773437500000000000e+00
4.902343750000000000e-01
2.412109375000000000e-01
-6.054687500000000000e-01
1.851562500000000000e+00
1.923828125000000000e-01
-1.492187500000000000e+00
1.225585937500000000e-01
5.200195312500000000e-02
1.750000000000000000e+00
-1.914062500000000000e-01
5.039062500000000000e-01
2.138671875000000000e-01
2.453125000000000000e+00
-2.451171875000000000e-01
6.494140625000000000e-02
1.494140625000000000e-01
-3.359375000000000000e-01
-8.593750000000000000e-02
3.613281250000000000e-01
-1.818847656250000000e-02
1.281250000000000000e+00
-4.418945312500000000e-02
5.273437500000000000e-01
4.765625000000000000e-01
1.015625000000000000e-01
2.792968750000000000e-01
1.968750000000000000e+00
2.431640625000000000e-01
1.679687500000000000e-01
-3.144531250000000000e-01
-2.714843750000000000e-01
1.298828125000000000e-01
-9.726562500000000000e-01
-4.531250000000000000e-01
3.535156250000000000e-01
-1.218750000000000000e+00
-1.750000000000000000e+00
1.976562500000000000e+00
2.656250000000000000e-01
-1.826171875000000000e-01
2.138671875000000000e-01
7.695312500000000000e-01
-1.570312500000000000e+00
-1.320312500000000000e+00
1.298828125000000000e-01
1.875000000000000000e-01
-1.726562500000000000e+00
9.492187500000000000e-01
-1.157226562500000000e-01
-3.242187500000000000e-01
5.390625000000000000e-01
-2.828125000000000000e+00
-4.531250000000000000e-01
-7.929687500000000000e-01
8.085937500000000000e-01
-8.710937500000000000e-01
-1.187500000000000000e+00
-1.726562500000000000e+00
1.796875000000000000e-01
-8.242187500000000000e-01
-1.789062500000000000e+00
2.832031250000000000e-01
-7.177734375000000000e-02
5.175781250000000000e-02
2.078125000000000000e+00
6.875000000000000000e-01
-2.148437500000000000e-01
6.494140625000000000e-02
4.902343750000000000e-01
2.343750000000000000e-02
4.589843750000000000e-01
9.912109375000000000e-02
-9.531250000000000000e-01
1.343750000000000000e+00
2.359375000000000000e+00
1.030273437500000000e-01
-2.000000000000000000e+00
6.787109375000000000e-02
-1.259765625000000000e-01
-1.343750000000000000e+00
-7.070312500000000000e-01
7.304687500000000000e-01
1.484375000000000000e-01
3.496093750000000000e-01
-3.637695312500000000e-02
2.031250000000000000e-01
2.949218750000000000e-01
-5.664062500000000000e-01
1.230468750000000000e-01
2.812500000000000000e-01
-1.806640625000000000e-01
-2.484375000000000000e+00
4.824218750000000000e-01
-1.960937500000000000e+00
-6.835937500000000000e-01
4.316406250000000000e-01
2.832031250000000000e-01
-2.453125000000000000e+00
-3.637695312500000000e-02
-3.105468750000000000e-01
8.164062500000000000e-01
1.069335937500000000e-01
-4.550781250000000000e-01
-4.687500000000000000e-02
-8.349609375000000000e-02
-3.066406250000000000e-01
-8.945312500000000000e-01
1.357421875000000000e-01
6.289062500000000000e-01
7.695312500000000000e-01
-7.773437500000000000e-01
1.376953125000000000e-01
-1.429687500000000000e+00
-1.000976562500000000e-01
-1.304687500000000000e+00
-2.640625000000000000e+00
1.171875000000000000e-01
9.062500000000000000e-01
-2.871093750000000000e-01
3.906250000000000000e-02
-3.046875000000000000e+00
-4.956054687500000000e-02
-1.054687500000000000e+00
3.105468750000000000e-01
-2.546875000000000000e+00
9.257812500000000000e-01
2.597656250000000000e-01
-1.625000000000000000e+00
-3.906250000000000000e-03
-4.433593750000000000e-01
-3.574218750000000000e-01
6.562500000000000000e-01
-1.710937500000000000e+00
4.956054687500000000e-02
-6.367187500000000000e-01
-3.300781250000000000e-01
1.992187500000000000e-01
2.046875000000000000e+00
2.140625000000000000e+00
-8.554687500000000000e-01
-1.789062500000000000e+00
-1.585937500000000000e+00
-1.835937500000000000e+00
3.007812500000000000e-01
-1.062500000000000000e+00
5.429687500000000000e-01
-3.375000000000000000e+00
-3.925781250000000000e-01
-1.429687500000000000e+00
4.375000000000000000e-01
1.376953125000000000e-01
8.750000000000000000e-01
-8.320312500000000000e-01
4.062500000000000000e-01
-5.585937500000000000e-01
-9.687500000000000000e-01
-1.328125000000000000e+00
-7.343750000000000000e-01
-1.171875000000000000e-01
-9.179687500000000000e-01
6.494140625000000000e-02
8.476562500000000000e-01
-5.742187500000000000e-01
-1.601562500000000000e+00
-9.531250000000000000e-01
2.988281250000000000e-01
6.406250000000000000e-01
-1.132812500000000000e+00
-4.785156250000000000e-01
1.767578125000000000e-01
-1.147460937500000000e-01
-4.355468750000000000e-01
2.187500000000000000e-01
-2.390625000000000000e+00
4.121093750000000000e-01
-1.494140625000000000e-01
-1.062500000000000000e+00
6.250000000000000000e-02
-5.468750000000000000e-01
6.640625000000000000e-01
1.679687500000000000e-01
-2.373046875000000000e-01
-1.748046875000000000e-01
5.981445312500000000e-02
-1.328125000000000000e-01
-7.382812500000000000e-01
6.679687500000000000e-01
1.818847656250000000e-02
-1.039062500000000000e+00
-2.734375000000000000e-01
7.500000000000000000e-01
2.851562500000000000e-01
-2.087402343750000000e-02
1.085937500000000000e+00
2.910156250000000000e-01
1.000976562500000000e-01
1.601562500000000000e+00
1.382812500000000000e+00
-4.589843750000000000e-01
4.667968750000000000e-01
-4.296875000000000000e-01
1.304687500000000000e+00
2.138671875000000000e-01
9.423828125000000000e-02
1.148437500000000000e+00
-9.375000000000000000e-01
-2.343750000000000000e-01
-1.210937500000000000e+00
-3.339843750000000000e-01
9.228515625000000000e-02
8.837890625000000000e-02
-1.257812500000000000e+00
7.695312500000000000e-01
-7.568359375000000000e-02
2.343750000000000000e-02
0.000000000000000000e+00
4.707031250000000000e-01
-4.956054687500000000e-02
2.609252929687500000e-03
1.570312500000000000e+00
-3.046875000000000000e+00
-6.289062500000000000e-01
-1.726562500000000000e+00
1.289062500000000000e+00
3.105468750000000000e-01
-1.367187500000000000e+00
-3.886718750000000000e-01
7.275390625000000000e-02
8.398437500000000000e-01
1.992187500000000000e+00
-1.273437500000000000e+00
-1.164062500000000000e+00
7.187500000000000000e-01
-2.859375000000000000e+00
-2.078125000000000000e+00
5.156250000000000000e-01
2.294921875000000000e-01
2.558593750000000000e-01
-1.937500000000000000e+00
-1.679687500000000000e-01
1.513671875000000000e-01
2.753906250000000000e-01
-9.882812500000000000e-01
4.000000000000000000e+00
2.656250000000000000e-01
-5.664062500000000000e-01
1.140625000000000000e+00
-1.748046875000000000e-01
-1.250000000000000000e-01
-2.060546875000000000e-01
4.765625000000000000e-01
-1.914062500000000000e+00
2.359375000000000000e+00
-2.515625000000000000e+00
6.054687500000000000e-01
-2.656250000000000000e+00
4.843750000000000000e-01
-1.554687500000000000e+00
-3.375000000000000000e+00
2.265625000000000000e-01
5.468750000000000000e-01
-8.750000000000000000e-01
-3.320312500000000000e-01
5.585937500000000000e-01
-2.312500000000000000e+00
3.925781250000000000e-01
3.066406250000000000e-01
9.804687500000000000e-01
3.984375000000000000e-01
5.625000000000000000e-01
-4.746093750000000000e-01
-1.000976562500000000e-01
-1.007812500000000000e+00
-5.218505859375000000e-03
4.316406250000000000e-01
-2.949218750000000000e-01
-1.070312500000000000e+00
2.656250000000000000e-01
2.031250000000000000e+00
-1.968750000000000000e+00
