-1.187500000000000000e+00
6.757812500000000000e-01
-1.875000000000000000e+00
1.062500000000000000e+00
-4.531250000000000000e-01
9.687500000000000000e-01
9.687500000000000000e-01
8.007812500000000000e-01
-9.101562500000000000e-01
-1.507812500000000000e+00
1.101562500000000000e+00
1.148437500000000000e+00
2.000000000000000000e+00
3.105468750000000000e-01
9.062500000000000000e-01
2.871093750000000000e-01
-2.197265625000000000e-01
7.460937500000000000e-01
-8.056640625000000000e-02
-9.882812500000000000e-01
-2.910156250000000000e-01
2.562500000000000000e+00
-6.156250000000000000e+00
-5.546875000000000000e-01
8.242187500000000000e-01
3.808593750000000000e-01
-4.281250000000000000e+00
-1.210937500000000000e+00
1.196289062500000000e-01
-1.242187500000000000e+00
1.164062500000000000e+00
1.554687500000000000e+00
1.132812500000000000e+00
-5.039062500000000000e-01
-3.652343750000000000e-01
-1.656250000000000000e+00
8.867187500000000000e-01
-3.378906250000000000e-01
3.250122070312500000e-03
-5.937500000000000000e-01
-6.093750000000000000e-01
1.625000000000000000e+00
1.210937500000000000e+00
-2.968750000000000000e-01
-1.898437500000000000e+00
1.085937500000000000e+00
1.125000000000000000e+00
1.328125000000000000e-01
1.031250000000000000e+00
5.664062500000000000e-01
-2.109375000000000000e-01
-1.687500000000000000e+00
1.617187500000000000e+00
-8.007812500000000000e-01
9.492187500000000000e-01
0.000000000000000000e+00
3.964843750000000000e-01
-3.171875000000000000e+00
3.144531250000000000e-01
6.757812500000000000e-01
-3.378906250000000000e-01
9.179687500000000000e-01
-1.171875000000000000e-01
1.960937500000000000e+00
1.898437500000000000e+00
1.767578125000000000e-01
9.179687500000000000e-01
2.832031250000000000e-01
4.472656250000000000e-01
8.242187500000000000e-01
-1.601562500000000000e+00
1.328125000000000000e+00
3.027343750000000000e-01
-1.218750000000000000e+00
2.453125000000000000e+00
4.394531250000000000e-01
2.000000000000000000e+00
1.257812500000000000e+00
1.687500000000000000e+00
-1.250000000000000000e-01
2.546875000000000000e+00
5.585937500000000000e-01
-7.812500000000000000e-01
-7.304687500000000000e-01
-2.062500000000000000e+00
1.085937500000000000e+00
-7.695312500000000000e-01
1.031250000000000000e+00
5.117187500000000000e-01
-2.500000000000000000e+00
-3.417968750000000000e-01
1.398437500000000000e+00
-1.031250000000000000e+00
6.494140625000000000e-02
1.046875000000000000e+00
-9.492187500000000000e-01
1.040039062500000000e-01
8.945312500000000000e-01
-1.757812500000000000e+00
1.132812500000000000e+00
3.027343750000000000e-01
-2.140625000000000000e+00
-1.257812500000000000e+00
1.875000000000000000e+00
1.054687500000000000e+00
1.562500000000000000e+00
-1.328125000000000000e-01
1.812500000000000000e+00
-1.195312500000000000e+00
-1.113281250000000000e-01
1.601562500000000000e+00
-8.085937500000000000e-01
1.437500000000000000e+00
8.593750000000000000e-02
-6.875000000000000000e-01
1.898437500000000000e+00
1.914062500000000000e+00
-5.312500000000000000e-01
-1.648437500000000000e+00
-5.742187500000000000e-01
-9.179687500000000000e-01
-1.851562500000000000e+00
-2.294921875000000000e-01
1.046875000000000000e+00
1.250000000000000000e+00
3.222656250000000000e-01
1.718750000000000000e+00
1.351562500000000000e+00
1.242187500000000000e+00
9.179687500000000000e-01
1.757812500000000000e+00
1.218750000000000000e+00
6.757812500000000000e-01
-1.132812500000000000e+00
-2.265625000000000000e+00
-8.837890625000000000e-02
-8.251953125000000000e-02
4.843750000000000000e-01
1.679687500000000000e+00
-1.070312500000000000e+00
-1.007812500000000000e+00
2.031250000000000000e+00
1.562500000000000000e+00
3.828125000000000000e-01
1.437500000000000000e+00
-8.281250000000000000e-01
-9.912109375000000000e-02
-6.835937500000000000e-01
9.570312500000000000e-01
1.273437500000000000e+00
-5.039062500000000000e-01
-4.042968750000000000e-01
-1.164062500000000000e+00
-3.125000000000000000e-01
-1.429687500000000000e+00
-2.812500000000000000e+00
-3.515625000000000000e-01
-2.519531250000000000e-01
2.988281250000000000e-01
-1.062500000000000000e+00
-5.000000000000000000e-01
-9.726562500000000000e-01
5.351562500000000000e-01
-3.265625000000000000e+00
-1.049804687500000000e-01
1.320312500000000000e+00
-1.265625000000000000e+00
-2.636718750000000000e-01
2.078125000000000000e+00
-1.031250000000000000e+00
1.015625000000000000e+00
-8.164062500000000000e-01
1.937500000000000000e+00
1.101562500000000000e+00
-1.166992187500000000e-01
1.570312500000000000e+00
-2.753906250000000000e-01
2.000000000000000000e+00
9.375000000000000000e-01
1.054687500000000000e+00
-1.187500000000000000e+00
1.304687500000000000e+00
1.982421875000000000e-01
-2.158203125000000000e-01
1.062500000000000000e+00
1.382812500000000000e+00
1.179687500000000000e+00
7.304687500000000000e-01
-4.921875000000000000e-01
6.210937500000000000e-01
1.375000000000000000e+00
-4.589843750000000000e-01
1.000000000000000000e+00
1.875000000000000000e+00
8.554687500000000000e-01
-1.843750000000000000e+00
7.177734375000000000e-02
-2.750000000000000000e+00
-1.304687500000000000e+00
-9.179687500000000000e-01
6.054687500000000000e-01
-1.039062500000000000e+00
-2.333984375000000000e-01
-6.914062500000000000e-01
7.617187500000000000e-02
8.320312500000000000e-01
8.476562500000000000e-01
-1.398437500000000000e+00
9.179687500000000000e-01
6.328125000000000000e-01
-1.320312500000000000e+00
8.242187500000000000e-01
-1.382812500000000000e+00
1.289062500000000000e+00
-9.179687500000000000e-01
1.476562500000000000e+00
3.906250000000000000e-03
1.218750000000000000e+00
2.187500000000000000e-01
-2.796875000000000000e+00
-1.023437500000000000e+00
1.147460937500000000e-01
6.210937500000000000e-01
4.125976562500000000e-02
-3.984375000000000000e+00
-1.375000000000000000e+00
-4.687500000000000000e-01
-2.234375000000000000e+00
-2.015625000000000000e+00
1.273437500000000000e+00
-8.554687500000000000e-01
7.812500000000000000e-03
-1.132812500000000000e+00
-1.020507812500000000e-01
-2.421875000000000000e-01
-1.664062500000000000e+00
1.992187500000000000e-01
1.195312500000000000e+00
-1.664062500000000000e+00
-1.656250000000000000e+00
1.804687500000000000e+00
1.195312500000000000e+00
1.398437500000000000e+00
-3.320312500000000000e-01
-3.046875000000000000e-01
-9.882812500000000000e-01
-1.179687500000000000e+00
-7.656250000000000000e-01
-7.773437500000000000e-01
-1.750000000000000000e+00
-4.437500000000000000e+00
-1.304687500000000000e+00
-7.773437500000000000e-01
-1.257812500000000000e+00
1.398437500000000000e+00
8.007812500000000000e-01
-1.585937500000000000e+00
-1.257812500000000000e+00
-4.433593750000000000e-01
-5.234375000000000000e-01
-7.187500000000000000e-01
5.742187500000000000e-01
-1.195312500000000000e+00
-4.609375000000000000e-01
9.726562500000000000e-01
3.535156250000000000e-01
-7.031250000000000000e-01
-7.343750000000000000e-01
1.093750000000000000e-01
-1.625000000000000000e+00
-1.351562500000000000e+00
-8.281250000000000000e-01
-1.039062500000000000e+00
8.398437500000000000e-01
-1.748046875000000000e-01
-2.296875000000000000e+00
1.226562500000000000e+00
-1.835937500000000000e+00
1.101562500000000000e+00
6.289062500000000000e-01
5.000000000000000000e-01
-1.742187500000000000e+00
1.210937500000000000e+00
-6.445312500000000000e-01
9.570312500000000000e-01
-4.472656250000000000e-01
3.144531250000000000e-01
9.375000000000000000e-01
-5.976562500000000000e-01
-1.078125000000000000e+00
1.406250000000000000e+00
1.085937500000000000e+00
-1.273437500000000000e+00
1.070312500000000000e+00
-9.804687500000000000e-01
1.750000000000000000e+00
8.007812500000000000e-01
5.468750000000000000e-01
1.093750000000000000e+00
8.740234375000000000e-02
1.437500000000000000e+00
1.132812500000000000e+00
6.132812500000000000e-01
1.664062500000000000e+00
4.218750000000000000e-01
2.000000000000000000e+00
-1.093750000000000000e+00
-1.117187500000000000e+00
1.125000000000000000e+00
2.314453125000000000e-01
4.472656250000000000e-01
-1.767578125000000000e-01
1.117187500000000000e+00
1.070312500000000000e+00
8.164062500000000000e-01
-1.109375000000000000e+00
-1.593750000000000000e+00
6.054687500000000000e-01
6.093750000000000000e-01
-1.414062500000000000e+00
-1.414062500000000000e+00
7.187500000000000000e-01
1.437500000000000000e+00
1.562500000000000000e+00
-3.921875000000000000e+00
-1.039062500000000000e+00
-3.750000000000000000e-01
5.703125000000000000e-01
9.570312500000000000e-01
-1.273437500000000000e+00
6.210937500000000000e-01
1.398437500000000000e+00
1.570312500000000000e+00
1.898437500000000000e+00
-2.000000000000000000e+00
-4.843750000000000000e+00
2.441406250000000000e-03
-2.671875000000000000e+00
-1.375000000000000000e+00
5.625000000000000000e-01
-1.679687500000000000e+00
1.375000000000000000e+00
9.257812500000000000e-01
6.289062500000000000e-01
-1.070312500000000000e+00
1.789062500000000000e+00
6.396484375000000000e-02
3.015625000000000000e+00
-1.414062500000000000e+00
-1.117187500000000000e+00
-1.148437500000000000e+00
5.039062500000000000e-01
-2.380371093750000000e-02
5.156250000000000000e-01
-1.171875000000000000e-01
-1.320312500000000000e+00
1.617187500000000000e+00
-2.484375000000000000e+00
6.500244140625000000e-03
-5.468750000000000000e+00
-5.351562500000000000e-01
-9.179687500000000000e-01
-4.406250000000000000e+00
8.476562500000000000e-01
1.281250000000000000e+00
1.304626464843750000e-03
1.455078125000000000e-01
-1.273437500000000000e+00
-2.265625000000000000e+00
1.500000000000000000e+00
3.847656250000000000e-01
-1.085937500000000000e+00
1.343750000000000000e+00
9.687500000000000000e-01
-1.079101562500000000e-01
8.437500000000000000e-01
-2.158203125000000000e-01
7.187500000000000000e-01
-4.843750000000000000e-01
-5.976562500000000000e-01
-1.054687500000000000e+00
9.375000000000000000e-01
1.500000000000000000e+00
-1.039062500000000000e+00
