3.734375000000000000e+00
7.304687500000000000e-01
-3.078125000000000000e+00
2.453125000000000000e+00
-9.804687500000000000e-01
-1.070312500000000000e+00
1.257812500000000000e+00
1.664062500000000000e+00
-1.398437500000000000e+00
-2.125000000000000000e+00
1.789062500000000000e+00
1.726562500000000000e+00
2.359375000000000000e+00
5.507812500000000000e-01
2.062500000000000000e+00
9.062500000000000000e-01
-2.250000000000000000e+00
1.851562500000000000e+00
4.375000000000000000e+00
1.796875000000000000e-01
-1.000000000000000000e+00
1.179687500000000000e+00
-4.281250000000000000e+00
-8.437500000000000000e-01
2.125000000000000000e+00
1.445312500000000000e+00
-2.921875000000000000e+00
-1.523437500000000000e+00
1.257812500000000000e+00
-2.562500000000000000e+00
3.546875000000000000e+00
-1.898437500000000000e+00
2.875000000000000000e+00
-1.914062500000000000e+00
-1.664062500000000000e+00
-1.914062500000000000e+00
-8.320312500000000000e-01
2.060546875000000000e-01
1.031250000000000000e+00
-9.570312500000000000e-02
-1.164062500000000000e+00
3.921875000000000000e+00
2.265625000000000000e+00
-8.867187500000000000e-01
-2.734375000000000000e+00
8.320312500000000000e-01
1.273437500000000000e+00
6.562500000000000000e-01
-1.865234375000000000e-01
2.640625000000000000e+00
8.320312500000000000e-01
-2.328125000000000000e+00
-2.539062500000000000e-01
-1.656250000000000000e+00
2.953125000000000000e+00
3.125000000000000000e+00
5.000000000000000000e-01
1.507812500000000000e+00
1.179687500000000000e+00
1.585937500000000000e+00
3.593750000000000000e-01
9.960937500000000000e-01
1.062500000000000000e+00
3.437500000000000000e+00
2.609375000000000000e+00
-2.539062500000000000e-02
3.203125000000000000e+00
1.708984375000000000e-01
1.804687500000000000e+00
-3.144531250000000000e-01
-2.078125000000000000e+00
4.941406250000000000e-01
1.054687500000000000e+00
-2.500000000000000000e+00
9.648437500000000000e-01
-3.203125000000000000e+00
3.500000000000000000e+00
1.070312500000000000e+00
3.109375000000000000e+00
6.054687500000000000e-01
2.421875000000000000e+00
1.445312500000000000e+00
-5.546875000000000000e-01
-4.902343750000000000e-01
-2.890625000000000000e+00
-6.250000000000000000e-01
2.078125000000000000e+00
2.828125000000000000e+00
1.046875000000000000e+00
-3.265625000000000000e+00
5.507812500000000000e-01
2.375000000000000000e+00
-2.250000000000000000e+00
1.132812500000000000e+00
-1.429687500000000000e+00
-2.640625000000000000e+00
5.187500000000000000e+00
2.078125000000000000e+00
-3.390625000000000000e+00
7.070312500000000000e-01
2.984375000000000000e+00
-2.546875000000000000e+00
-2.484375000000000000e+00
1.679687500000000000e+00
3.421875000000000000e+00
3.375000000000000000e+00
-7.343750000000000000e-01
1.062500000000000000e+00
-1.320312500000000000e+00
8.632812500000000000e-01
3.937500000000000000e+00
-2.796875000000000000e+00
2.519531250000000000e-01
1.101562500000000000e+00
-1.148437500000000000e+00
3.453125000000000000e+00
-2.015625000000000000e+00
-8.945312500000000000e-01
-1.750000000000000000e+00
-1.085937500000000000e+00
-2.546875000000000000e+00
-2.546875000000000000e+00
-1.210937500000000000e+00
1.500000000000000000e+00
6.757812500000000000e-01
1.195312500000000000e+00
2.484375000000000000e+00
4.218750000000000000e+00
2.703125000000000000e+00
7.304687500000000000e-01
3.691406250000000000e-01
-3.164062500000000000e-01
1.320312500000000000e+00
-2.109375000000000000e+00
2.656250000000000000e+00
2.148437500000000000e-01
7.070312500000000000e-01
2.375000000000000000e+00
2.750000000000000000e+00
-2.218750000000000000e+00
-9.619140625000000000e-02
6.884765625000000000e-02
2.812500000000000000e+00
7.382812500000000000e-01
2.640625000000000000e+00
-2.062500000000000000e+00
3.296875000000000000e+00
-8.789062500000000000e-01
2.437500000000000000e+00
2.359375000000000000e+00
4.843750000000000000e+00
-1.164062500000000000e+00
-1.843750000000000000e+00
-7.500000000000000000e-01
-1.414062500000000000e+00
7.382812500000000000e-01
-9.062500000000000000e-01
4.418945312500000000e-02
-4.785156250000000000e-01
-2.390625000000000000e+00
4.921875000000000000e-01
1.539062500000000000e+00
1.585937500000000000e+00
-4.277343750000000000e-01
1.148437500000000000e+00
3.796875000000000000e+00
-1.867187500000000000e+00
4.511718750000000000e-01
1.273437500000000000e+00
-2.390625000000000000e+00
1.195312500000000000e+00
3.515625000000000000e-02
3.671875000000000000e+00
2.953125000000000000e+00
2.060546875000000000e-01
3.390625000000000000e+00
9.882812500000000000e-01
2.203125000000000000e+00
-1.460937500000000000e+00
2.203125000000000000e+00
1.320312500000000000e+00
2.890625000000000000e+00
2.080078125000000000e-01
7.500000000000000000e-01
7.148437500000000000e-01
4.125000000000000000e+00
1.601562500000000000e+00
8.242187500000000000e-01
-9.882812500000000000e-01
9.570312500000000000e-01
2.250000000000000000e+00
-5.039062500000000000e-01
2.921875000000000000e+00
3.578125000000000000e+00
1.523437500000000000e+00
1.781250000000000000e+00
-5.976562500000000000e-01
9.414062500000000000e-01
-1.531250000000000000e+00
-1.117187500000000000e+00
6.679687500000000000e-01
2.796875000000000000e+00
-1.046875000000000000e+00
-2.515625000000000000e+00
4.511718750000000000e-01
3.375000000000000000e+00
-4.394531250000000000e-03
-1.710937500000000000e+00
2.421875000000000000e+00
2.578125000000000000e+00
-2.390625000000000000e+00
2.890625000000000000e+00
-2.234375000000000000e+00
7.968750000000000000e-01
-2.531250000000000000e+00
4.281250000000000000e+00
3.546875000000000000e+00
1.945312500000000000e+00
-2.625000000000000000e+00
1.000000000000000000e+00
-9.570312500000000000e-01
7.500000000000000000e-01
1.101562500000000000e+00
2.558593750000000000e-01
-1.031250000000000000e+00
-2.453125000000000000e+00
6.875000000000000000e-01
-2.437500000000000000e+00
4.687500000000000000e-02
-2.783203125000000000e-02
-1.531250000000000000e+00
4.625000000000000000e+00
2.765625000000000000e+00
-9.882812500000000000e-01
1.630859375000000000e-01
-2.140625000000000000e+00
-7.812500000000000000e-01
1.289062500000000000e+00
-2.921875000000000000e+00
-2.515625000000000000e+00
3.046875000000000000e+00
6.875000000000000000e-01
-3.453125000000000000e+00
-1.000000000000000000e+00
5.898437500000000000e-01
1.113281250000000000e-01
-3.671875000000000000e-01
-1.234375000000000000e+00
7.666015625000000000e-02
-2.125000000000000000e+00
-1.437500000000000000e+00
-2.625000000000000000e+00
2.953125000000000000e+00
-1.960937500000000000e+00
2.390625000000000000e+00
-6.992187500000000000e-01
-2.750000000000000000e+00
-2.921875000000000000e+00
-1.625000000000000000e+00
-2.234375000000000000e+00
-2.562500000000000000e+00
1.492187500000000000e+00
-1.875000000000000000e+00
-8.164062500000000000e-01
9.687500000000000000e-01
-4.296875000000000000e-01
-2.234375000000000000e+00
4.902343750000000000e-01
1.437500000000000000e+00
-1.726562500000000000e+00
-4.160156250000000000e-01
-1.611328125000000000e-01
-2.437500000000000000e+00
1.968750000000000000e+00
2.519531250000000000e-01
3.769531250000000000e-01
3.375000000000000000e+00
2.328125000000000000e+00
1.937500000000000000e+00
2.156250000000000000e+00
2.046875000000000000e+00
-1.843750000000000000e+00
2.859375000000000000e+00
-1.007812500000000000e+00
1.812500000000000000e+00
-1.748046875000000000e-01
1.507812500000000000e+00
1.414062500000000000e+00
-4.003906250000000000e-01
-2.500000000000000000e+00
1.523437500000000000e+00
1.625000000000000000e+00
-7.929687500000000000e-01
1.148437500000000000e+00
-2.078125000000000000e+00
2.890625000000000000e+00
2.140625000000000000e+00
5.507812500000000000e-01
2.812500000000000000e+00
6.093750000000000000e-01
7.617187500000000000e-01
1.696777343750000000e-02
4.000000000000000000e+00
3.437500000000000000e+00
1.773437500000000000e+00
1.664062500000000000e+00
-9.375000000000000000e-01
1.804687500000000000e+00
3.222656250000000000e-01
1.320312500000000000e+00
1.750000000000000000e+00
1.445312500000000000e-01
8.164062500000000000e-01
2.484375000000000000e+00
1.132812500000000000e+00
-2.515625000000000000e+00
-2.515625000000000000e+00
2.734375000000000000e+00
1.585937500000000000e+00
-1.945312500000000000e+00
-3.375000000000000000e+00
2.078125000000000000e+00
2.437500000000000000e+00
1.187500000000000000e+00
-1.835937500000000000e+00
-2.578125000000000000e+00
6.250000000000000000e-02
8.281250000000000000e-01
8.476562500000000000e-01
-2.890625000000000000e+00
1.070312500000000000e+00
2.140625000000000000e+00
1.710937500000000000e+00
1.195312500000000000e+00
-2.875000000000000000e+00
-2.859375000000000000e+00
2.890625000000000000e-01
1.726562500000000000e+00
1.093750000000000000e+00
7.812500000000000000e-02
-2.296875000000000000e+00
2.250000000000000000e+00
3.203125000000000000e+00
2.171875000000000000e+00
-1.109375000000000000e+00
3.953125000000000000e+00
-1.187500000000000000e+00
-1.523437500000000000e-01
-1.757812500000000000e+00
9.804687500000000000e-01
-2.062500000000000000e+00
2.078125000000000000e+00
-8.242187500000000000e-01
2.921875000000000000e+00
-5.585937500000000000e-01
1.375000000000000000e+00
-1.281250000000000000e+00
-3.847656250000000000e-01
-7.812500000000000000e-01
-3.625000000000000000e+00
-7.187500000000000000e-01
5.976562500000000000e-01
-1.875000000000000000e+00
2.625000000000000000e+00
1.320312500000000000e+00
6.250000000000000000e-01
8.632812500000000000e-01
-1.664062500000000000e+00
-3.421875000000000000e+00
2.875000000000000000e+00
2.093750000000000000e+00
-1.625000000000000000e+00
1.976562500000000000e+00
4.093750000000000000e+00
-8.242187500000000000e-01
1.664062500000000000e+00
-1.542968750000000000e-01
1.218750000000000000e+00
-1.125000000000000000e+00
-2.333984375000000000e-01
-2.828125000000000000e+00
2.453125000000000000e+00
9.716796875000000000e-02
2.375000000000000000e+00
