-2.109375000000000000e+00
1.640625000000000000e-01
-1.445312500000000000e+00
6.132812500000000000e-01
-2.656250000000000000e-01
1.335937500000000000e+00
7.695312500000000000e-01
4.042968750000000000e-01
-7.500000000000000000e-01
-1.226562500000000000e+00
7.500000000000000000e-01
9.570312500000000000e-01
1.445312500000000000e+00
2.080078125000000000e-01
5.273437500000000000e-01
7.373046875000000000e-02
6.367187500000000000e-01
3.339843750000000000e-01
-9.335937500000000000e-01
-1.210937500000000000e+00
-1.406250000000000000e-01
3.015625000000000000e+00
-5.375000000000000000e+00
-4.062500000000000000e-01
4.218750000000000000e-01
-7.421875000000000000e-02
-3.609375000000000000e+00
-8.593750000000000000e-01
-2.929687500000000000e-02
-8.242187500000000000e-01
5.507812500000000000e-01
2.406250000000000000e+00
6.406250000000000000e-01
-4.453125000000000000e-01
-1.718750000000000000e-01
-1.445312500000000000e+00
1.593750000000000000e+00
-9.062500000000000000e-01
-1.708984375000000000e-01
-8.085937500000000000e-01
-9.375000000000000000e-02
1.007812500000000000e+00
6.015625000000000000e-01
-2.187500000000000000e-01
-1.414062500000000000e+00
9.843750000000000000e-01
1.070312500000000000e+00
-3.979492187500000000e-02
1.375000000000000000e+00
2.890625000000000000e-01
-5.312500000000000000e-01
-1.335937500000000000e+00
2.046875000000000000e+00
-4.472656250000000000e-01
4.316406250000000000e-01
-5.976562500000000000e-01
2.600097656250000000e-02
-3.703125000000000000e+00
2.470703125000000000e-01
3.417968750000000000e-01
-8.867187500000000000e-01
7.539062500000000000e-01
-4.316406250000000000e-01
1.351562500000000000e+00
1.210937500000000000e+00
1.591796875000000000e-01
2.832031250000000000e-01
-2.373046875000000000e-01
1.337890625000000000e-01
6.718750000000000000e-01
-1.414062500000000000e+00
1.398437500000000000e+00
1.088867187500000000e-01
-1.343750000000000000e+00
2.671875000000000000e+00
1.406250000000000000e+00
1.250000000000000000e+00
1.078125000000000000e+00
9.531250000000000000e-01
7.812500000000000000e-02
2.187500000000000000e+00
3.515625000000000000e-01
-1.242187500000000000e+00
-8.945312500000000000e-01
-1.867187500000000000e+00
1.320312500000000000e+00
-9.882812500000000000e-01
5.625000000000000000e-01
3.183593750000000000e-01
-1.851562500000000000e+00
-7.695312500000000000e-01
6.679687500000000000e-01
-6.757812500000000000e-01
-2.656250000000000000e-01
1.867187500000000000e+00
-3.437500000000000000e-01
-1.039062500000000000e+00
4.140625000000000000e-01
-9.101562500000000000e-01
1.039062500000000000e+00
-1.269531250000000000e-01
-1.695312500000000000e+00
-6.210937500000000000e-01
1.726562500000000000e+00
5.039062500000000000e-01
9.570312500000000000e-01
-2.695312500000000000e-01
1.914062500000000000e+00
-1.140625000000000000e+00
-6.054687500000000000e-01
9.218750000000000000e-01
-2.812500000000000000e-01
1.656250000000000000e+00
-5.585937500000000000e-01
-4.628906250000000000e-01
1.101562500000000000e+00
2.812500000000000000e+00
-9.687500000000000000e-01
-1.570312500000000000e+00
-2.890625000000000000e-01
-7.343750000000000000e-01
-1.335937500000000000e+00
-1.611328125000000000e-01
8.242187500000000000e-01
1.195312500000000000e+00
1.376953125000000000e-01
1.257812500000000000e+00
6.679687500000000000e-01
7.500000000000000000e-01
7.656250000000000000e-01
1.945312500000000000e+00
8.945312500000000000e-01
4.082031250000000000e-01
-8.320312500000000000e-01
-2.765625000000000000e+00
-1.098632812500000000e-01
-5.195312500000000000e-01
1.892089843750000000e-02
1.203125000000000000e+00
-1.210937500000000000e+00
-1.132812500000000000e+00
2.265625000000000000e+00
1.039062500000000000e+00
2.597656250000000000e-01
9.570312500000000000e-01
-1.953125000000000000e-01
-1.023437500000000000e+00
-8.867187500000000000e-01
5.585937500000000000e-01
7.968750000000000000e-01
-1.718750000000000000e+00
-1.132812500000000000e-01
-1.195312500000000000e+00
-1.904296875000000000e-01
-1.195312500000000000e+00
-3.375000000000000000e+00
-2.158203125000000000e-01
-6.562500000000000000e-01
5.156250000000000000e-01
-9.179687500000000000e-01
-6.367187500000000000e-01
-1.757812500000000000e+00
4.140625000000000000e-01
-3.046875000000000000e+00
-6.367187500000000000e-01
7.070312500000000000e-01
-1.078125000000000000e+00
-2.373046875000000000e-01
2.234375000000000000e+00
-4.394531250000000000e-01
7.382812500000000000e-01
-7.070312500000000000e-01
1.304687500000000000e+00
5.742187500000000000e-01
-4.174804687500000000e-02
8.125000000000000000e-01
-5.468750000000000000e-01
1.625000000000000000e+00
2.109375000000000000e+00
6.679687500000000000e-01
-1.656250000000000000e+00
7.382812500000000000e-01
1.669921875000000000e-01
-5.312500000000000000e-01
6.718750000000000000e-01
7.773437500000000000e-01
8.125000000000000000e-01
6.250000000000000000e-01
-7.382812500000000000e-01
5.000000000000000000e-01
9.062500000000000000e-01
-7.968750000000000000e-01
4.843750000000000000e-01
1.179687500000000000e+00
5.351562500000000000e-01
-2.515625000000000000e+00
2.636718750000000000e-01
-2.890625000000000000e+00
-1.335937500000000000e+00
-8.710937500000000000e-01
4.375000000000000000e-01
-2.093750000000000000e+00
-1.494140625000000000e-01
-2.832031250000000000e-01
4.375000000000000000e-01
3.359375000000000000e-01
3.222656250000000000e-01
-1.242187500000000000e+00
4.218750000000000000e-01
1.474609375000000000e-01
-1.023437500000000000e+00
3.984375000000000000e-01
-9.570312500000000000e-01
1.218750000000000000e+00
-3.515625000000000000e-01
7.226562500000000000e-01
-1.101562500000000000e+00
7.929687500000000000e-01
5.664062500000000000e-01
-3.078125000000000000e+00
-9.570312500000000000e-01
1.767578125000000000e-01
3.105468750000000000e-01
1.118164062500000000e-01
-4.000000000000000000e+00
-1.117187500000000000e+00
-6.367187500000000000e-01
-1.773437500000000000e+00
-2.328125000000000000e+00
1.445312500000000000e+00
-6.132812500000000000e-01
-1.242187500000000000e+00
-1.531250000000000000e+00
-7.177734375000000000e-02
-5.039062500000000000e-01
-1.414062500000000000e+00
1.728515625000000000e-01
8.554687500000000000e-01
-1.445312500000000000e+00
-1.375000000000000000e+00
1.148437500000000000e+00
1.539062500000000000e+00
2.640625000000000000e+00
-3.886718750000000000e-01
-6.250000000000000000e-01
-1.218750000000000000e+00
-1.382812500000000000e+00
-4.531250000000000000e-01
-7.812500000000000000e-01
-1.500000000000000000e+00
-4.125000000000000000e+00
-1.031250000000000000e+00
-1.273437500000000000e+00
-9.531250000000000000e-01
9.062500000000000000e-01
8.320312500000000000e-01
-1.351562500000000000e+00
-7.460937500000000000e-01
-4.746093750000000000e-01
-3.066406250000000000e-01
-4.843750000000000000e-01
-1.865234375000000000e-01
-9.687500000000000000e-01
-6.914062500000000000e-01
8.242187500000000000e-01
6.914062500000000000e-01
-6.445312500000000000e-01
-1.070312500000000000e+00
-2.451171875000000000e-01
-1.460937500000000000e+00
-1.273437500000000000e+00
-1.023437500000000000e+00
-7.031250000000000000e-01
5.585937500000000000e-01
-4.003906250000000000e-01
-2.187500000000000000e+00
6.601562500000000000e-01
-2.546875000000000000e+00
7.617187500000000000e-01
3.183593750000000000e-01
-1.718750000000000000e-01
-1.414062500000000000e+00
3.222656250000000000e-01
-5.781250000000000000e-01
4.355468750000000000e-01
-3.027343750000000000e-01
1.210937500000000000e-01
6.289062500000000000e-01
-7.070312500000000000e-01
-7.773437500000000000e-01
1.039062500000000000e+00
8.125000000000000000e-01
-1.164062500000000000e+00
7.304687500000000000e-01
-4.589843750000000000e-01
1.257812500000000000e+00
4.375000000000000000e-01
7.343750000000000000e-01
6.562500000000000000e-01
1.904296875000000000e-01
1.554687500000000000e+00
1.250000000000000000e+00
-1.337890625000000000e-01
1.132812500000000000e+00
3.979492187500000000e-02
1.976562500000000000e+00
-1.218750000000000000e+00
-1.273437500000000000e+00
1.351562500000000000e+00
-2.675781250000000000e-01
1.137695312500000000e-01
-3.984375000000000000e-01
6.992187500000000000e-01
6.679687500000000000e-01
6.445312500000000000e-01
-1.070312500000000000e+00
-1.125000000000000000e+00
2.353515625000000000e-01
3.769531250000000000e-01
-1.039062500000000000e+00
-7.070312500000000000e-01
2.871093750000000000e-01
9.492187500000000000e-01
1.539062500000000000e+00
-3.828125000000000000e+00
-8.945312500000000000e-01
-7.343750000000000000e-01
7.968750000000000000e-01
7.812500000000000000e-01
-1.023437500000000000e+00
3.691406250000000000e-01
8.945312500000000000e-01
1.335937500000000000e+00
1.945312500000000000e+00
-1.781250000000000000e+00
-3.671875000000000000e+00
1.962890625000000000e-01
-3.250000000000000000e+00
-1.937500000000000000e+00
2.314453125000000000e-01
-1.351562500000000000e+00
9.257812500000000000e-01
-3.593750000000000000e-01
2.714843750000000000e-01
-1.210937500000000000e+00
1.093750000000000000e+00
-5.218505859375000000e-03
4.000000000000000000e+00
-1.304687500000000000e+00
-1.632812500000000000e+00
-5.312500000000000000e-01
8.398437500000000000e-02
-1.035156250000000000e-01
-4.809570312500000000e-02
-1.318359375000000000e-01
-1.992187500000000000e+00
2.562500000000000000e+00
-2.796875000000000000e+00
1.757812500000000000e-01
-4.531250000000000000e+00
-2.470703125000000000e-01
-1.250000000000000000e+00
-4.250000000000000000e+00
4.531250000000000000e-01
9.648437500000000000e-01
-2.500000000000000000e-01
4.125976562500000000e-02
-6.523437500000000000e-01
-2.046875000000000000e+00
9.375000000000000000e-01
4.125976562500000000e-02
-7.968750000000000000e-01
9.257812500000000000e-01
3.613281250000000000e-01
-1.923828125000000000e-01
5.351562500000000000e-01
-4.003906250000000000e-01
4.941406250000000000e-01
-2.558593750000000000e-01
-9.101562500000000000e-01
-7.929687500000000000e-01
5.976562500000000000e-01
1.835937500000000000e+00
-1.851562500000000000e+00
