-2.140625000000000000e+00
2.656250000000000000e-01
-1.250000000000000000e+00
5.273437500000000000e-01
-6.367187500000000000e-01
1.570312500000000000e+00
5.546875000000000000e-01
3.300781250000000000e-01
-5.351562500000000000e-01
-9.570312500000000000e-01
6.523437500000000000e-01
4.746093750000000000e-01
1.250000000000000000e+00
2.966308593750000000e-02
3.437500000000000000e-01
1.259765625000000000e-01
7.812500000000000000e-03
2.265625000000000000e-01
-5.117187500000000000e-01
-1.304687500000000000e+00
-9.687500000000000000e-01
3.171875000000000000e+00
-5.531250000000000000e+00
-7.343750000000000000e-01
2.714843750000000000e-01
-1.376953125000000000e-01
-3.312500000000000000e+00
-1.164062500000000000e+00
-6.757812500000000000e-01
-4.824218750000000000e-01
6.250000000000000000e-01
2.250000000000000000e+00
5.351562500000000000e-01
-8.789062500000000000e-01
2.080078125000000000e-01
-1.343750000000000000e+00
1.757812500000000000e+00
-9.843750000000000000e-01
-2.519531250000000000e-01
-1.343750000000000000e+00
-8.320312500000000000e-01
9.179687500000000000e-01
7.324218750000000000e-02
-6.689453125000000000e-02
-1.460937500000000000e+00
9.687500000000000000e-01
7.695312500000000000e-01
-2.714843750000000000e-01
1.257812500000000000e+00
2.451171875000000000e-01
-9.804687500000000000e-01
-1.132812500000000000e+00
2.406250000000000000e+00
-9.765625000000000000e-02
4.042968750000000000e-01
-3.222656250000000000e-01
-9.179687500000000000e-01
-3.687500000000000000e+00
-1.650390625000000000e-01
1.826171875000000000e-01
-1.296875000000000000e+00
7.343750000000000000e-01
-8.398437500000000000e-01
1.093750000000000000e+00
1.117187500000000000e+00
-1.962890625000000000e-01
2.792968750000000000e-01
-6.250000000000000000e-02
-7.226562500000000000e-01
9.960937500000000000e-02
-1.132812500000000000e+00
7.460937500000000000e-01
-5.507812500000000000e-01
-1.445312500000000000e+00
2.171875000000000000e+00
1.257812500000000000e+00
1.062500000000000000e+00
1.140625000000000000e+00
9.062500000000000000e-01
-5.053710937500000000e-02
2.046875000000000000e+00
3.437500000000000000e-01
-7.187500000000000000e-01
-8.710937500000000000e-01
-1.500000000000000000e+00
1.085937500000000000e+00
-8.554687500000000000e-01
4.589843750000000000e-01
3.046875000000000000e-01
-1.898437500000000000e+00
-8.750000000000000000e-01
2.968750000000000000e-01
-3.925781250000000000e-01
-7.617187500000000000e-01
1.789062500000000000e+00
-3.808593750000000000e-01
-1.085937500000000000e+00
2.695312500000000000e-01
-8.632812500000000000e-01
1.179687500000000000e+00
-1.171875000000000000e-02
-1.851562500000000000e+00
-7.226562500000000000e-01
1.718750000000000000e+00
7.187500000000000000e-01
7.617187500000000000e-01
1.767578125000000000e-01
1.976562500000000000e+00
-1.335937500000000000e+00
-9.531250000000000000e-01
8.750000000000000000e-01
-1.718750000000000000e-01
2.109375000000000000e+00
-3.066406250000000000e-01
-7.148437500000000000e-01
1.054687500000000000e+00
2.500000000000000000e+00
-5.351562500000000000e-01
-1.632812500000000000e+00
3.125000000000000000e-02
-4.472656250000000000e-01
-1.242187500000000000e+00
-5.625000000000000000e-01
6.601562500000000000e-01
1.335937500000000000e+00
1.708984375000000000e-01
1.054687500000000000e+00
7.773437500000000000e-01
6.210937500000000000e-01
6.445312500000000000e-01
2.234375000000000000e+00
8.750000000000000000e-01
3.496093750000000000e-01
-1.054687500000000000e+00
-2.140625000000000000e+00
-6.132812500000000000e-01
-6.445312500000000000e-01
5.590820312500000000e-02
8.398437500000000000e-01
-8.281250000000000000e-01
-1.117187500000000000e+00
2.437500000000000000e+00
9.257812500000000000e-01
2.832031250000000000e-01
8.398437500000000000e-01
-5.625000000000000000e-01
-1.023437500000000000e+00
-1.445312500000000000e+00
5.820312500000000000e-01
8.125000000000000000e-01
-1.820312500000000000e+00
-6.445312500000000000e-01
-8.750000000000000000e-01
-1.875000000000000000e-01
-1.460937500000000000e+00
-3.437500000000000000e+00
-6.835937500000000000e-01
-1.000000000000000000e+00
-8.447265625000000000e-02
-9.882812500000000000e-01
-1.031250000000000000e+00
-1.554687500000000000e+00
1.875000000000000000e-01
-2.703125000000000000e+00
-1.093750000000000000e+00
7.343750000000000000e-01
-8.320312500000000000e-01
-9.375000000000000000e-02
2.203125000000000000e+00
-1.425781250000000000e-01
4.531250000000000000e-01
-6.132812500000000000e-01
1.195312500000000000e+00
4.941406250000000000e-01
-4.824218750000000000e-01
7.695312500000000000e-01
-9.492187500000000000e-01
1.531250000000000000e+00
1.898437500000000000e+00
5.351562500000000000e-01
-1.531250000000000000e+00
6.054687500000000000e-01
-3.437500000000000000e-01
-1.125000000000000000e+00
1.235351562500000000e-01
8.632812500000000000e-01
5.820312500000000000e-01
4.003906250000000000e-01
2.988281250000000000e-01
3.808593750000000000e-01
8.281250000000000000e-01
-1.023437500000000000e+00
4.902343750000000000e-01
9.570312500000000000e-01
2.832031250000000000e-01
-2.500000000000000000e+00
6.210937500000000000e-01
-2.875000000000000000e+00
-1.148437500000000000e+00
-8.242187500000000000e-01
3.964843750000000000e-01
-2.062500000000000000e+00
3.222656250000000000e-01
-3.066406250000000000e-01
-2.265625000000000000e-01
3.691406250000000000e-01
1.269531250000000000e-01
-1.343750000000000000e+00
4.062500000000000000e-01
1.210937500000000000e-01
-1.070312500000000000e+00
2.910156250000000000e-01
-1.062500000000000000e+00
1.234375000000000000e+00
-4.824218750000000000e-01
6.875000000000000000e-01
-1.179687500000000000e+00
4.941406250000000000e-01
-1.611328125000000000e-01
-3.203125000000000000e+00
-8.125000000000000000e-01
-4.375000000000000000e-01
2.500000000000000000e-01
-1.904296875000000000e-01
-4.093750000000000000e+00
-6.601562500000000000e-01
-8.906250000000000000e-01
-2.093750000000000000e+00
-2.390625000000000000e+00
1.539062500000000000e+00
-4.863281250000000000e-01
-1.289062500000000000e+00
-1.273437500000000000e+00
3.847656250000000000e-01
-1.904296875000000000e-01
-1.382812500000000000e+00
-4.824218750000000000e-01
7.617187500000000000e-01
-7.617187500000000000e-01
-9.882812500000000000e-01
1.000000000000000000e+00
1.375000000000000000e+00
1.882812500000000000e+00
-7.617187500000000000e-01
-1.031250000000000000e+00
-1.367187500000000000e+00
-1.148437500000000000e+00
-6.132812500000000000e-01
-1.023437500000000000e+00
-1.601562500000000000e+00
-4.406250000000000000e+00
-5.429687500000000000e-01
-1.320312500000000000e+00
-8.437500000000000000e-01
8.437500000000000000e-01
1.343750000000000000e+00
-1.085937500000000000e+00
-3.906250000000000000e-01
2.087402343750000000e-02
-8.242187500000000000e-01
-9.062500000000000000e-01
-5.742187500000000000e-01
-7.851562500000000000e-01
-6.445312500000000000e-01
6.992187500000000000e-01
9.101562500000000000e-01
-6.445312500000000000e-01
-1.375000000000000000e+00
-9.062500000000000000e-01
-1.351562500000000000e+00
-2.125000000000000000e+00
-7.343750000000000000e-01
-6.054687500000000000e-01
4.121093750000000000e-01
-6.562500000000000000e-01
-2.265625000000000000e+00
6.093750000000000000e-01
-2.468750000000000000e+00
7.070312500000000000e-01
2.988281250000000000e-01
-4.042968750000000000e-01
-1.523437500000000000e+00
-5.000000000000000000e-01
-4.707031250000000000e-01
8.251953125000000000e-02
-5.312500000000000000e-01
-1.953125000000000000e-02
5.468750000000000000e-01
-3.535156250000000000e-01
-8.007812500000000000e-01
1.117187500000000000e+00
6.992187500000000000e-01
-1.085937500000000000e+00
3.066406250000000000e-01
-5.976562500000000000e-01
8.632812500000000000e-01
3.437500000000000000e-01
-2.558593750000000000e-01
4.824218750000000000e-01
-1.845703125000000000e-01
1.656250000000000000e+00
1.437500000000000000e+00
-1.235351562500000000e-01
9.023437500000000000e-01
5.395507812500000000e-02
1.539062500000000000e+00
-9.570312500000000000e-01
-9.335937500000000000e-01
1.492187500000000000e+00
-6.601562500000000000e-01
6.195068359375000000e-03
-1.468750000000000000e+00
9.179687500000000000e-01
4.941406250000000000e-01
4.589843750000000000e-01
-1.304687500000000000e+00
-1.242187500000000000e+00
1.054687500000000000e-01
3.125000000000000000e-01
-8.867187500000000000e-01
-8.085937500000000000e-01
2.558593750000000000e-01
7.929687500000000000e-01
1.625000000000000000e+00
-3.859375000000000000e+00
-8.242187500000000000e-01
-1.304687500000000000e+00
6.884765625000000000e-02
6.054687500000000000e-01
-1.257812500000000000e+00
-5.523681640625000000e-03
6.015625000000000000e-01
1.187500000000000000e+00
2.062500000000000000e+00
-1.523437500000000000e+00
-3.625000000000000000e+00
-4.062500000000000000e-01
-3.312500000000000000e+00
-1.937500000000000000e+00
1.265625000000000000e+00
-1.039062500000000000e+00
8.867187500000000000e-01
-3.105468750000000000e-01
1.513671875000000000e-01
-1.085937500000000000e+00
8.320312500000000000e-01
-6.835937500000000000e-01
3.875000000000000000e+00
-1.351562500000000000e+00
-1.523437500000000000e+00
-8.945312500000000000e-01
1.318359375000000000e-01
-1.552734375000000000e-01
1.225585937500000000e-01
-4.550781250000000000e-01
-1.835937500000000000e+00
2.531250000000000000e+00
-2.859375000000000000e+00
-6.396484375000000000e-02
-4.906250000000000000e+00
-6.250000000000000000e-01
-1.351562500000000000e+00
-4.406250000000000000e+00
4.375000000000000000e-01
9.648437500000000000e-01
-1.101562500000000000e+00
-5.218505859375000000e-03
-6.835937500000000000e-01
-1.914062500000000000e+00
8.242187500000000000e-01
2.138671875000000000e-01
-1.242187500000000000e+00
8.320312500000000000e-01
6.328125000000000000e-01
-7.763671875000000000e-02
4.785156250000000000e-01
-1.357421875000000000e-01
3.496093750000000000e-01
-4.316406250000000000e-01
-7.812500000000000000e-01
-9.492187500000000000e-01
5.039062500000000000e-01
1.289062500000000000e+00
-1.757812500000000000e+00
