-1.312500000000000000e+00
6.992187500000000000e-01
-1.882812500000000000e+00
1.015625000000000000e+00
-2.265625000000000000e-01
1.257812500000000000e+00
1.109375000000000000e+00
7.226562500000000000e-01
-8.125000000000000000e-01
-1.375000000000000000e+00
1.093750000000000000e+00
1.148437500000000000e+00
1.875000000000000000e+00
2.910156250000000000e-01
8.945312500000000000e-01
3.359375000000000000e-01
-1.079101562500000000e-01
6.757812500000000000e-01
-2.949218750000000000e-01
-1.210937500000000000e+00
-2.099609375000000000e-01
2.796875000000000000e+00
-5.906250000000000000e+00
-7.500000000000000000e-01
7.500000000000000000e-01
2.500000000000000000e-01
-4.093750000000000000e+00
-8.867187500000000000e-01
8.642578125000000000e-02
-1.070312500000000000e+00
1.054687500000000000e+00
1.898437500000000000e+00
1.000000000000000000e+00
-4.296875000000000000e-01
-1.904296875000000000e-01
-1.601562500000000000e+00
1.250000000000000000e+00
-6.093750000000000000e-01
4.687500000000000000e-02
-8.945312500000000000e-01
-1.533203125000000000e-01
1.585937500000000000e+00
1.031250000000000000e+00
-4.316406250000000000e-01
-1.476562500000000000e+00
1.210937500000000000e+00
1.210937500000000000e+00
-5.200195312500000000e-02
1.226562500000000000e+00
6.367187500000000000e-01
-5.117187500000000000e-01
-1.554687500000000000e+00
1.812500000000000000e+00
-8.750000000000000000e-01
7.617187500000000000e-01
-5.859375000000000000e-02
2.001953125000000000e-01
-3.328125000000000000e+00
4.453125000000000000e-01
6.015625000000000000e-01
-6.875000000000000000e-01
1.054687500000000000e+00
-3.535156250000000000e-01
1.937500000000000000e+00
1.718750000000000000e+00
1.845703125000000000e-01
8.125000000000000000e-01
9.033203125000000000e-03
2.714843750000000000e-01
7.500000000000000000e-01
-1.625000000000000000e+00
1.710937500000000000e+00
2.187500000000000000e-01
-1.539062500000000000e+00
2.578125000000000000e+00
7.929687500000000000e-01
1.898437500000000000e+00
1.335937500000000000e+00
1.585937500000000000e+00
-5.151367187500000000e-02
2.484375000000000000e+00
6.132812500000000000e-01
-1.046875000000000000e+00
-1.054687500000000000e+00
-2.312500000000000000e+00
1.250000000000000000e+00
-6.132812500000000000e-01
1.039062500000000000e+00
5.039062500000000000e-01
-2.062500000000000000e+00
-6.757812500000000000e-01
1.132812500000000000e+00
-1.289062500000000000e+00
-1.904296875000000000e-01
1.351562500000000000e+00
-5.976562500000000000e-01
-2.343750000000000000e-02
8.242187500000000000e-01
-1.101562500000000000e+00
1.148437500000000000e+00
3.652343750000000000e-01
-1.867187500000000000e+00
-1.281250000000000000e+00
1.843750000000000000e+00
9.687500000000000000e-01
1.507812500000000000e+00
-1.455078125000000000e-01
2.031250000000000000e+00
-1.179687500000000000e+00
-5.351562500000000000e-01
1.539062500000000000e+00
-3.808593750000000000e-01
1.648437500000000000e+00
-2.871093750000000000e-01
-5.664062500000000000e-01
1.773437500000000000e+00
2.234375000000000000e+00
-1.046875000000000000e+00
-1.679687500000000000e+00
-4.589843750000000000e-01
-9.726562500000000000e-01
-1.632812500000000000e+00
-3.593750000000000000e-01
1.242187500000000000e+00
1.289062500000000000e+00
4.375000000000000000e-01
1.648437500000000000e+00
1.250000000000000000e+00
1.210937500000000000e+00
8.867187500000000000e-01
1.914062500000000000e+00
9.062500000000000000e-01
6.992187500000000000e-01
-1.164062500000000000e+00
-2.828125000000000000e+00
-3.847656250000000000e-01
-3.261718750000000000e-01
5.117187500000000000e-01
1.648437500000000000e+00
-1.234375000000000000e+00
-1.195312500000000000e+00
2.203125000000000000e+00
1.601562500000000000e+00
5.195312500000000000e-01
1.398437500000000000e+00
-3.691406250000000000e-01
-2.636718750000000000e-01
-9.375000000000000000e-01
1.000000000000000000e+00
1.281250000000000000e+00
-8.710937500000000000e-01
-8.593750000000000000e-02
-1.304687500000000000e+00
-1.118164062500000000e-01
-1.273437500000000000e+00
-3.062500000000000000e+00
-2.373046875000000000e-01
-4.687500000000000000e-01
6.250000000000000000e-01
-1.132812500000000000e+00
-6.093750000000000000e-01
-1.523437500000000000e+00
5.195312500000000000e-01
-3.500000000000000000e+00
-2.792968750000000000e-01
1.281250000000000000e+00
-1.179687500000000000e+00
-2.968750000000000000e-01
2.234375000000000000e+00
-8.945312500000000000e-01
1.054687500000000000e+00
-8.750000000000000000e-01
1.851562500000000000e+00
1.070312500000000000e+00
-6.127929687500000000e-02
1.414062500000000000e+00
-4.785156250000000000e-01
1.898437500000000000e+00
1.500000000000000000e+00
1.070312500000000000e+00
-1.148437500000000000e+00
1.210937500000000000e+00
3.369140625000000000e-02
-4.531250000000000000e-01
9.179687500000000000e-01
1.335937500000000000e+00
1.148437500000000000e+00
7.500000000000000000e-01
-1.010742187500000000e-01
6.289062500000000000e-01
1.343750000000000000e+00
-6.562500000000000000e-01
8.710937500000000000e-01
1.773437500000000000e+00
8.632812500000000000e-01
-1.937500000000000000e+00
2.578125000000000000e-01
-2.703125000000000000e+00
-1.320312500000000000e+00
-1.046875000000000000e+00
5.742187500000000000e-01
-1.375000000000000000e+00
-9.326171875000000000e-02
-4.843750000000000000e-01
4.218750000000000000e-01
7.695312500000000000e-01
3.574218750000000000e-01
-1.406250000000000000e+00
8.632812500000000000e-01
5.546875000000000000e-01
-1.320312500000000000e+00
7.695312500000000000e-01
-1.054687500000000000e+00
1.460937500000000000e+00
-4.902343750000000000e-01
1.414062500000000000e+00
-3.847656250000000000e-01
1.257812500000000000e+00
4.902343750000000000e-01
-2.625000000000000000e+00
-1.132812500000000000e+00
3.300781250000000000e-01
5.898437500000000000e-01
2.880859375000000000e-02
-4.062500000000000000e+00
-1.398437500000000000e+00
-6.914062500000000000e-01
-2.000000000000000000e+00
-2.062500000000000000e+00
1.648437500000000000e+00
-9.570312500000000000e-01
-3.203125000000000000e-01
-1.179687500000000000e+00
7.275390625000000000e-02
-4.609375000000000000e-01
-1.500000000000000000e+00
5.429687500000000000e-01
1.320312500000000000e+00
-1.773437500000000000e+00
-1.554687500000000000e+00
1.726562500000000000e+00
1.242187500000000000e+00
1.781250000000000000e+00
2.600097656250000000e-02
-4.843750000000000000e-01
-1.250000000000000000e+00
-1.335937500000000000e+00
-4.609375000000000000e-01
-9.179687500000000000e-01
-1.601562500000000000e+00
-4.062500000000000000e+00
-1.250000000000000000e+00
-6.093750000000000000e-01
-1.070312500000000000e+00
1.351562500000000000e+00
9.492187500000000000e-01
-1.570312500000000000e+00
-1.132812500000000000e+00
-3.906250000000000000e-01
-4.375000000000000000e-01
-5.195312500000000000e-01
-1.015625000000000000e-01
-1.093750000000000000e+00
-3.242187500000000000e-01
1.039062500000000000e+00
6.523437500000000000e-01
-7.929687500000000000e-01
-1.078125000000000000e+00
-5.859375000000000000e-02
-1.570312500000000000e+00
-1.437500000000000000e+00
-9.687500000000000000e-01
-1.023437500000000000e+00
8.125000000000000000e-01
-3.261718750000000000e-01
-2.484375000000000000e+00
1.117187500000000000e+00
-1.976562500000000000e+00
1.078125000000000000e+00
7.539062500000000000e-01
3.535156250000000000e-01
-1.648437500000000000e+00
5.429687500000000000e-01
-5.703125000000000000e-01
8.242187500000000000e-01
-3.574218750000000000e-01
3.203125000000000000e-01
9.218750000000000000e-01
-7.031250000000000000e-01
-1.125000000000000000e+00
1.351562500000000000e+00
1.171875000000000000e+00
-1.320312500000000000e+00
1.117187500000000000e+00
-5.585937500000000000e-01
1.664062500000000000e+00
7.304687500000000000e-01
7.695312500000000000e-01
9.375000000000000000e-01
1.718750000000000000e-01
1.570312500000000000e+00
1.125000000000000000e+00
6.250000000000000000e-01
1.601562500000000000e+00
3.847656250000000000e-01
2.250000000000000000e+00
-1.265625000000000000e+00
-9.687500000000000000e-01
1.398437500000000000e+00
-5.053710937500000000e-02
4.003906250000000000e-01
-3.437500000000000000e-01
1.164062500000000000e+00
1.039062500000000000e+00
8.632812500000000000e-01
-1.296875000000000000e+00
-1.210937500000000000e+00
6.210937500000000000e-01
6.523437500000000000e-01
-1.218750000000000000e+00
-1.000000000000000000e+00
6.523437500000000000e-01
1.500000000000000000e+00
1.648437500000000000e+00
-3.984375000000000000e+00
-1.117187500000000000e+00
-5.039062500000000000e-01
7.695312500000000000e-01
9.726562500000000000e-01
-1.289062500000000000e+00
6.328125000000000000e-01
1.328125000000000000e+00
1.687500000000000000e+00
2.015625000000000000e+00
-2.203125000000000000e+00
-4.375000000000000000e+00
1.875000000000000000e-01
-2.796875000000000000e+00
-1.851562500000000000e+00
7.070312500000000000e-01
-1.562500000000000000e+00
1.406250000000000000e+00
3.222656250000000000e-01
5.820312500000000000e-01
-1.257812500000000000e+00
1.687500000000000000e+00
6.054687500000000000e-02
3.515625000000000000e+00
-1.328125000000000000e+00
-1.750000000000000000e+00
-5.976562500000000000e-01
4.355468750000000000e-01
-2.695312500000000000e-01
4.941406250000000000e-01
-3.964843750000000000e-01
-1.843750000000000000e+00
2.015625000000000000e+00
-2.593750000000000000e+00
2.734375000000000000e-01
-5.125000000000000000e+00
-4.199218750000000000e-01
-1.226562500000000000e+00
-4.312500000000000000e+00
8.554687500000000000e-01
1.218750000000000000e+00
-1.748046875000000000e-01
3.203125000000000000e-01
-9.726562500000000000e-01
-2.390625000000000000e+00
1.375000000000000000e+00
3.886718750000000000e-01
-8.632812500000000000e-01
1.281250000000000000e+00
8.945312500000000000e-01
-3.378906250000000000e-01
9.375000000000000000e-01
-1.708984375000000000e-01
6.875000000000000000e-01
-2.656250000000000000e-01
-1.000000000000000000e+00
-1.015625000000000000e+00
8.867187500000000000e-01
1.382812500000000000e+00
-1.218750000000000000e+00
