-1.718750000000000000e+00
-3.906250000000000000e-01
-1.210937500000000000e+00
5.742187500000000000e-01
9.375000000000000000e-02
1.281250000000000000e+00
5.429687500000000000e-01
3.183593750000000000e-01
-8.125000000000000000e-01
-6.406250000000000000e-01
6.718750000000000000e-01
7.812500000000000000e-01
1.117187500000000000e+00
1.611328125000000000e-01
3.750000000000000000e-01
4.565429687500000000e-02
8.320312500000000000e-01
3.300781250000000000e-01
1.337890625000000000e-01
-1.226562500000000000e+00
1.982421875000000000e-01
3.250000000000000000e+00
-4.406250000000000000e+00
-1.239013671875000000e-02
4.160156250000000000e-01
-1.748046875000000000e-01
-2.296875000000000000e+00
2.421875000000000000e-01
-1.015625000000000000e-01
-4.863281250000000000e-01
7.382812500000000000e-01
2.515625000000000000e+00
7.695312500000000000e-01
-9.882812500000000000e-01
-9.326171875000000000e-02
-6.640625000000000000e-01
1.757812500000000000e+00
-1.203125000000000000e+00
-1.826171875000000000e-01
-1.117187500000000000e+00
7.695312500000000000e-01
1.054687500000000000e+00
2.812500000000000000e-01
-1.279296875000000000e-01
-2.675781250000000000e-01
9.375000000000000000e-01
8.945312500000000000e-01
-3.808593750000000000e-01
1.476562500000000000e+00
4.863281250000000000e-01
-5.312500000000000000e-01
-8.750000000000000000e-01
2.250000000000000000e+00
-9.094238281250000000e-03
6.210937500000000000e-01
-6.884765625000000000e-02
-6.601562500000000000e-01
-3.328125000000000000e+00
3.183593750000000000e-01
3.203125000000000000e-01
-1.625000000000000000e+00
5.742187500000000000e-01
-5.195312500000000000e-01
1.093750000000000000e+00
8.632812500000000000e-01
1.196289062500000000e-01
2.236328125000000000e-01
-8.125000000000000000e-01
-1.406250000000000000e-01
5.429687500000000000e-01
-7.304687500000000000e-01
8.906250000000000000e-01
-1.035156250000000000e-01
-1.562500000000000000e+00
2.437500000000000000e+00
1.500000000000000000e+00
1.007812500000000000e+00
9.062500000000000000e-01
7.226562500000000000e-01
4.160156250000000000e-01
1.960937500000000000e+00
4.433593750000000000e-01
-1.179687500000000000e+00
-3.144531250000000000e-01
-1.750000000000000000e+00
1.398437500000000000e+00
-2.714843750000000000e-01
4.921875000000000000e-01
2.910156250000000000e-01
-5.507812500000000000e-01
-7.851562500000000000e-01
3.339843750000000000e-01
-4.472656250000000000e-01
-4.160156250000000000e-01
2.046875000000000000e+00
-1.147460937500000000e-01
-7.382812500000000000e-01
3.300781250000000000e-01
-4.531250000000000000e-01
9.570312500000000000e-01
2.949218750000000000e-01
-3.984375000000000000e-01
-8.398437500000000000e-02
1.664062500000000000e+00
8.789062500000000000e-01
9.179687500000000000e-01
-5.039062500000000000e-01
1.726562500000000000e+00
-3.730468750000000000e-01
-8.867187500000000000e-01
8.476562500000000000e-01
-8.642578125000000000e-02
1.617187500000000000e+00
-9.882812500000000000e-01
-1.118164062500000000e-01
8.750000000000000000e-01
2.578125000000000000e+00
-8.437500000000000000e-01
-4.765625000000000000e-01
-1.015625000000000000e-01
-9.843750000000000000e-01
-4.667968750000000000e-01
2.060546875000000000e-01
6.054687500000000000e-01
1.289062500000000000e+00
1.376953125000000000e-01
9.960937500000000000e-01
9.375000000000000000e-01
5.898437500000000000e-01
7.695312500000000000e-01
1.914062500000000000e+00
8.085937500000000000e-01
4.472656250000000000e-01
-6.875000000000000000e-01
-1.437500000000000000e+00
8.056640625000000000e-02
-6.601562500000000000e-01
6.396484375000000000e-02
9.882812500000000000e-01
-1.960937500000000000e+00
-1.070312500000000000e+00
2.203125000000000000e+00
9.062500000000000000e-01
1.953125000000000000e-01
7.695312500000000000e-01
2.558593750000000000e-01
-1.015625000000000000e+00
-1.140625000000000000e+00
5.976562500000000000e-01
7.500000000000000000e-01
-1.382812500000000000e+00
3.886718750000000000e-01
-6.914062500000000000e-01
-1.245117187500000000e-01
-1.376953125000000000e-01
-2.875000000000000000e+00
-5.820312500000000000e-01
-9.375000000000000000e-01
5.976562500000000000e-01
-7.695312500000000000e-01
-7.070312500000000000e-01
-1.867187500000000000e+00
6.054687500000000000e-01
-1.664062500000000000e+00
-1.039062500000000000e+00
8.554687500000000000e-01
-8.125000000000000000e-01
-1.623535156250000000e-02
2.062500000000000000e+00
-7.812500000000000000e-02
4.160156250000000000e-01
-3.652343750000000000e-01
1.148437500000000000e+00
5.585937500000000000e-01
5.078125000000000000e-01
6.835937500000000000e-01
-3.964843750000000000e-01
1.687500000000000000e+00
2.500000000000000000e+00
5.937500000000000000e-01
-1.726562500000000000e+00
6.367187500000000000e-01
1.572265625000000000e-01
-7.929687500000000000e-01
1.347656250000000000e-01
1.156250000000000000e+00
5.859375000000000000e-01
5.625000000000000000e-01
-1.101562500000000000e+00
5.039062500000000000e-01
7.031250000000000000e-01
-7.500000000000000000e-01
5.195312500000000000e-01
1.000000000000000000e+00
4.160156250000000000e-01
-2.437500000000000000e+00
2.832031250000000000e-01
-2.125000000000000000e+00
-9.960937500000000000e-01
1.157226562500000000e-01
4.277343750000000000e-01
-2.031250000000000000e+00
-6.347656250000000000e-02
-2.773437500000000000e-01
9.687500000000000000e-01
5.039062500000000000e-01
-4.472656250000000000e-01
-3.828125000000000000e-01
4.296875000000000000e-01
1.347656250000000000e-01
-9.375000000000000000e-01
5.507812500000000000e-01
-1.875000000000000000e-01
1.023437500000000000e+00
-5.585937500000000000e-01
8.554687500000000000e-01
-1.046875000000000000e+00
5.429687500000000000e-01
2.197265625000000000e-01
-2.546875000000000000e+00
-4.218750000000000000e-01
8.125000000000000000e-01
1.328125000000000000e-01
4.882812500000000000e-02
-3.421875000000000000e+00
-6.679687500000000000e-01
-7.929687500000000000e-01
-2.392578125000000000e-01
-2.484375000000000000e+00
1.195312500000000000e+00
-9.521484375000000000e-02
-1.093750000000000000e+00
-4.687500000000000000e-01
-1.708984375000000000e-01
-6.601562500000000000e-01
-1.376953125000000000e-01
-1.507812500000000000e+00
5.312500000000000000e-01
-1.289062500000000000e+00
-6.367187500000000000e-01
8.945312500000000000e-01
1.835937500000000000e+00
2.750000000000000000e+00
-6.640625000000000000e-01
-8.906250000000000000e-01
-1.093750000000000000e+00
-1.101562500000000000e+00
-6.884765625000000000e-02
-7.812500000000000000e-01
-1.767578125000000000e-01
-3.609375000000000000e+00
-8.320312500000000000e-01
-9.257812500000000000e-01
-3.515625000000000000e-01
6.640625000000000000e-01
1.109375000000000000e+00
-1.273437500000000000e+00
-3.964843750000000000e-01
-5.703125000000000000e-01
-6.367187500000000000e-01
-1.304687500000000000e+00
-6.914062500000000000e-01
-7.617187500000000000e-01
-1.039062500000000000e+00
5.039062500000000000e-01
7.070312500000000000e-01
-8.125000000000000000e-01
-1.140625000000000000e+00
-4.589843750000000000e-01
-2.187500000000000000e-01
1.186523437500000000e-01
-1.007812500000000000e+00
-5.937500000000000000e-01
6.562500000000000000e-01
-3.750000000000000000e-01
-1.007812500000000000e+00
6.914062500000000000e-01
-2.250000000000000000e+00
8.125000000000000000e-01
3.183593750000000000e-01
-3.535156250000000000e-01
-2.343750000000000000e-01
-2.832031250000000000e-01
-8.203125000000000000e-02
4.321289062500000000e-02
-4.140625000000000000e-01
6.982421875000000000e-02
5.000000000000000000e-01
-5.468750000000000000e-01
-7.929687500000000000e-01
7.851562500000000000e-01
5.468750000000000000e-01
-1.304687500000000000e+00
3.437500000000000000e-01
-6.494140625000000000e-02
1.023437500000000000e+00
3.535156250000000000e-01
1.015625000000000000e+00
6.757812500000000000e-01
3.574218750000000000e-01
1.437500000000000000e+00
1.500000000000000000e+00
1.040039062500000000e-01
1.093750000000000000e+00
-6.250000000000000000e-02
1.906250000000000000e+00
-4.785156250000000000e-01
-4.003906250000000000e-01
1.039062500000000000e+00
-7.382812500000000000e-01
1.669921875000000000e-01
-2.832031250000000000e-01
2.353515625000000000e-01
6.523437500000000000e-01
5.507812500000000000e-01
-1.296875000000000000e+00
-1.982421875000000000e-01
3.437500000000000000e-01
3.339843750000000000e-01
-3.925781250000000000e-01
-5.468750000000000000e-01
2.460937500000000000e-01
7.539062500000000000e-01
1.406250000000000000e+00
-3.296875000000000000e+00
-8.710937500000000000e-01
-1.210937500000000000e+00
1.382812500000000000e+00
6.250000000000000000e-01
-1.414062500000000000e+00
1.572265625000000000e-01
6.679687500000000000e-01
1.125000000000000000e+00
1.960937500000000000e+00
-1.726562500000000000e+00
-2.375000000000000000e+00
7.382812500000000000e-01
-2.765625000000000000e+00
-1.804687500000000000e+00
-5.039062500000000000e-01
-5.664062500000000000e-01
7.929687500000000000e-01
-1.031250000000000000e+00
2.294921875000000000e-01
-4.550781250000000000e-01
9.726562500000000000e-01
-1.796875000000000000e-01
3.953125000000000000e+00
-3.144531250000000000e-01
-9.882812500000000000e-01
1.069335937500000000e-01
9.716796875000000000e-02
1.416015625000000000e-01
1.279296875000000000e-01
2.451171875000000000e-01
-1.851562500000000000e+00
2.640625000000000000e+00
-2.640625000000000000e+00
-1.186523437500000000e-01
-3.375000000000000000e+00
3.964843750000000000e-01
-1.281250000000000000e+00
-3.671875000000000000e+00
5.546875000000000000e-01
7.382812500000000000e-01
-2.558593750000000000e-01
1.043701171875000000e-02
-3.125000000000000000e-02
-2.000000000000000000e+00
7.812500000000000000e-01
4.472656250000000000e-01
2.675781250000000000e-01
7.304687500000000000e-01
9.023437500000000000e-01
-1.728515625000000000e-01
4.589843750000000000e-01
-1.343750000000000000e+00
3.750000000000000000e-01
2.734375000000000000e-01
-5.546875000000000000e-01
-1.320312500000000000e+00
7.382812500000000000e-01
2.078125000000000000e+00
-1.789062500000000000e+00
