-1.585937500000000000e+00
-2.216796875000000000e-01
-1.523437500000000000e+00
9.023437500000000000e-01
-7.929687500000000000e-01
9.648437500000000000e-01
7.539062500000000000e-01
5.664062500000000000e-01
-1.070312500000000000e+00
-1.367187500000000000e+00
9.726562500000000000e-01
1.117187500000000000e+00
1.593750000000000000e+00
3.750000000000000000e-01
7.500000000000000000e-01
2.382812500000000000e-01
1.904296875000000000e-01
5.664062500000000000e-01
-2.158203125000000000e-01
-7.929687500000000000e-01
-6.289062500000000000e-01
2.656250000000000000e+00
-5.500000000000000000e+00
-5.195312500000000000e-01
7.187500000000000000e-01
2.080078125000000000e-01
-3.578125000000000000e+00
-1.242187500000000000e+00
3.247070312500000000e-02
-1.093750000000000000e+00
1.039062500000000000e+00
1.906250000000000000e+00
1.093750000000000000e+00
-8.125000000000000000e-01
-2.304687500000000000e-01
-1.445312500000000000e+00
1.117187500000000000e+00
-5.703125000000000000e-01
-1.337890625000000000e-01
-6.445312500000000000e-01
-7.929687500000000000e-01
1.468750000000000000e+00
9.375000000000000000e-01
-1.718750000000000000e-01
-1.906250000000000000e+00
9.414062500000000000e-01
1.062500000000000000e+00
1.884765625000000000e-01
1.195312500000000000e+00
4.589843750000000000e-01
-2.617187500000000000e-01
-1.429687500000000000e+00
1.875000000000000000e+00
-4.687500000000000000e-01
9.218750000000000000e-01
-2.753906250000000000e-01
-1.953125000000000000e-01
-3.375000000000000000e+00
1.396484375000000000e-01
6.054687500000000000e-01
-9.804687500000000000e-01
8.554687500000000000e-01
-1.147460937500000000e-01
1.500000000000000000e+00
1.468750000000000000e+00
8.483886718750000000e-03
6.523437500000000000e-01
-2.333984375000000000e-01
1.396484375000000000e-01
8.085937500000000000e-01
-1.429687500000000000e+00
1.007812500000000000e+00
1.923828125000000000e-01
-1.335937500000000000e+00
2.250000000000000000e+00
9.062500000000000000e-01
1.632812500000000000e+00
1.085937500000000000e+00
1.367187500000000000e+00
1.474609375000000000e-01
2.125000000000000000e+00
5.625000000000000000e-01
-1.382812500000000000e+00
-7.695312500000000000e-01
-1.601562500000000000e+00
1.156250000000000000e+00
-7.812500000000000000e-01
8.125000000000000000e-01
3.906250000000000000e-01
-2.375000000000000000e+00
-4.589843750000000000e-01
1.062500000000000000e+00
-6.992187500000000000e-01
-3.442382812500000000e-02
1.328125000000000000e+00
-9.648437500000000000e-01
-2.929687500000000000e-01
6.914062500000000000e-01
-1.218750000000000000e+00
1.015625000000000000e+00
1.225585937500000000e-01
-1.906250000000000000e+00
-6.914062500000000000e-01
1.625000000000000000e+00
1.023437500000000000e+00
1.320312500000000000e+00
-1.259765625000000000e-01
1.648437500000000000e+00
-1.289062500000000000e+00
-3.066406250000000000e-01
1.343750000000000000e+00
-6.054687500000000000e-01
1.632812500000000000e+00
-4.921875000000000000e-01
-8.750000000000000000e-01
1.554687500000000000e+00
2.343750000000000000e+00
-6.132812500000000000e-01
-1.562500000000000000e+00
-3.261718750000000000e-01
-9.882812500000000000e-01
-1.343750000000000000e+00
-4.687500000000000000e-02
9.414062500000000000e-01
1.250000000000000000e+00
1.884765625000000000e-01
1.398437500000000000e+00
1.195312500000000000e+00
9.882812500000000000e-01
9.375000000000000000e-01
1.875000000000000000e+00
1.367187500000000000e+00
5.976562500000000000e-01
-1.054687500000000000e+00
-2.109375000000000000e+00
-2.148437500000000000e-01
-2.871093750000000000e-01
3.652343750000000000e-01
1.367187500000000000e+00
-1.539062500000000000e+00
-6.523437500000000000e-01
2.140625000000000000e+00
1.343750000000000000e+00
3.574218750000000000e-01
1.156250000000000000e+00
-8.554687500000000000e-01
-5.078125000000000000e-01
-1.000000000000000000e+00
8.398437500000000000e-01
1.140625000000000000e+00
-1.031250000000000000e+00
-7.382812500000000000e-01
-1.101562500000000000e+00
-2.949218750000000000e-01
-1.437500000000000000e+00
-3.015625000000000000e+00
-8.632812500000000000e-01
-7.617187500000000000e-01
-1.040039062500000000e-01
-9.375000000000000000e-01
-4.433593750000000000e-01
-1.257812500000000000e+00
6.445312500000000000e-01
-2.515625000000000000e+00
-3.808593750000000000e-01
1.210937500000000000e+00
-1.320312500000000000e+00
-1.000976562500000000e-01
1.976562500000000000e+00
-6.523437500000000000e-01
8.554687500000000000e-01
-6.718750000000000000e-01
1.687500000000000000e+00
9.179687500000000000e-01
-6.982421875000000000e-02
1.296875000000000000e+00
-1.826171875000000000e-01
1.726562500000000000e+00
1.476562500000000000e+00
8.789062500000000000e-01
-1.460937500000000000e+00
1.070312500000000000e+00
3.144531250000000000e-01
-3.417968750000000000e-01
7.539062500000000000e-01
1.343750000000000000e+00
9.531250000000000000e-01
5.781250000000000000e-01
-1.234375000000000000e+00
5.742187500000000000e-01
1.085937500000000000e+00
-8.281250000000000000e-01
8.320312500000000000e-01
1.593750000000000000e+00
7.695312500000000000e-01
-2.234375000000000000e+00
1.708984375000000000e-01
-2.703125000000000000e+00
-1.218750000000000000e+00
-6.445312500000000000e-01
4.472656250000000000e-01
-1.460937500000000000e+00
-1.669921875000000000e-01
-5.742187500000000000e-01
1.318359375000000000e-01
7.226562500000000000e-01
5.312500000000000000e-01
-1.289062500000000000e+00
8.125000000000000000e-01
4.863281250000000000e-01
-1.093750000000000000e+00
7.031250000000000000e-01
-1.414062500000000000e+00
1.156250000000000000e+00
-8.398437500000000000e-01
1.257812500000000000e+00
-4.707031250000000000e-01
8.945312500000000000e-01
3.652343750000000000e-01
-2.937500000000000000e+00
-9.101562500000000000e-01
-1.992187500000000000e-01
5.039062500000000000e-01
-1.171875000000000000e-02
-3.921875000000000000e+00
-1.093750000000000000e+00
-3.925781250000000000e-01
-1.804687500000000000e+00
-2.312500000000000000e+00
1.148437500000000000e+00
-4.550781250000000000e-01
-5.429687500000000000e-01
-1.132812500000000000e+00
2.343750000000000000e-02
-3.808593750000000000e-01
-1.539062500000000000e+00
-8.164062500000000000e-01
8.710937500000000000e-01
-1.429687500000000000e+00
-1.281250000000000000e+00
1.492187500000000000e+00
1.304687500000000000e+00
2.062500000000000000e+00
-8.476562500000000000e-01
-3.203125000000000000e-01
-8.320312500000000000e-01
-8.750000000000000000e-01
-8.007812500000000000e-01
-5.351562500000000000e-01
-1.625000000000000000e+00
-4.343750000000000000e+00
-1.117187500000000000e+00
-9.257812500000000000e-01
-1.257812500000000000e+00
1.195312500000000000e+00
8.750000000000000000e-01
-1.539062500000000000e+00
-1.007812500000000000e+00
-3.906250000000000000e-01
-7.304687500000000000e-01
-1.085937500000000000e+00
2.265625000000000000e-01
-1.187500000000000000e+00
-8.945312500000000000e-01
8.945312500000000000e-01
4.902343750000000000e-01
-8.164062500000000000e-01
-6.718750000000000000e-01
-1.269531250000000000e-01
-1.367187500000000000e+00
-1.289062500000000000e+00
-7.929687500000000000e-01
-8.125000000000000000e-01
8.398437500000000000e-01
-5.312500000000000000e-01
-1.875000000000000000e+00
1.031250000000000000e+00
-2.109375000000000000e+00
1.031250000000000000e+00
4.843750000000000000e-01
2.001953125000000000e-01
-1.335937500000000000e+00
6.210937500000000000e-01
-7.773437500000000000e-01
4.687500000000000000e-01
-5.703125000000000000e-01
1.640625000000000000e-01
8.164062500000000000e-01
-6.640625000000000000e-01
-8.632812500000000000e-01
1.195312500000000000e+00
9.062500000000000000e-01
-1.085937500000000000e+00
7.382812500000000000e-01
-1.132812500000000000e+00
1.539062500000000000e+00
6.367187500000000000e-01
1.357421875000000000e-01
9.687500000000000000e-01
1.611328125000000000e-01
1.335937500000000000e+00
1.304687500000000000e+00
3.300781250000000000e-01
1.476562500000000000e+00
2.910156250000000000e-01
1.804687500000000000e+00
-1.101562500000000000e+00
-1.101562500000000000e+00
1.046875000000000000e+00
-2.714843750000000000e-01
4.003906250000000000e-01
-3.203125000000000000e-01
8.945312500000000000e-01
9.882812500000000000e-01
7.070312500000000000e-01
-1.226562500000000000e+00
-1.656250000000000000e+00
4.589843750000000000e-01
4.863281250000000000e-01
-1.156250000000000000e+00
-1.507812500000000000e+00
4.863281250000000000e-01
1.218750000000000000e+00
1.414062500000000000e+00
-3.625000000000000000e+00
-9.375000000000000000e-01
-6.875000000000000000e-01
5.078125000000000000e-01
8.007812500000000000e-01
-1.398437500000000000e+00
4.746093750000000000e-01
1.179687500000000000e+00
1.242187500000000000e+00
1.804687500000000000e+00
-1.757812500000000000e+00
-4.031250000000000000e+00
-1.239013671875000000e-02
-2.890625000000000000e+00
-1.320312500000000000e+00
7.031250000000000000e-02
-1.398437500000000000e+00
1.156250000000000000e+00
4.531250000000000000e-01
5.351562500000000000e-01
-1.070312500000000000e+00
1.460937500000000000e+00
1.210937500000000000e-01
3.375000000000000000e+00
-1.375000000000000000e+00
-1.039062500000000000e+00
-1.398437500000000000e+00
3.339843750000000000e-01
2.412109375000000000e-01
3.203125000000000000e-01
-1.552734375000000000e-01
-1.398437500000000000e+00
2.125000000000000000e+00
-2.687500000000000000e+00
-6.132812500000000000e-01
-4.750000000000000000e+00
-4.550781250000000000e-01
-8.242187500000000000e-01
-4.281250000000000000e+00
7.148437500000000000e-01
1.023437500000000000e+00
-2.734375000000000000e-01
1.259765625000000000e-01
-9.570312500000000000e-01
-1.773437500000000000e+00
1.164062500000000000e+00
3.828125000000000000e-01
-1.226562500000000000e+00
1.062500000000000000e+00
1.015625000000000000e+00
5.468750000000000000e-02
7.773437500000000000e-01
-7.617187500000000000e-01
6.679687500000000000e-01
-5.039062500000000000e-01
-6.445312500000000000e-01
-1.234375000000000000e+00
9.218750000000000000e-01
1.726562500000000000e+00
-1.414062500000000000e+00
