3.546875000000000000e+00
2.539062500000000000e-01
-2.421875000000000000e+00
2.265625000000000000e+00
-1.367187500000000000e+00
-1.259765625000000000e-01
1.226562500000000000e+00
1.476562500000000000e+00
-1.226562500000000000e+00
-1.695312500000000000e+00
1.757812500000000000e+00
1.335937500000000000e+00
2.031250000000000000e+00
3.906250000000000000e-01
1.992187500000000000e+00
1.062500000000000000e+00
-2.484375000000000000e+00
1.617187500000000000e+00
4.343750000000000000e+00
-3.652343750000000000e-01
-1.585937500000000000e+00
1.523437500000000000e+00
-3.812500000000000000e+00
-1.195312500000000000e+00
1.843750000000000000e+00
1.242187500000000000e+00
-2.171875000000000000e+00
-2.000000000000000000e+00
6.601562500000000000e-01
-2.171875000000000000e+00
3.578125000000000000e+00
-1.242187500000000000e+00
2.703125000000000000e+00
-1.937500000000000000e+00
-9.648437500000000000e-01
-1.773437500000000000e+00
1.367187500000000000e-02
2.558593750000000000e-01
8.242187500000000000e-01
-1.289062500000000000e+00
-2.000000000000000000e+00
3.625000000000000000e+00
1.789062500000000000e+00
-7.812500000000000000e-01
-2.625000000000000000e+00
1.015625000000000000e+00
8.242187500000000000e-01
1.689453125000000000e-01
3.652343750000000000e-01
2.750000000000000000e+00
1.591796875000000000e-01
-1.773437500000000000e+00
8.125000000000000000e-01
-1.257812500000000000e+00
2.687500000000000000e+00
3.187500000000000000e+00
-8.750000000000000000e-01
1.148437500000000000e+00
1.000000000000000000e+00
1.414062500000000000e+00
-9.726562500000000000e-01
1.023437500000000000e+00
5.195312500000000000e-01
3.171875000000000000e+00
2.265625000000000000e+00
-4.375000000000000000e-01
2.953125000000000000e+00
5.195312500000000000e-01
5.429687500000000000e-01
-3.242187500000000000e-01
-1.648437500000000000e+00
4.589843750000000000e-01
7.226562500000000000e-01
-2.609375000000000000e+00
6.914062500000000000e-01
-2.796875000000000000e+00
3.125000000000000000e+00
1.117187500000000000e+00
2.875000000000000000e+00
5.507812500000000000e-01
2.234375000000000000e+00
1.562500000000000000e+00
-5.429687500000000000e-01
-7.031250000000000000e-01
-2.796875000000000000e+00
4.199218750000000000e-02
2.234375000000000000e+00
2.703125000000000000e+00
1.062500000000000000e+00
-2.828125000000000000e+00
2.609252929687500000e-03
1.875000000000000000e+00
-2.171875000000000000e+00
3.300781250000000000e-01
-7.929687500000000000e-01
-2.390625000000000000e+00
5.000000000000000000e+00
1.812500000000000000e+00
-2.156250000000000000e+00
9.843750000000000000e-01
3.171875000000000000e+00
-2.578125000000000000e+00
-2.375000000000000000e+00
1.570312500000000000e+00
3.750000000000000000e+00
3.046875000000000000e+00
-2.001953125000000000e-01
1.375000000000000000e+00
-1.507812500000000000e+00
-1.079101562500000000e-01
3.828125000000000000e+00
-2.312500000000000000e+00
9.218750000000000000e-01
4.765625000000000000e-01
-1.625000000000000000e+00
3.203125000000000000e+00
-1.398437500000000000e+00
-6.132812500000000000e-01
-2.062500000000000000e+00
-5.312500000000000000e-01
-1.851562500000000000e+00
-1.742187500000000000e+00
-1.289062500000000000e+00
1.523437500000000000e+00
1.132812500000000000e+00
1.429687500000000000e+00
2.234375000000000000e+00
4.250000000000000000e+00
2.562500000000000000e+00
8.320312500000000000e-01
1.085937500000000000e+00
1.748046875000000000e-01
1.234375000000000000e+00
-1.976562500000000000e+00
1.992187500000000000e+00
-6.445312500000000000e-01
5.688476562500000000e-02
2.562500000000000000e+00
2.234375000000000000e+00
-1.625000000000000000e+00
-5.468750000000000000e-01
6.992187500000000000e-01
2.640625000000000000e+00
8.242187500000000000e-01
2.437500000000000000e+00
-2.390625000000000000e+00
3.187500000000000000e+00
-1.867187500000000000e+00
2.609375000000000000e+00
2.421875000000000000e+00
4.156250000000000000e+00
-1.851562500000000000e+00
-1.250000000000000000e+00
-5.468750000000000000e-01
-1.937500000000000000e+00
4.472656250000000000e-01
-1.601562500000000000e+00
-5.820312500000000000e-01
-8.906250000000000000e-01
-1.710937500000000000e+00
-2.695312500000000000e-01
1.117187500000000000e+00
1.382812500000000000e+00
-5.351562500000000000e-01
2.226562500000000000e-01
3.671875000000000000e+00
-1.664062500000000000e+00
4.062500000000000000e-01
1.382812500000000000e+00
-1.789062500000000000e+00
9.843750000000000000e-01
-3.105468750000000000e-01
3.375000000000000000e+00
2.828125000000000000e+00
-2.578125000000000000e-01
3.046875000000000000e+00
3.847656250000000000e-01
2.218750000000000000e+00
-8.476562500000000000e-01
1.914062500000000000e+00
1.273437500000000000e+00
2.703125000000000000e+00
-5.273437500000000000e-01
-2.578125000000000000e-01
9.765625000000000000e-02
4.250000000000000000e+00
1.460937500000000000e+00
2.832031250000000000e-01
-7.812500000000000000e-03
9.687500000000000000e-01
2.078125000000000000e+00
-1.156250000000000000e+00
2.765625000000000000e+00
3.171875000000000000e+00
1.328125000000000000e+00
1.523437500000000000e+00
-1.992187500000000000e-01
9.687500000000000000e-01
-1.093750000000000000e+00
-9.023437500000000000e-01
5.585937500000000000e-01
2.390625000000000000e+00
-5.468750000000000000e-01
-1.687500000000000000e+00
9.179687500000000000e-02
3.203125000000000000e+00
-9.179687500000000000e-01
-1.929687500000000000e+00
2.265625000000000000e+00
2.312500000000000000e+00
-1.695312500000000000e+00
2.593750000000000000e+00
-2.187500000000000000e+00
8.554687500000000000e-01
-1.820312500000000000e+00
4.093750000000000000e+00
2.921875000000000000e+00
1.648437500000000000e+00
-2.265625000000000000e+00
9.570312500000000000e-01
-6.718750000000000000e-01
-4.418945312500000000e-02
9.375000000000000000e-01
-1.904296875000000000e-01
-1.164062500000000000e+00
-1.882812500000000000e+00
-1.059570312500000000e-01
-2.421875000000000000e+00
-1.767578125000000000e-01
5.820312500000000000e-01
-7.617187500000000000e-01
4.156250000000000000e+00
2.703125000000000000e+00
-3.574218750000000000e-01
3.105468750000000000e-01
-1.968750000000000000e+00
-9.687500000000000000e-01
1.367187500000000000e+00
-2.046875000000000000e+00
-1.625000000000000000e+00
2.703125000000000000e+00
4.003906250000000000e-01
-3.171875000000000000e+00
-7.851562500000000000e-01
-3.964843750000000000e-01
-5.312500000000000000e-01
-3.027343750000000000e-01
-9.492187500000000000e-01
-4.316406250000000000e-01
-2.234375000000000000e+00
-1.460937500000000000e+00
-1.804687500000000000e+00
3.187500000000000000e+00
-1.750000000000000000e+00
2.062500000000000000e+00
4.980468750000000000e-01
-2.171875000000000000e+00
-2.281250000000000000e+00
-8.593750000000000000e-01
-2.046875000000000000e+00
-2.234375000000000000e+00
-5.859375000000000000e-02
-1.398437500000000000e+00
-6.992187500000000000e-01
7.773437500000000000e-01
2.087402343750000000e-02
-1.937500000000000000e+00
-1.640625000000000000e-01
5.703125000000000000e-01
-1.726562500000000000e+00
-1.476562500000000000e+00
-2.109375000000000000e-01
-1.625000000000000000e+00
1.898437500000000000e+00
-2.148437500000000000e-01
2.558593750000000000e-01
3.078125000000000000e+00
2.046875000000000000e+00
2.000000000000000000e+00
2.296875000000000000e+00
1.742187500000000000e+00
-1.625000000000000000e+00
8.906250000000000000e-01
-8.242187500000000000e-01
1.039062500000000000e+00
-4.296875000000000000e-01
1.250000000000000000e+00
1.398437500000000000e+00
-4.277343750000000000e-01
-1.960937500000000000e+00
1.539062500000000000e+00
1.562500000000000000e+00
-1.078125000000000000e+00
1.187500000000000000e+00
-2.093750000000000000e+00
2.375000000000000000e+00
1.937500000000000000e+00
-7.539062500000000000e-01
2.343750000000000000e+00
3.964843750000000000e-01
9.804687500000000000e-01
3.652343750000000000e-01
4.031250000000000000e+00
3.046875000000000000e+00
1.757812500000000000e+00
1.507812500000000000e+00
-8.945312500000000000e-01
2.250000000000000000e+00
3.593750000000000000e-01
8.125000000000000000e-01
1.625000000000000000e+00
-1.148437500000000000e+00
1.414062500000000000e+00
2.296875000000000000e+00
1.148437500000000000e+00
-2.484375000000000000e+00
-2.421875000000000000e+00
2.562500000000000000e+00
1.593750000000000000e+00
-1.757812500000000000e+00
-2.984375000000000000e+00
1.929687500000000000e+00
2.296875000000000000e+00
1.312500000000000000e+00
-1.625000000000000000e+00
-1.914062500000000000e+00
-4.238281250000000000e-01
-8.056640625000000000e-02
6.679687500000000000e-01
-2.625000000000000000e+00
8.125000000000000000e-01
1.835937500000000000e+00
1.773437500000000000e+00
1.523437500000000000e+00
-2.484375000000000000e+00
-2.296875000000000000e+00
-3.281250000000000000e-01
1.351562500000000000e+00
7.148437500000000000e-01
8.125000000000000000e-01
-1.562500000000000000e+00
2.203125000000000000e+00
2.562500000000000000e+00
1.929687500000000000e+00
-1.085937500000000000e+00
3.546875000000000000e+00
-1.289062500000000000e+00
5.117187500000000000e-01
-2.031250000000000000e+00
1.474609375000000000e-01
-2.453125000000000000e+00
2.000000000000000000e+00
-4.863281250000000000e-01
3.015625000000000000e+00
-9.101562500000000000e-01
1.117187500000000000e+00
-6.406250000000000000e-01
-6.132812500000000000e-01
-1.187500000000000000e+00
-3.312500000000000000e+00
-1.187500000000000000e+00
-1.186523437500000000e-01
-1.968750000000000000e+00
2.546875000000000000e+00
1.375000000000000000e+00
-6.523437500000000000e-01
9.726562500000000000e-01
-1.468750000000000000e+00
-3.078125000000000000e+00
2.546875000000000000e+00
2.265625000000000000e+00
-2.171875000000000000e+00
1.898437500000000000e+00
4.250000000000000000e+00
-9.179687500000000000e-01
1.656250000000000000e+00
-2.197265625000000000e-01
1.078125000000000000e+00
-7.773437500000000000e-01
-1.914062500000000000e-01
-2.453125000000000000e+00
2.328125000000000000e+00
-7.568359375000000000e-02
2.078125000000000000e+00
