-7.968750000000000000e-01
6.176757812500000000e-02
-1.835937500000000000e+00
1.304687500000000000e+00
-5.429687500000000000e-01
1.195312500000000000e+00
1.320312500000000000e+00
9.726562500000000000e-01
-1.195312500000000000e+00
-1.570312500000000000e+00
1.414062500000000000e+00
1.460937500000000000e+00
2.062500000000000000e+00
5.781250000000000000e-01
1.203125000000000000e+00
5.898437500000000000e-01
-1.113281250000000000e-01
9.648437500000000000e-01
2.060546875000000000e-01
-1.132812500000000000e+00
-2.099609375000000000e-01
2.796875000000000000e+00
-5.468750000000000000e+00
-5.742187500000000000e-01
1.101562500000000000e+00
5.781250000000000000e-01
-3.734375000000000000e+00
-1.078125000000000000e+00
1.914062500000000000e-01
-1.351562500000000000e+00
1.445312500000000000e+00
1.851562500000000000e+00
1.445312500000000000e+00
-4.199218750000000000e-01
-3.203125000000000000e-01
-1.757812500000000000e+00
1.148437500000000000e+00
-5.898437500000000000e-01
1.904296875000000000e-01
-7.617187500000000000e-01
-3.984375000000000000e-01
1.992187500000000000e+00
1.242187500000000000e+00
-4.199218750000000000e-01
-1.835937500000000000e+00
1.351562500000000000e+00
1.351562500000000000e+00
1.416015625000000000e-01
1.289062500000000000e+00
8.632812500000000000e-01
-3.613281250000000000e-01
-1.664062500000000000e+00
1.789062500000000000e+00
-1.000000000000000000e+00
1.250000000000000000e+00
2.060546875000000000e-01
-5.078125000000000000e-02
-2.828125000000000000e+00
3.183593750000000000e-01
9.531250000000000000e-01
-7.500000000000000000e-01
1.179687500000000000e+00
-5.493164062500000000e-02
2.140625000000000000e+00
1.937500000000000000e+00
4.028320312500000000e-02
1.171875000000000000e+00
-3.183593750000000000e-01
3.496093750000000000e-01
1.132812500000000000e+00
-1.843750000000000000e+00
1.835937500000000000e+00
2.236328125000000000e-01
-1.320312500000000000e+00
2.765625000000000000e+00
6.601562500000000000e-01
2.296875000000000000e+00
1.460937500000000000e+00
1.875000000000000000e+00
2.421875000000000000e-01
2.671875000000000000e+00
9.257812500000000000e-01
-1.476562500000000000e+00
-1.015625000000000000e+00
-2.171875000000000000e+00
1.507812500000000000e+00
-1.630859375000000000e-01
1.320312500000000000e+00
7.695312500000000000e-01
-2.453125000000000000e+00
-7.187500000000000000e-01
1.242187500000000000e+00
-1.539062500000000000e+00
8.447265625000000000e-02
1.257812500000000000e+00
-1.031250000000000000e+00
7.304687500000000000e-01
1.117187500000000000e+00
-9.687500000000000000e-01
1.148437500000000000e+00
6.445312500000000000e-01
-1.992187500000000000e+00
-1.039062500000000000e+00
1.914062500000000000e+00
1.414062500000000000e+00
1.812500000000000000e+00
-3.574218750000000000e-01
1.937500000000000000e+00
-1.250000000000000000e+00
-3.027343750000000000e-01
1.960937500000000000e+00
-4.277343750000000000e-01
1.445312500000000000e+00
-8.398437500000000000e-01
-8.476562500000000000e-01
2.140625000000000000e+00
2.171875000000000000e+00
-1.210937500000000000e+00
-1.648437500000000000e+00
-6.914062500000000000e-01
-1.132812500000000000e+00
-1.585937500000000000e+00
-2.148437500000000000e-01
1.500000000000000000e+00
1.375000000000000000e+00
5.664062500000000000e-01
1.914062500000000000e+00
1.687500000000000000e+00
1.492187500000000000e+00
1.062500000000000000e+00
1.914062500000000000e+00
1.164062500000000000e+00
9.492187500000000000e-01
-1.046875000000000000e+00
-2.406250000000000000e+00
-2.275390625000000000e-01
-2.714843750000000000e-01
8.789062500000000000e-01
1.851562500000000000e+00
-1.554687500000000000e+00
-6.757812500000000000e-01
2.062500000000000000e+00
1.976562500000000000e+00
7.226562500000000000e-01
1.726562500000000000e+00
-7.070312500000000000e-01
2.675781250000000000e-01
-7.539062500000000000e-01
1.281250000000000000e+00
1.656250000000000000e+00
-3.437500000000000000e-01
-3.750000000000000000e-01
-1.351562500000000000e+00
-3.585815429687500000e-03
-1.414062500000000000e+00
-2.625000000000000000e+00
-5.312500000000000000e-01
-6.367187500000000000e-01
3.847656250000000000e-01
-8.867187500000000000e-01
-4.121093750000000000e-01
-1.242187500000000000e+00
8.320312500000000000e-01
-3.000000000000000000e+00
-1.425781250000000000e-01
1.679687500000000000e+00
-1.429687500000000000e+00
-2.519531250000000000e-01
2.265625000000000000e+00
-1.210937500000000000e+00
1.296875000000000000e+00
-1.187500000000000000e+00
2.250000000000000000e+00
1.398437500000000000e+00
-1.035156250000000000e-01
1.742187500000000000e+00
-1.718750000000000000e-01
2.125000000000000000e+00
1.695312500000000000e+00
1.382812500000000000e+00
-7.656250000000000000e-01
1.601562500000000000e+00
3.183593750000000000e-01
-3.378906250000000000e-01
9.648437500000000000e-01
1.820312500000000000e+00
1.429687500000000000e+00
8.710937500000000000e-01
-1.117187500000000000e+00
8.554687500000000000e-01
1.625000000000000000e+00
-7.460937500000000000e-01
1.164062500000000000e+00
2.140625000000000000e+00
1.195312500000000000e+00
-1.507812500000000000e+00
1.049804687500000000e-01
-2.109375000000000000e+00
-1.468750000000000000e+00
-9.687500000000000000e-01
7.148437500000000000e-01
-8.750000000000000000e-01
-3.437500000000000000e-01
-4.199218750000000000e-01
3.574218750000000000e-01
1.085937500000000000e+00
3.457031250000000000e-01
-1.437500000000000000e+00
1.210937500000000000e+00
8.945312500000000000e-01
-1.132812500000000000e+00
1.085937500000000000e+00
-1.351562500000000000e+00
1.539062500000000000e+00
-4.589843750000000000e-01
1.851562500000000000e+00
7.763671875000000000e-02
1.539062500000000000e+00
6.992187500000000000e-01
-2.171875000000000000e+00
-1.265625000000000000e+00
2.031250000000000000e-01
7.968750000000000000e-01
1.040039062500000000e-01
-3.625000000000000000e+00
-1.531250000000000000e+00
-5.156250000000000000e-01
-2.000000000000000000e+00
-1.687500000000000000e+00
1.750000000000000000e+00
-9.570312500000000000e-01
2.080078125000000000e-01
-7.773437500000000000e-01
-5.218505859375000000e-03
-4.765625000000000000e-01
-1.648437500000000000e+00
7.171630859375000000e-03
1.414062500000000000e+00
-2.015625000000000000e+00
-1.500000000000000000e+00
2.015625000000000000e+00
1.242187500000000000e+00
1.789062500000000000e+00
4.809570312500000000e-02
-1.215820312500000000e-01
-1.007812500000000000e+00
-1.000000000000000000e+00
-6.250000000000000000e-01
-6.914062500000000000e-01
-1.695312500000000000e+00
-3.671875000000000000e+00
-1.414062500000000000e+00
-5.346679687500000000e-02
-1.343750000000000000e+00
1.625000000000000000e+00
1.085937500000000000e+00
-1.664062500000000000e+00
-1.398437500000000000e+00
-5.585937500000000000e-01
-2.734375000000000000e-01
-7.226562500000000000e-01
-6.738281250000000000e-02
-1.289062500000000000e+00
-3.847656250000000000e-01
1.164062500000000000e+00
4.687500000000000000e-01
-7.343750000000000000e-01
-8.085937500000000000e-01
1.696777343750000000e-02
-1.570312500000000000e+00
-1.460937500000000000e+00
-8.750000000000000000e-01
-8.593750000000000000e-01
1.132812500000000000e+00
-5.351562500000000000e-01
-2.046875000000000000e+00
1.445312500000000000e+00
-1.429687500000000000e+00
1.414062500000000000e+00
1.039062500000000000e+00
7.460937500000000000e-01
-1.460937500000000000e+00
6.914062500000000000e-01
-9.492187500000000000e-01
5.742187500000000000e-01
-5.429687500000000000e-01
5.000000000000000000e-01
1.210937500000000000e+00
-1.031250000000000000e+00
-9.375000000000000000e-01
1.382812500000000000e+00
1.398437500000000000e+00
-1.820312500000000000e+00
1.000000000000000000e+00
-9.843750000000000000e-01
1.937500000000000000e+00
1.031250000000000000e+00
5.078125000000000000e-01
1.273437500000000000e+00
4.785156250000000000e-01
1.554687500000000000e+00
1.070312500000000000e+00
1.062500000000000000e+00
2.015625000000000000e+00
6.523437500000000000e-01
2.453125000000000000e+00
-1.437500000000000000e+00
-7.031250000000000000e-01
1.187500000000000000e+00
-2.021484375000000000e-01
7.304687500000000000e-01
-3.369140625000000000e-02
1.007812500000000000e+00
1.429687500000000000e+00
1.171875000000000000e+00
-1.117187500000000000e+00
-1.539062500000000000e+00
9.570312500000000000e-01
9.062500000000000000e-01
-1.375000000000000000e+00
-1.414062500000000000e+00
9.179687500000000000e-01
1.835937500000000000e+00
1.648437500000000000e+00
-3.640625000000000000e+00
-9.570312500000000000e-01
-3.886718750000000000e-01
6.601562500000000000e-01
1.218750000000000000e+00
-1.320312500000000000e+00
8.242187500000000000e-01
1.476562500000000000e+00
1.875000000000000000e+00
2.062500000000000000e+00
-2.140625000000000000e+00
-4.125000000000000000e+00
1.513671875000000000e-01
-2.250000000000000000e+00
-1.500000000000000000e+00
-1.176757812500000000e-01
-1.742187500000000000e+00
1.710937500000000000e+00
7.148437500000000000e-01
8.437500000000000000e-01
-1.312500000000000000e+00
2.125000000000000000e+00
2.636718750000000000e-01
3.390625000000000000e+00
-1.406250000000000000e+00
-1.351562500000000000e+00
-1.101562500000000000e+00
6.757812500000000000e-01
1.098632812500000000e-01
7.812500000000000000e-01
-1.455078125000000000e-01
-1.429687500000000000e+00
1.867187500000000000e+00
-2.234375000000000000e+00
-3.496093750000000000e-01
-4.812500000000000000e+00
-4.042968750000000000e-01
-1.187500000000000000e+00
-3.890625000000000000e+00
1.187500000000000000e+00
1.382812500000000000e+00
-4.565429687500000000e-02
4.746093750000000000e-01
-1.218750000000000000e+00
-2.078125000000000000e+00
1.679687500000000000e+00
7.070312500000000000e-01
-1.000000000000000000e+00
1.554687500000000000e+00
1.468750000000000000e+00
4.760742187500000000e-02
1.210937500000000000e+00
-6.992187500000000000e-01
9.570312500000000000e-01
-1.875000000000000000e-01
-9.726562500000000000e-01
-1.085937500000000000e+00
1.335937500000000000e+00
1.414062500000000000e+00
-8.242187500000000000e-01
