-2.828125000000000000e+00
1.630859375000000000e-01
-1.023437500000000000e+00
1.318359375000000000e-01
-1.640625000000000000e-01
1.351562500000000000e+00
2.773437500000000000e-01
4.003906250000000000e-02
-3.535156250000000000e-01
-9.062500000000000000e-01
3.085937500000000000e-01
5.156250000000000000e-01
9.882812500000000000e-01
-2.404785156250000000e-02
5.249023437500000000e-02
-2.832031250000000000e-01
1.039062500000000000e+00
-7.080078125000000000e-02
-1.429687500000000000e+00
-1.250000000000000000e+00
-3.457031250000000000e-01
3.062500000000000000e+00
-5.125000000000000000e+00
-2.519531250000000000e-01
-3.564453125000000000e-02
-5.039062500000000000e-01
-3.250000000000000000e+00
-7.968750000000000000e-01
-2.021484375000000000e-01
-4.160156250000000000e-01
-1.336669921875000000e-02
2.515625000000000000e+00
1.767578125000000000e-01
-5.390625000000000000e-01
-1.298828125000000000e-01
-1.148437500000000000e+00
1.937500000000000000e+00
-1.031250000000000000e+00
-4.277343750000000000e-01
-8.945312500000000000e-01
-1.513671875000000000e-01
3.125000000000000000e-01
1.337890625000000000e-01
1.367187500000000000e-01
-1.093750000000000000e+00
6.445312500000000000e-01
7.382812500000000000e-01
-9.716796875000000000e-02
1.343750000000000000e+00
-1.250000000000000000e-01
-5.546875000000000000e-01
-1.039062500000000000e+00
2.187500000000000000e+00
1.689453125000000000e-01
-3.466796875000000000e-02
-9.687500000000000000e-01
-1.718750000000000000e-01
-4.031250000000000000e+00
1.513671875000000000e-01
-4.272460937500000000e-02
-1.062500000000000000e+00
4.003906250000000000e-01
-5.429687500000000000e-01
7.070312500000000000e-01
6.601562500000000000e-01
1.513671875000000000e-01
-3.183593750000000000e-01
-6.494140625000000000e-02
7.995605468750000000e-03
2.138671875000000000e-01
-1.000000000000000000e+00
7.968750000000000000e-01
7.171630859375000000e-03
-1.218750000000000000e+00
2.390625000000000000e+00
1.625000000000000000e+00
4.433593750000000000e-01
7.500000000000000000e-01
2.792968750000000000e-01
-6.744384765625000000e-03
1.726562500000000000e+00
-1.989746093750000000e-02
-9.179687500000000000e-01
-6.601562500000000000e-01
-1.460937500000000000e+00
1.031250000000000000e+00
-1.414062500000000000e+00
-2.600097656250000000e-02
-9.460449218750000000e-03
-1.429687500000000000e+00
-8.007812500000000000e-01
3.300781250000000000e-01
8.935546875000000000e-02
-4.531250000000000000e-01
2.125000000000000000e+00
-3.686523437500000000e-02
-2.203125000000000000e+00
-5.883789062500000000e-02
-9.687500000000000000e-01
9.179687500000000000e-01
-5.898437500000000000e-01
-1.531250000000000000e+00
-1.533203125000000000e-01
1.570312500000000000e+00
-1.940917968750000000e-02
3.437500000000000000e-01
-2.109375000000000000e-01
1.757812500000000000e+00
-1.039062500000000000e+00
-8.242187500000000000e-01
1.757812500000000000e-01
-3.320312500000000000e-01
1.750000000000000000e+00
-1.953125000000000000e-01
-2.695312500000000000e-01
4.121093750000000000e-01
3.078125000000000000e+00
-6.093750000000000000e-01
-1.500000000000000000e+00
-6.591796875000000000e-02
-3.691406250000000000e-01
-1.039062500000000000e+00
-2.949218750000000000e-01
2.265625000000000000e-01
1.015625000000000000e+00
-1.679687500000000000e-01
7.382812500000000000e-01
-7.171630859375000000e-03
1.904296875000000000e-01
4.746093750000000000e-01
1.914062500000000000e+00
8.125000000000000000e-01
2.941894531250000000e-02
-7.070312500000000000e-01
-2.546875000000000000e+00
-5.590820312500000000e-02
-6.523437500000000000e-01
-5.742187500000000000e-01
6.132812500000000000e-01
-8.789062500000000000e-01
-1.304687500000000000e+00
2.062500000000000000e+00
3.378906250000000000e-01
-1.289062500000000000e-01
3.730468750000000000e-01
-9.130859375000000000e-02
-1.812500000000000000e+00
-1.132812500000000000e+00
3.515625000000000000e-02
1.328125000000000000e-01
-2.484375000000000000e+00
-1.079101562500000000e-01
-9.335937500000000000e-01
-4.746093750000000000e-01
-1.093750000000000000e+00
-3.671875000000000000e+00
-2.421875000000000000e-01
-7.343750000000000000e-01
3.496093750000000000e-01
-8.867187500000000000e-01
-7.812500000000000000e-01
-1.781250000000000000e+00
1.298828125000000000e-01
-2.703125000000000000e+00
-1.007812500000000000e+00
5.590820312500000000e-02
-7.812500000000000000e-01
-6.982421875000000000e-02
2.062500000000000000e+00
4.418945312500000000e-02
2.929687500000000000e-01
-3.007812500000000000e-01
6.132812500000000000e-01
-3.341674804687500000e-03
-6.542968750000000000e-02
1.708984375000000000e-01
-7.148437500000000000e-01
1.187500000000000000e+00
2.125000000000000000e+00
9.619140625000000000e-02
-2.171875000000000000e+00
1.474609375000000000e-01
1.250000000000000000e-01
-6.601562500000000000e-01
3.320312500000000000e-01
1.093750000000000000e-01
3.359375000000000000e-01
3.359375000000000000e-01
-4.472656250000000000e-01
2.333984375000000000e-01
3.750000000000000000e-01
-8.789062500000000000e-01
4.760742187500000000e-02
4.785156250000000000e-01
4.370117187500000000e-02
-3.062500000000000000e+00
3.125000000000000000e-01
-3.250000000000000000e+00
-1.132812500000000000e+00
-6.406250000000000000e-01
2.070312500000000000e-01
-2.750000000000000000e+00
-1.904296875000000000e-01
-3.359375000000000000e-01
3.535156250000000000e-01
-1.542968750000000000e-01
2.714843750000000000e-01
-1.070312500000000000e+00
-9.765625000000000000e-02
-3.183593750000000000e-01
-8.750000000000000000e-01
-6.298828125000000000e-02
-7.070312500000000000e-01
8.554687500000000000e-01
-4.394531250000000000e-01
-9.228515625000000000e-02
-1.781250000000000000e+00
1.621093750000000000e-01
9.521484375000000000e-02
-3.640625000000000000e+00
-6.367187500000000000e-01
-2.526855468750000000e-02
-6.225585937500000000e-02
1.298828125000000000e-01
-4.000000000000000000e+00
-6.523437500000000000e-01
-5.937500000000000000e-01
-1.718750000000000000e+00
-2.687500000000000000e+00
1.054687500000000000e+00
-2.832031250000000000e-01
-2.109375000000000000e+00
-1.835937500000000000e+00
-1.826171875000000000e-01
-3.320312500000000000e-01
-1.250000000000000000e+00
2.111816406250000000e-02
3.242187500000000000e-01
-8.710937500000000000e-01
-1.203125000000000000e+00
5.000000000000000000e-01
1.664062500000000000e+00
2.796875000000000000e+00
-7.851562500000000000e-01
-1.023437500000000000e+00
-1.304687500000000000e+00
-1.664062500000000000e+00
-3.671875000000000000e-01
-7.617187500000000000e-01
-1.375000000000000000e+00
-4.468750000000000000e+00
-7.070312500000000000e-01
-2.109375000000000000e+00
-6.523437500000000000e-01
3.515625000000000000e-01
6.367187500000000000e-01
-1.101562500000000000e+00
-2.871093750000000000e-01
-4.667968750000000000e-01
-4.824218750000000000e-01
-4.472656250000000000e-01
-2.695312500000000000e-01
-6.406250000000000000e-01
-8.867187500000000000e-01
5.117187500000000000e-01
7.343750000000000000e-01
-5.703125000000000000e-01
-1.132812500000000000e+00
-4.003906250000000000e-01
-1.273437500000000000e+00
-1.281250000000000000e+00
-9.882812500000000000e-01
-5.468750000000000000e-01
2.041015625000000000e-01
-2.910156250000000000e-01
-2.046875000000000000e+00
1.523437500000000000e-01
-3.171875000000000000e+00
3.320312500000000000e-01
-2.578125000000000000e-01
-7.812500000000000000e-01
-1.304687500000000000e+00
1.806640625000000000e-01
-2.812500000000000000e-01
3.183593750000000000e-01
-2.265625000000000000e-01
-1.796875000000000000e-01
1.953125000000000000e-01
-5.000000000000000000e-01
-6.289062500000000000e-01
7.460937500000000000e-01
3.066406250000000000e-01
-7.148437500000000000e-01
4.550781250000000000e-01
-2.197265625000000000e-01
7.070312500000000000e-01
-3.250122070312500000e-03
6.523437500000000000e-01
2.656250000000000000e-01
-5.273437500000000000e-02
1.476562500000000000e+00
1.281250000000000000e+00
-9.804687500000000000e-01
4.843750000000000000e-01
-3.691406250000000000e-01
1.429687500000000000e+00
-9.570312500000000000e-01
-1.468750000000000000e+00
1.265625000000000000e+00
-2.910156250000000000e-01
-3.144531250000000000e-01
-8.632812500000000000e-01
4.160156250000000000e-01
1.669921875000000000e-01
2.216796875000000000e-01
-1.039062500000000000e+00
-8.945312500000000000e-01
-2.519531250000000000e-01
-1.434326171875000000e-02
-7.617187500000000000e-01
-3.750000000000000000e-01
-1.660156250000000000e-01
2.333984375000000000e-01
1.398437500000000000e+00
-3.750000000000000000e+00
-7.695312500000000000e-01
-1.046875000000000000e+00
7.148437500000000000e-01
4.062500000000000000e-01
-8.906250000000000000e-01
-1.916503906250000000e-02
4.687500000000000000e-01
8.632812500000000000e-01
1.812500000000000000e+00
-1.398437500000000000e+00
-3.187500000000000000e+00
8.984375000000000000e-02
-3.687500000000000000e+00
-1.960937500000000000e+00
5.468750000000000000e-01
-8.945312500000000000e-01
2.871093750000000000e-01
-8.632812500000000000e-01
-9.814453125000000000e-02
-9.648437500000000000e-01
3.320312500000000000e-01
-4.746093750000000000e-01
4.218750000000000000e+00
-1.203125000000000000e+00
-1.476562500000000000e+00
-2.070312500000000000e-01
-2.792968750000000000e-01
-1.884765625000000000e-01
-5.664062500000000000e-01
-6.494140625000000000e-02
-2.046875000000000000e+00
2.687500000000000000e+00
-3.015625000000000000e+00
3.671875000000000000e-01
-4.125000000000000000e+00
-1.923828125000000000e-01
-1.218750000000000000e+00
-4.312500000000000000e+00
-6.152343750000000000e-02
6.367187500000000000e-01
-5.507812500000000000e-01
-3.437500000000000000e-01
-2.021484375000000000e-01
-2.000000000000000000e+00
4.121093750000000000e-01
-3.691406250000000000e-01
-8.007812500000000000e-01
4.316406250000000000e-01
-2.949218750000000000e-01
-2.470703125000000000e-01
2.258300781250000000e-02
-2.734375000000000000e-01
2.001953125000000000e-01
-3.046875000000000000e-01
-6.562500000000000000e-01
-5.976562500000000000e-01
1.186523437500000000e-01
2.109375000000000000e+00
-2.421875000000000000e+00
