-6.914062500000000000e-01
2.675781250000000000e-01
-1.937500000000000000e+00
1.398437500000000000e+00
-5.117187500000000000e-01
1.226562500000000000e+00
1.367187500000000000e+00
1.007812500000000000e+00
-1.210937500000000000e+00
-1.476562500000000000e+00
1.476562500000000000e+00
1.445312500000000000e+00
2.203125000000000000e+00
5.546875000000000000e-01
1.257812500000000000e+00
6.601562500000000000e-01
-2.500000000000000000e-01
9.804687500000000000e-01
2.636718750000000000e-01
-1.140625000000000000e+00
-1.943359375000000000e-01
2.671875000000000000e+00
-5.843750000000000000e+00
-7.460937500000000000e-01
1.101562500000000000e+00
6.367187500000000000e-01
-3.953125000000000000e+00
-9.960937500000000000e-01
7.373046875000000000e-02
-1.343750000000000000e+00
1.570312500000000000e+00
1.773437500000000000e+00
1.468750000000000000e+00
-4.140625000000000000e-01
-2.236328125000000000e-01
-1.664062500000000000e+00
9.687500000000000000e-01
-4.062500000000000000e-01
1.923828125000000000e-01
-8.085937500000000000e-01
-4.296875000000000000e-01
2.109375000000000000e+00
1.351562500000000000e+00
-5.625000000000000000e-01
-1.710937500000000000e+00
1.429687500000000000e+00
1.312500000000000000e+00
1.953125000000000000e-03
1.257812500000000000e+00
9.179687500000000000e-01
-4.296875000000000000e-01
-1.617187500000000000e+00
1.851562500000000000e+00
-1.148437500000000000e+00
1.273437500000000000e+00
1.845703125000000000e-01
4.907226562500000000e-02
-2.953125000000000000e+00
3.066406250000000000e-01
9.492187500000000000e-01
-7.148437500000000000e-01
1.281250000000000000e+00
-1.650390625000000000e-01
2.328125000000000000e+00
2.109375000000000000e+00
5.078125000000000000e-02
1.265625000000000000e+00
-1.043701171875000000e-02
1.552734375000000000e-01
1.304687500000000000e+00
-1.718750000000000000e+00
1.906250000000000000e+00
2.001953125000000000e-01
-1.375000000000000000e+00
2.640625000000000000e+00
4.472656250000000000e-01
2.437500000000000000e+00
1.492187500000000000e+00
2.062500000000000000e+00
9.765625000000000000e-02
2.734375000000000000e+00
9.531250000000000000e-01
-1.335937500000000000e+00
-9.375000000000000000e-01
-2.328125000000000000e+00
1.468750000000000000e+00
-2.832031250000000000e-01
1.429687500000000000e+00
7.812500000000000000e-01
-2.296875000000000000e+00
-5.429687500000000000e-01
1.375000000000000000e+00
-1.687500000000000000e+00
-5.786132812500000000e-02
1.148437500000000000e+00
-1.000000000000000000e+00
9.882812500000000000e-01
1.156250000000000000e+00
-1.007812500000000000e+00
1.250000000000000000e+00
6.757812500000000000e-01
-1.835937500000000000e+00
-1.335937500000000000e+00
1.898437500000000000e+00
1.500000000000000000e+00
1.976562500000000000e+00
-1.416015625000000000e-01
2.015625000000000000e+00
-1.187500000000000000e+00
-3.222656250000000000e-01
2.125000000000000000e+00
-4.550781250000000000e-01
1.523437500000000000e+00
-7.500000000000000000e-01
-7.812500000000000000e-01
2.296875000000000000e+00
2.000000000000000000e+00
-9.570312500000000000e-01
-1.468750000000000000e+00
-5.507812500000000000e-01
-1.164062500000000000e+00
-1.539062500000000000e+00
6.640625000000000000e-02
1.585937500000000000e+00
1.554687500000000000e+00
5.898437500000000000e-01
2.015625000000000000e+00
1.875000000000000000e+00
1.585937500000000000e+00
1.179687500000000000e+00
1.968750000000000000e+00
1.257812500000000000e+00
1.007812500000000000e+00
-1.085937500000000000e+00
-2.671875000000000000e+00
-4.042968750000000000e-01
-2.314453125000000000e-01
9.960937500000000000e-01
1.992187500000000000e+00
-1.468750000000000000e+00
-9.492187500000000000e-01
2.281250000000000000e+00
2.046875000000000000e+00
7.812500000000000000e-01
1.812500000000000000e+00
-6.992187500000000000e-01
4.746093750000000000e-01
-5.390625000000000000e-01
1.437500000000000000e+00
1.835937500000000000e+00
-2.158203125000000000e-01
-3.457031250000000000e-01
-1.257812500000000000e+00
3.906250000000000000e-02
-1.281250000000000000e+00
-2.671875000000000000e+00
-5.195312500000000000e-01
-4.687500000000000000e-01
3.750000000000000000e-01
-8.554687500000000000e-01
-6.054687500000000000e-01
-1.265625000000000000e+00
7.929687500000000000e-01
-3.328125000000000000e+00
-1.943359375000000000e-01
1.812500000000000000e+00
-1.398437500000000000e+00
-3.925781250000000000e-01
2.250000000000000000e+00
-1.007812500000000000e+00
1.296875000000000000e+00
-1.187500000000000000e+00
2.390625000000000000e+00
1.492187500000000000e+00
-4.321289062500000000e-02
1.875000000000000000e+00
-2.392578125000000000e-01
2.171875000000000000e+00
1.414062500000000000e+00
1.437500000000000000e+00
-7.929687500000000000e-01
1.664062500000000000e+00
1.748046875000000000e-01
-4.375000000000000000e-01
1.046875000000000000e+00
1.976562500000000000e+00
1.476562500000000000e+00
8.320312500000000000e-01
-1.015625000000000000e+00
8.867187500000000000e-01
1.679687500000000000e+00
-5.820312500000000000e-01
1.234375000000000000e+00
2.312500000000000000e+00
1.210937500000000000e+00
-1.570312500000000000e+00
1.435546875000000000e-01
-2.312500000000000000e+00
-1.296875000000000000e+00
-8.945312500000000000e-01
7.304687500000000000e-01
-7.812500000000000000e-01
-1.904296875000000000e-01
-3.066406250000000000e-01
2.558593750000000000e-01
1.125000000000000000e+00
4.785156250000000000e-01
-1.375000000000000000e+00
1.296875000000000000e+00
9.257812500000000000e-01
-1.187500000000000000e+00
1.125000000000000000e+00
-1.296875000000000000e+00
1.570312500000000000e+00
-5.039062500000000000e-01
2.046875000000000000e+00
2.500000000000000000e-01
1.625000000000000000e+00
9.257812500000000000e-01
-2.265625000000000000e+00
-1.125000000000000000e+00
1.572265625000000000e-01
8.750000000000000000e-01
-5.395507812500000000e-02
-3.812500000000000000e+00
-1.468750000000000000e+00
-7.148437500000000000e-01
-1.664062500000000000e+00
-1.757812500000000000e+00
1.773437500000000000e+00
-8.242187500000000000e-01
4.628906250000000000e-01
-8.632812500000000000e-01
1.132812500000000000e-01
-4.433593750000000000e-01
-1.445312500000000000e+00
7.617187500000000000e-02
1.562500000000000000e+00
-1.960937500000000000e+00
-1.367187500000000000e+00
2.203125000000000000e+00
1.070312500000000000e+00
1.570312500000000000e+00
1.533203125000000000e-01
-2.558593750000000000e-01
-1.031250000000000000e+00
-9.960937500000000000e-01
-6.523437500000000000e-01
-8.710937500000000000e-01
-1.507812500000000000e+00
-3.875000000000000000e+00
-1.343750000000000000e+00
1.093750000000000000e-01
-1.242187500000000000e+00
1.726562500000000000e+00
1.179687500000000000e+00
-1.601562500000000000e+00
-1.382812500000000000e+00
-2.988281250000000000e-01
-1.875000000000000000e-01
-7.304687500000000000e-01
6.982421875000000000e-02
-1.312500000000000000e+00
-3.574218750000000000e-01
1.273437500000000000e+00
5.195312500000000000e-01
-7.070312500000000000e-01
-8.437500000000000000e-01
-7.177734375000000000e-02
-1.429687500000000000e+00
-1.164062500000000000e+00
-8.750000000000000000e-01
-9.375000000000000000e-01
1.148437500000000000e+00
-4.687500000000000000e-01
-2.234375000000000000e+00
1.539062500000000000e+00
-1.414062500000000000e+00
1.476562500000000000e+00
1.148437500000000000e+00
8.437500000000000000e-01
-1.382812500000000000e+00
5.546875000000000000e-01
-7.851562500000000000e-01
6.015625000000000000e-01
-4.921875000000000000e-01
4.863281250000000000e-01
1.273437500000000000e+00
-8.632812500000000000e-01
-1.023437500000000000e+00
1.570312500000000000e+00
1.468750000000000000e+00
-1.875000000000000000e+00
1.148437500000000000e+00
-9.570312500000000000e-01
2.015625000000000000e+00
1.070312500000000000e+00
4.355468750000000000e-01
1.257812500000000000e+00
4.277343750000000000e-01
1.523437500000000000e+00
1.132812500000000000e+00
1.265625000000000000e+00
2.093750000000000000e+00
7.343750000000000000e-01
2.453125000000000000e+00
-1.179687500000000000e+00
-8.281250000000000000e-01
1.164062500000000000e+00
-1.269531250000000000e-01
7.851562500000000000e-01
-1.867675781250000000e-02
1.304687500000000000e+00
1.429687500000000000e+00
1.187500000000000000e+00
-1.179687500000000000e+00
-1.476562500000000000e+00
9.648437500000000000e-01
9.335937500000000000e-01
-1.382812500000000000e+00
-1.398437500000000000e+00
9.882812500000000000e-01
1.976562500000000000e+00
1.687500000000000000e+00
-3.796875000000000000e+00
-9.804687500000000000e-01
-2.910156250000000000e-01
6.250000000000000000e-01
1.195312500000000000e+00
-1.320312500000000000e+00
8.750000000000000000e-01
1.585937500000000000e+00
1.914062500000000000e+00
2.078125000000000000e+00
-2.140625000000000000e+00
-4.562500000000000000e+00
1.435546875000000000e-01
-2.375000000000000000e+00
-1.523437500000000000e+00
1.000976562500000000e-01
-1.687500000000000000e+00
1.835937500000000000e+00
7.812500000000000000e-01
8.632812500000000000e-01
-1.210937500000000000e+00
2.250000000000000000e+00
6.289062500000000000e-01
3.171875000000000000e+00
-1.265625000000000000e+00
-1.500000000000000000e+00
-1.148437500000000000e+00
7.617187500000000000e-01
2.197265625000000000e-01
8.789062500000000000e-01
-2.968750000000000000e-01
-1.460937500000000000e+00
1.804687500000000000e+00
-2.312500000000000000e+00
-2.714843750000000000e-01
-5.218750000000000000e+00
-4.785156250000000000e-01
-1.179687500000000000e+00
-4.125000000000000000e+00
1.273437500000000000e+00
1.492187500000000000e+00
-8.789062500000000000e-02
5.585937500000000000e-01
-1.289062500000000000e+00
-2.171875000000000000e+00
1.742187500000000000e+00
7.929687500000000000e-01
-9.101562500000000000e-01
1.648437500000000000e+00
1.554687500000000000e+00
-5.859375000000000000e-03
1.281250000000000000e+00
-5.820312500000000000e-01
9.531250000000000000e-01
-1.718750000000000000e-01
-8.789062500000000000e-01
-1.164062500000000000e+00
1.343750000000000000e+00
1.273437500000000000e+00
-7.656250000000000000e-01
