-1.882812500000000000e+00
6.445312500000000000e-01
-1.562500000000000000e+00
7.226562500000000000e-01
-3.281250000000000000e-01
1.328125000000000000e+00
9.062500000000000000e-01
5.585937500000000000e-01
-5.898437500000000000e-01
-1.273437500000000000e+00
8.320312500000000000e-01
8.632812500000000000e-01
1.687500000000000000e+00
1.923828125000000000e-01
5.507812500000000000e-01
1.787109375000000000e-01
5.273437500000000000e-02
4.472656250000000000e-01
-6.757812500000000000e-01
-1.312500000000000000e+00
-2.187500000000000000e-01
3.078125000000000000e+00
-5.906250000000000000e+00
-4.238281250000000000e-01
4.765625000000000000e-01
1.696777343750000000e-02
-4.062500000000000000e+00
-9.531250000000000000e-01
-8.349609375000000000e-02
-8.242187500000000000e-01
6.835937500000000000e-01
2.187500000000000000e+00
7.031250000000000000e-01
-3.027343750000000000e-01
-2.294921875000000000e-01
-1.632812500000000000e+00
1.460937500000000000e+00
-7.851562500000000000e-01
-1.118164062500000000e-01
-8.906250000000000000e-01
-1.943359375000000000e-01
1.132812500000000000e+00
6.015625000000000000e-01
-1.728515625000000000e-01
-1.601562500000000000e+00
1.132812500000000000e+00
1.078125000000000000e+00
2.990722656250000000e-02
1.296875000000000000e+00
3.378906250000000000e-01
-5.976562500000000000e-01
-1.460937500000000000e+00
2.015625000000000000e+00
-5.351562500000000000e-01
5.156250000000000000e-01
-3.242187500000000000e-01
1.531982421875000000e-02
-3.625000000000000000e+00
2.773437500000000000e-01
4.062500000000000000e-01
-8.125000000000000000e-01
8.632812500000000000e-01
-4.355468750000000000e-01
1.476562500000000000e+00
1.500000000000000000e+00
1.259765625000000000e-01
4.765625000000000000e-01
-4.882812500000000000e-02
7.568359375000000000e-02
5.625000000000000000e-01
-1.632812500000000000e+00
1.414062500000000000e+00
-1.373291015625000000e-02
-1.179687500000000000e+00
2.671875000000000000e+00
1.125000000000000000e+00
1.476562500000000000e+00
1.210937500000000000e+00
1.179687500000000000e+00
-4.547119140625000000e-03
2.437500000000000000e+00
4.160156250000000000e-01
-7.656250000000000000e-01
-9.648437500000000000e-01
-1.851562500000000000e+00
1.218750000000000000e+00
-9.062500000000000000e-01
6.523437500000000000e-01
3.828125000000000000e-01
-2.187500000000000000e+00
-8.007812500000000000e-01
7.617187500000000000e-01
-7.929687500000000000e-01
-2.636718750000000000e-01
1.679687500000000000e+00
-4.628906250000000000e-01
-7.851562500000000000e-01
5.351562500000000000e-01
-1.125000000000000000e+00
1.125000000000000000e+00
1.953125000000000000e-02
-1.968750000000000000e+00
-9.414062500000000000e-01
1.906250000000000000e+00
6.250000000000000000e-01
1.101562500000000000e+00
-2.558593750000000000e-01
2.015625000000000000e+00
-1.218750000000000000e+00
-6.054687500000000000e-01
1.109375000000000000e+00
-3.242187500000000000e-01
1.726562500000000000e+00
-2.597656250000000000e-01
-6.601562500000000000e-01
1.375000000000000000e+00
2.500000000000000000e+00
-9.375000000000000000e-01
-1.695312500000000000e+00
-4.394531250000000000e-01
-6.562500000000000000e-01
-1.695312500000000000e+00
-4.238281250000000000e-01
9.062500000000000000e-01
1.218750000000000000e+00
2.392578125000000000e-01
1.414062500000000000e+00
8.085937500000000000e-01
8.945312500000000000e-01
7.812500000000000000e-01
1.937500000000000000e+00
9.218750000000000000e-01
4.941406250000000000e-01
-9.179687500000000000e-01
-2.609375000000000000e+00
-1.435546875000000000e-01
-3.457031250000000000e-01
1.435546875000000000e-01
1.257812500000000000e+00
-1.039062500000000000e+00
-1.179687500000000000e+00
2.125000000000000000e+00
1.164062500000000000e+00
3.281250000000000000e-01
1.117187500000000000e+00
-3.652343750000000000e-01
-7.500000000000000000e-01
-9.375000000000000000e-01
6.679687500000000000e-01
9.179687500000000000e-01
-1.429687500000000000e+00
-1.000976562500000000e-01
-1.101562500000000000e+00
-2.636718750000000000e-01
-1.335937500000000000e+00
-3.265625000000000000e+00
-1.542968750000000000e-01
-6.210937500000000000e-01
5.820312500000000000e-01
-9.492187500000000000e-01
-6.562500000000000000e-01
-1.468750000000000000e+00
3.730468750000000000e-01
-3.328125000000000000e+00
-5.273437500000000000e-01
8.085937500000000000e-01
-1.054687500000000000e+00
-2.109375000000000000e-01
2.296875000000000000e+00
-7.617187500000000000e-01
8.007812500000000000e-01
-8.242187500000000000e-01
1.460937500000000000e+00
6.757812500000000000e-01
-1.806640625000000000e-01
9.882812500000000000e-01
-6.523437500000000000e-01
1.726562500000000000e+00
1.789062500000000000e+00
8.007812500000000000e-01
-1.414062500000000000e+00
8.554687500000000000e-01
3.735351562500000000e-02
-6.171875000000000000e-01
6.054687500000000000e-01
8.554687500000000000e-01
9.375000000000000000e-01
6.875000000000000000e-01
-1.531982421875000000e-02
5.312500000000000000e-01
1.093750000000000000e+00
-7.382812500000000000e-01
5.898437500000000000e-01
1.273437500000000000e+00
6.171875000000000000e-01
-2.296875000000000000e+00
2.714843750000000000e-01
-2.921875000000000000e+00
-1.414062500000000000e+00
-1.031250000000000000e+00
5.625000000000000000e-01
-1.804687500000000000e+00
-1.166992187500000000e-01
-2.890625000000000000e-01
2.753906250000000000e-01
4.218750000000000000e-01
3.886718750000000000e-01
-1.382812500000000000e+00
5.507812500000000000e-01
2.890625000000000000e-01
-1.101562500000000000e+00
4.785156250000000000e-01
-1.023437500000000000e+00
1.281250000000000000e+00
-3.222656250000000000e-01
9.023437500000000000e-01
-8.593750000000000000e-01
8.945312500000000000e-01
1.845703125000000000e-01
-3.062500000000000000e+00
-1.101562500000000000e+00
1.376953125000000000e-01
4.375000000000000000e-01
6.396484375000000000e-02
-4.156250000000000000e+00
-1.156250000000000000e+00
-6.523437500000000000e-01
-2.171875000000000000e+00
-2.140625000000000000e+00
1.625000000000000000e+00
-8.242187500000000000e-01
-9.492187500000000000e-01
-1.414062500000000000e+00
-2.343750000000000000e-02
-3.964843750000000000e-01
-1.523437500000000000e+00
4.687500000000000000e-01
9.687500000000000000e-01
-1.414062500000000000e+00
-1.460937500000000000e+00
1.320312500000000000e+00
1.492187500000000000e+00
2.140625000000000000e+00
-7.812500000000000000e-02
-5.976562500000000000e-01
-1.320312500000000000e+00
-1.437500000000000000e+00
-5.351562500000000000e-01
-9.648437500000000000e-01
-1.664062500000000000e+00
-4.343750000000000000e+00
-8.906250000000000000e-01
-1.210937500000000000e+00
-1.023437500000000000e+00
1.070312500000000000e+00
1.093750000000000000e+00
-1.250000000000000000e+00
-7.617187500000000000e-01
-4.589843750000000000e-01
-3.046875000000000000e-01
-4.121093750000000000e-01
-1.318359375000000000e-01
-9.492187500000000000e-01
-2.333984375000000000e-01
9.257812500000000000e-01
6.328125000000000000e-01
-4.863281250000000000e-01
-1.148437500000000000e+00
-2.656250000000000000e-01
-1.585937500000000000e+00
-1.750000000000000000e+00
-9.492187500000000000e-01
-6.679687500000000000e-01
5.625000000000000000e-01
-3.515625000000000000e-01
-2.437500000000000000e+00
8.125000000000000000e-01
-2.359375000000000000e+00
8.554687500000000000e-01
3.769531250000000000e-01
7.812500000000000000e-03
-1.625000000000000000e+00
3.808593750000000000e-01
-5.585937500000000000e-01
5.703125000000000000e-01
-4.589843750000000000e-01
1.757812500000000000e-01
7.382812500000000000e-01
-5.898437500000000000e-01
-7.812500000000000000e-01
1.164062500000000000e+00
9.414062500000000000e-01
-1.234375000000000000e+00
7.343750000000000000e-01
-5.117187500000000000e-01
1.304687500000000000e+00
5.000000000000000000e-01
6.328125000000000000e-01
7.539062500000000000e-01
1.113281250000000000e-01
1.679687500000000000e+00
1.289062500000000000e+00
7.666015625000000000e-02
1.242187500000000000e+00
1.562500000000000000e-01
1.976562500000000000e+00
-1.320312500000000000e+00
-1.148437500000000000e+00
1.437500000000000000e+00
-1.845703125000000000e-01
1.464843750000000000e-01
-6.054687500000000000e-01
9.960937500000000000e-01
7.226562500000000000e-01
7.343750000000000000e-01
-1.039062500000000000e+00
-1.234375000000000000e+00
3.046875000000000000e-01
4.394531250000000000e-01
-1.125000000000000000e+00
-8.476562500000000000e-01
4.218750000000000000e-01
1.117187500000000000e+00
1.664062500000000000e+00
-4.031250000000000000e+00
-8.085937500000000000e-01
-7.382812500000000000e-01
7.031250000000000000e-01
8.789062500000000000e-01
-1.070312500000000000e+00
3.535156250000000000e-01
9.687500000000000000e-01
1.507812500000000000e+00
2.078125000000000000e+00
-1.875000000000000000e+00
-4.250000000000000000e+00
7.617187500000000000e-02
-3.109375000000000000e+00
-1.875000000000000000e+00
9.218750000000000000e-01
-1.507812500000000000e+00
1.039062500000000000e+00
8.007812500000000000e-02
3.300781250000000000e-01
-1.226562500000000000e+00
1.242187500000000000e+00
-3.183593750000000000e-01
3.796875000000000000e+00
-1.375000000000000000e+00
-1.539062500000000000e+00
-6.406250000000000000e-01
1.904296875000000000e-01
-1.259765625000000000e-01
1.552734375000000000e-01
-1.259765625000000000e-01
-1.812500000000000000e+00
2.250000000000000000e+00
-2.703125000000000000e+00
2.451171875000000000e-01
-5.156250000000000000e+00
-3.808593750000000000e-01
-1.257812500000000000e+00
-4.406250000000000000e+00
5.429687500000000000e-01
1.156250000000000000e+00
-3.613281250000000000e-01
-5.859375000000000000e-03
-9.335937500000000000e-01
-2.046875000000000000e+00
1.085937500000000000e+00
1.186523437500000000e-01
-8.437500000000000000e-01
1.093750000000000000e+00
4.902343750000000000e-01
-4.907226562500000000e-02
5.898437500000000000e-01
-7.080078125000000000e-02
5.507812500000000000e-01
-2.910156250000000000e-01
-8.867187500000000000e-01
-7.148437500000000000e-01
6.523437500000000000e-01
1.632812500000000000e+00
-1.585937500000000000e+00
