-5.234375000000000000e-01
3.637695312500000000e-02
-1.773437500000000000e+00
1.242187500000000000e+00
-5.351562500000000000e-01
9.257812500000000000e-01
1.140625000000000000e+00
8.867187500000000000e-01
-1.125000000000000000e+00
-1.476562500000000000e+00
1.281250000000000000e+00
1.382812500000000000e+00
1.898437500000000000e+00
4.902343750000000000e-01
1.117187500000000000e+00
5.000000000000000000e-01
-5.981445312500000000e-02
8.945312500000000000e-01
5.273437500000000000e-01
-1.007812500000000000e+00
-2.890625000000000000e-01
2.687500000000000000e+00
-5.031250000000000000e+00
-4.433593750000000000e-01
1.039062500000000000e+00
5.078125000000000000e-01
-3.375000000000000000e+00
-9.960937500000000000e-01
3.144531250000000000e-01
-1.320312500000000000e+00
1.460937500000000000e+00
1.539062500000000000e+00
1.414062500000000000e+00
-6.210937500000000000e-01
-4.628906250000000000e-01
-1.585937500000000000e+00
1.070312500000000000e+00
-5.585937500000000000e-01
1.513671875000000000e-01
-7.304687500000000000e-01
-3.300781250000000000e-01
1.937500000000000000e+00
1.179687500000000000e+00
-3.535156250000000000e-01
-1.710937500000000000e+00
1.187500000000000000e+00
1.242187500000000000e+00
1.962890625000000000e-01
1.171875000000000000e+00
9.492187500000000000e-01
-1.865234375000000000e-01
-1.539062500000000000e+00
1.664062500000000000e+00
-8.125000000000000000e-01
1.242187500000000000e+00
3.964843750000000000e-01
1.074218750000000000e-02
-2.453125000000000000e+00
4.433593750000000000e-01
8.750000000000000000e-01
-7.539062500000000000e-01
1.015625000000000000e+00
6.982421875000000000e-02
2.062500000000000000e+00
1.773437500000000000e+00
5.541992187500000000e-02
1.156250000000000000e+00
-2.753906250000000000e-01
4.746093750000000000e-01
8.593750000000000000e-01
-1.656250000000000000e+00
1.531250000000000000e+00
3.378906250000000000e-01
-1.414062500000000000e+00
2.500000000000000000e+00
3.378906250000000000e-01
2.109375000000000000e+00
1.265625000000000000e+00
1.742187500000000000e+00
3.535156250000000000e-01
2.500000000000000000e+00
8.320312500000000000e-01
-1.328125000000000000e+00
-8.750000000000000000e-01
-2.109375000000000000e+00
1.195312500000000000e+00
-2.087402343750000000e-02
1.265625000000000000e+00
6.992187500000000000e-01
-2.234375000000000000e+00
-5.742187500000000000e-01
1.218750000000000000e+00
-1.289062500000000000e+00
1.650390625000000000e-01
1.125000000000000000e+00
-1.039062500000000000e+00
8.632812500000000000e-01
1.000000000000000000e+00
-1.101562500000000000e+00
1.039062500000000000e+00
7.500000000000000000e-01
-1.820312500000000000e+00
-8.789062500000000000e-01
1.851562500000000000e+00
1.445312500000000000e+00
1.773437500000000000e+00
-3.906250000000000000e-01
1.773437500000000000e+00
-1.179687500000000000e+00
-2.187500000000000000e-01
1.906250000000000000e+00
-6.835937500000000000e-01
1.335937500000000000e+00
-6.132812500000000000e-01
-7.656250000000000000e-01
1.976562500000000000e+00
1.882812500000000000e+00
-1.093750000000000000e+00
-1.523437500000000000e+00
-6.093750000000000000e-01
-1.242187500000000000e+00
-1.437500000000000000e+00
-2.636718750000000000e-01
1.296875000000000000e+00
1.257812500000000000e+00
5.312500000000000000e-01
1.812500000000000000e+00
1.726562500000000000e+00
1.406250000000000000e+00
9.687500000000000000e-01
1.710937500000000000e+00
9.335937500000000000e-01
8.437500000000000000e-01
-1.109375000000000000e+00
-1.789062500000000000e+00
-9.130859375000000000e-02
-1.689453125000000000e-01
8.437500000000000000e-01
1.726562500000000000e+00
-1.648437500000000000e+00
-6.601562500000000000e-01
1.750000000000000000e+00
1.789062500000000000e+00
5.976562500000000000e-01
1.601562500000000000e+00
-7.382812500000000000e-01
3.339843750000000000e-01
-8.242187500000000000e-01
1.226562500000000000e+00
1.476562500000000000e+00
-2.087402343750000000e-02
-4.121093750000000000e-01
-1.289062500000000000e+00
-1.328125000000000000e-01
-1.265625000000000000e+00
-2.312500000000000000e+00
-5.898437500000000000e-01
-6.093750000000000000e-01
3.105468750000000000e-01
-1.015625000000000000e+00
-3.339843750000000000e-01
-1.023437500000000000e+00
8.398437500000000000e-01
-2.500000000000000000e+00
-1.259765625000000000e-01
1.664062500000000000e+00
-1.406250000000000000e+00
-1.020507812500000000e-01
2.140625000000000000e+00
-1.132812500000000000e+00
1.109375000000000000e+00
-9.101562500000000000e-01
2.125000000000000000e+00
1.351562500000000000e+00
5.218505859375000000e-03
1.648437500000000000e+00
-1.458740234375000000e-02
2.000000000000000000e+00
1.507812500000000000e+00
1.265625000000000000e+00
-7.187500000000000000e-01
1.523437500000000000e+00
3.183593750000000000e-01
-2.080078125000000000e-01
8.242187500000000000e-01
1.851562500000000000e+00
1.281250000000000000e+00
7.617187500000000000e-01
-1.054687500000000000e+00
8.085937500000000000e-01
1.468750000000000000e+00
-7.343750000000000000e-01
1.171875000000000000e+00
2.015625000000000000e+00
1.054687500000000000e+00
-1.320312500000000000e+00
1.495361328125000000e-02
-1.843750000000000000e+00
-1.367187500000000000e+00
-7.617187500000000000e-01
6.562500000000000000e-01
-7.343750000000000000e-01
-4.667968750000000000e-01
-6.210937500000000000e-01
4.296875000000000000e-01
1.156250000000000000e+00
1.953125000000000000e-01
-1.304687500000000000e+00
1.148437500000000000e+00
8.906250000000000000e-01
-1.164062500000000000e+00
1.125000000000000000e+00
-1.281250000000000000e+00
1.304687500000000000e+00
-6.562500000000000000e-01
1.851562500000000000e+00
2.265625000000000000e-01
1.335937500000000000e+00
2.910156250000000000e-01
-1.968750000000000000e+00
-1.085937500000000000e+00
2.636718750000000000e-01
6.835937500000000000e-01
1.679687500000000000e-01
-3.250000000000000000e+00
-1.460937500000000000e+00
-3.750000000000000000e-01
-1.781250000000000000e+00
-1.632812500000000000e+00
1.437500000000000000e+00
-8.007812500000000000e-01
3.886718750000000000e-01
-4.433593750000000000e-01
-1.337890625000000000e-01
-4.199218750000000000e-01
-1.500000000000000000e+00
-2.382812500000000000e-01
1.187500000000000000e+00
-1.914062500000000000e+00
-1.476562500000000000e+00
1.875000000000000000e+00
1.257812500000000000e+00
1.414062500000000000e+00
-2.216796875000000000e-01
-1.435546875000000000e-01
-8.750000000000000000e-01
-9.648437500000000000e-01
-6.289062500000000000e-01
-5.625000000000000000e-01
-1.531250000000000000e+00
-3.390625000000000000e+00
-1.406250000000000000e+00
5.737304687500000000e-02
-1.257812500000000000e+00
1.500000000000000000e+00
8.437500000000000000e-01
-1.664062500000000000e+00
-1.375000000000000000e+00
-7.343750000000000000e-01
-4.667968750000000000e-01
-9.218750000000000000e-01
1.892089843750000000e-02
-1.226562500000000000e+00
-5.429687500000000000e-01
1.039062500000000000e+00
3.769531250000000000e-01
-8.710937500000000000e-01
-6.445312500000000000e-01
1.474609375000000000e-01
-1.406250000000000000e+00
-1.117187500000000000e+00
-8.007812500000000000e-01
-9.414062500000000000e-01
1.109375000000000000e+00
-3.964843750000000000e-01
-1.601562500000000000e+00
1.437500000000000000e+00
-1.234375000000000000e+00
1.312500000000000000e+00
9.804687500000000000e-01
6.992187500000000000e-01
-1.304687500000000000e+00
7.773437500000000000e-01
-8.007812500000000000e-01
6.289062500000000000e-01
-4.550781250000000000e-01
4.843750000000000000e-01
1.078125000000000000e+00
-8.906250000000000000e-01
-1.023437500000000000e+00
1.273437500000000000e+00
1.234375000000000000e+00
-1.523437500000000000e+00
9.375000000000000000e-01
-9.687500000000000000e-01
1.851562500000000000e+00
9.804687500000000000e-01
5.351562500000000000e-01
1.312500000000000000e+00
5.117187500000000000e-01
1.414062500000000000e+00
1.000000000000000000e+00
1.125000000000000000e+00
1.937500000000000000e+00
6.054687500000000000e-01
2.203125000000000000e+00
-1.250000000000000000e+00
-4.472656250000000000e-01
1.023437500000000000e+00
-3.320312500000000000e-02
7.031250000000000000e-01
-3.637695312500000000e-02
9.218750000000000000e-01
1.351562500000000000e+00
1.054687500000000000e+00
-1.257812500000000000e+00
-1.476562500000000000e+00
9.687500000000000000e-01
8.437500000000000000e-01
-1.296875000000000000e+00
-1.476562500000000000e+00
8.750000000000000000e-01
1.648437500000000000e+00
1.523437500000000000e+00
-3.328125000000000000e+00
-1.085937500000000000e+00
-4.453125000000000000e-01
7.695312500000000000e-01
1.070312500000000000e+00
-1.414062500000000000e+00
7.343750000000000000e-01
1.375000000000000000e+00
1.687500000000000000e+00
1.914062500000000000e+00
-2.078125000000000000e+00
-3.625000000000000000e+00
1.865234375000000000e-01
-1.937500000000000000e+00
-1.195312500000000000e+00
-8.789062500000000000e-02
-1.539062500000000000e+00
1.531250000000000000e+00
7.460937500000000000e-01
8.437500000000000000e-01
-1.148437500000000000e+00
2.046875000000000000e+00
2.893066406250000000e-02
3.125000000000000000e+00
-1.320312500000000000e+00
-1.039062500000000000e+00
-1.039062500000000000e+00
6.757812500000000000e-01
3.491210937500000000e-02
8.320312500000000000e-01
-8.740234375000000000e-02
-1.148437500000000000e+00
1.632812500000000000e+00
-2.078125000000000000e+00
-4.003906250000000000e-01
-4.312500000000000000e+00
-3.339843750000000000e-01
-9.804687500000000000e-01
-3.609375000000000000e+00
1.164062500000000000e+00
1.273437500000000000e+00
2.148437500000000000e-02
3.847656250000000000e-01
-1.000000000000000000e+00
-2.140625000000000000e+00
1.601562500000000000e+00
7.187500000000000000e-01
-9.375000000000000000e-01
1.406250000000000000e+00
1.523437500000000000e+00
-7.177734375000000000e-02
1.062500000000000000e+00
-6.875000000000000000e-01
8.750000000000000000e-01
-2.021484375000000000e-01
-7.929687500000000000e-01
-1.242187500000000000e+00
1.281250000000000000e+00
1.476562500000000000e+00
-7.031250000000000000e-01
