1.023437500000000000e+00
-1.904296875000000000e-01
-2.265625000000000000e+00
1.937500000000000000e+00
-3.671875000000000000e-01
1.914062500000000000e+00
1.960937500000000000e+00
1.476562500000000000e+00
-1.218750000000000000e+00
-1.460937500000000000e+00
1.960937500000000000e+00
1.523437500000000000e+00
2.234375000000000000e+00
6.835937500000000000e-01
1.898437500000000000e+00
1.226562500000000000e+00
-1.125000000000000000e+00
1.437500000000000000e+00
1.812500000000000000e+00
-1.531250000000000000e+00
-4.238281250000000000e-01
3.000000000000000000e+00
-4.593750000000000000e+00
-1.210937500000000000e+00
1.617187500000000000e+00
1.007812500000000000e+00
-2.750000000000000000e+00
-8.398437500000000000e-01
-1.982421875000000000e-01
-1.460937500000000000e+00
2.500000000000000000e+00
1.937500000000000000e+00
1.976562500000000000e+00
-8.242187500000000000e-01
2.832031250000000000e-01
-1.773437500000000000e+00
1.562500000000000000e+00
-8.007812500000000000e-01
6.757812500000000000e-01
-1.960937500000000000e+00
-3.750000000000000000e-01
3.000000000000000000e+00
1.257812500000000000e+00
-8.750000000000000000e-01
-1.429687500000000000e+00
1.976562500000000000e+00
1.562500000000000000e+00
-5.546875000000000000e-01
1.570312500000000000e+00
1.875000000000000000e+00
-8.750000000000000000e-01
-1.492187500000000000e+00
2.140625000000000000e+00
-1.664062500000000000e+00
1.812500000000000000e+00
1.539062500000000000e+00
-1.273437500000000000e+00
-1.492187500000000000e+00
2.109375000000000000e-01
1.281250000000000000e+00
-1.398437500000000000e+00
1.593750000000000000e+00
-6.601562500000000000e-01
3.046875000000000000e+00
2.250000000000000000e+00
-3.750000000000000000e-01
2.062500000000000000e+00
-5.507812500000000000e-01
-4.433593750000000000e-01
1.375000000000000000e+00
-1.914062500000000000e+00
2.484375000000000000e+00
-2.226562500000000000e-01
-1.914062500000000000e+00
2.750000000000000000e+00
6.835937500000000000e-01
3.078125000000000000e+00
2.000000000000000000e+00
2.640625000000000000e+00
6.054687500000000000e-02
3.046875000000000000e+00
1.554687500000000000e+00
-1.867187500000000000e+00
-1.320312500000000000e+00
-3.078125000000000000e+00
2.109375000000000000e+00
1.414062500000000000e+00
2.250000000000000000e+00
1.351562500000000000e+00
-2.031250000000000000e+00
-1.296875000000000000e+00
9.804687500000000000e-01
-2.703125000000000000e+00
-5.312500000000000000e-01
1.039062500000000000e+00
-9.492187500000000000e-01
2.937500000000000000e+00
1.656250000000000000e+00
9.179687500000000000e-02
1.507812500000000000e+00
2.000000000000000000e+00
-1.726562500000000000e+00
-1.695312500000000000e+00
2.015625000000000000e+00
2.640625000000000000e+00
2.609375000000000000e+00
-1.304626464843750000e-03
2.328125000000000000e+00
-1.242187500000000000e+00
-9.882812500000000000e-01
3.078125000000000000e+00
6.298828125000000000e-02
1.718750000000000000e+00
-1.632812500000000000e+00
-8.476562500000000000e-01
2.875000000000000000e+00
1.507812500000000000e+00
-1.687500000000000000e+00
-1.507812500000000000e+00
-5.195312500000000000e-01
-1.273437500000000000e+00
-1.289062500000000000e+00
-7.226562500000000000e-01
2.359375000000000000e+00
1.835937500000000000e+00
1.320312500000000000e+00
2.296875000000000000e+00
3.015625000000000000e+00
2.171875000000000000e+00
1.281250000000000000e+00
2.359375000000000000e+00
8.945312500000000000e-01
1.437500000000000000e+00
-1.414062500000000000e+00
-2.078125000000000000e+00
-9.687500000000000000e-01
-8.007812500000000000e-01
2.015625000000000000e+00
2.359375000000000000e+00
-1.601562500000000000e+00
-9.570312500000000000e-01
2.609375000000000000e+00
2.921875000000000000e+00
1.414062500000000000e+00
2.437500000000000000e+00
-5.507812500000000000e-01
1.742187500000000000e+00
-1.562500000000000000e+00
2.218750000000000000e+00
2.625000000000000000e+00
1.117187500000000000e+00
-3.359375000000000000e-01
-1.375000000000000000e+00
7.695312500000000000e-01
-1.304687500000000000e+00
-1.656250000000000000e+00
-7.812500000000000000e-01
-1.023437500000000000e+00
5.039062500000000000e-01
-8.007812500000000000e-01
-1.031250000000000000e+00
-1.437500000000000000e+00
1.039062500000000000e+00
-2.765625000000000000e+00
-6.054687500000000000e-01
2.796875000000000000e+00
-1.257812500000000000e+00
-4.218750000000000000e-01
2.578125000000000000e+00
-1.523437500000000000e+00
1.585937500000000000e+00
-1.585937500000000000e+00
3.078125000000000000e+00
2.265625000000000000e+00
-3.496093750000000000e-01
2.453125000000000000e+00
-6.132812500000000000e-01
2.734375000000000000e+00
2.281250000000000000e+00
2.093750000000000000e+00
4.687500000000000000e-01
2.421875000000000000e+00
-4.785156250000000000e-01
-1.242187500000000000e+00
6.171875000000000000e-01
3.125000000000000000e+00
1.773437500000000000e+00
9.648437500000000000e-01
-6.132812500000000000e-01
1.156250000000000000e+00
2.359375000000000000e+00
-1.117187500000000000e+00
1.875000000000000000e+00
2.921875000000000000e+00
1.585937500000000000e+00
-6.250000000000000000e-02
6.093750000000000000e-01
-5.351562500000000000e-01
-1.312500000000000000e+00
-1.164062500000000000e+00
9.257812500000000000e-01
3.183593750000000000e-01
1.157226562500000000e-01
-1.650390625000000000e-01
3.417968750000000000e-01
2.078125000000000000e+00
-8.632812500000000000e-01
-1.539062500000000000e+00
1.882812500000000000e+00
1.601562500000000000e+00
-1.117187500000000000e+00
1.789062500000000000e+00
-1.062500000000000000e+00
2.250000000000000000e+00
-7.861328125000000000e-02
3.171875000000000000e+00
9.882812500000000000e-01
2.296875000000000000e+00
1.132812500000000000e+00
-3.847656250000000000e-01
-1.281250000000000000e+00
4.140625000000000000e-01
1.093750000000000000e+00
-4.550781250000000000e-01
-2.687500000000000000e+00
-1.664062500000000000e+00
-1.382812500000000000e+00
-1.976562500000000000e+00
-9.375000000000000000e-01
2.640625000000000000e+00
-1.257812500000000000e+00
1.781250000000000000e+00
6.132812500000000000e-01
6.289062500000000000e-01
-6.406250000000000000e-01
-1.273437500000000000e+00
7.031250000000000000e-02
2.265625000000000000e+00
-2.062500000000000000e+00
-8.945312500000000000e-01
2.609375000000000000e+00
9.726562500000000000e-01
1.015625000000000000e+00
7.031250000000000000e-01
-6.406250000000000000e-01
-1.414062500000000000e+00
-9.375000000000000000e-01
-3.417968750000000000e-01
-1.304687500000000000e+00
-1.523437500000000000e+00
-2.078125000000000000e+00
-1.429687500000000000e+00
2.000000000000000000e+00
-1.117187500000000000e+00
2.140625000000000000e+00
1.937500000000000000e+00
-1.789062500000000000e+00
-1.773437500000000000e+00
-2.138671875000000000e-01
-4.375000000000000000e-01
-1.023437500000000000e+00
-1.460937500000000000e+00
-1.140625000000000000e+00
-2.578125000000000000e-01
1.257812500000000000e+00
1.000000000000000000e+00
-1.054687500000000000e+00
-1.554687500000000000e+00
-6.523437500000000000e-01
-1.335937500000000000e+00
-2.046875000000000000e+00
-8.750000000000000000e-01
-8.750000000000000000e-01
1.523437500000000000e+00
-1.070312500000000000e+00
-1.812500000000000000e+00
2.203125000000000000e+00
4.174804687500000000e-02
2.015625000000000000e+00
2.203125000000000000e+00
1.351562500000000000e+00
-1.375000000000000000e+00
-7.382812500000000000e-01
-9.062500000000000000e-01
-1.513671875000000000e-01
-6.992187500000000000e-01
9.062500000000000000e-01
1.710937500000000000e+00
-1.117187500000000000e+00
-1.132812500000000000e+00
1.625000000000000000e+00
2.062500000000000000e+00
-2.890625000000000000e+00
1.000000000000000000e+00
-7.617187500000000000e-01
2.250000000000000000e+00
1.664062500000000000e+00
2.600097656250000000e-02
1.539062500000000000e+00
3.886718750000000000e-01
1.789062500000000000e+00
1.156250000000000000e+00
2.703125000000000000e+00
2.671875000000000000e+00
1.289062500000000000e+00
3.171875000000000000e+00
-1.398437500000000000e+00
7.148437500000000000e-01
1.429687500000000000e+00
-7.031250000000000000e-01
1.289062500000000000e+00
-8.554687500000000000e-01
1.289062500000000000e+00
2.015625000000000000e+00
1.632812500000000000e+00
-1.507812500000000000e+00
-1.109375000000000000e+00
1.835937500000000000e+00
1.601562500000000000e+00
-1.320312500000000000e+00
-1.242187500000000000e+00
1.648437500000000000e+00
2.703125000000000000e+00
1.898437500000000000e+00
-3.203125000000000000e+00
-1.046875000000000000e+00
-6.132812500000000000e-01
2.988281250000000000e-01
1.476562500000000000e+00
-1.617187500000000000e+00
1.031250000000000000e+00
1.710937500000000000e+00
2.562500000000000000e+00
2.531250000000000000e+00
-2.640625000000000000e+00
-3.296875000000000000e+00
-4.516601562500000000e-02
-8.867187500000000000e-01
-1.789062500000000000e+00
-4.589843750000000000e-01
-1.664062500000000000e+00
2.703125000000000000e+00
7.500000000000000000e-01
1.343750000000000000e+00
-1.382812500000000000e+00
3.015625000000000000e+00
3.085937500000000000e-01
3.578125000000000000e+00
-1.312500000000000000e+00
-2.078125000000000000e+00
-8.398437500000000000e-01
1.437500000000000000e+00
-2.558593750000000000e-01
1.976562500000000000e+00
-6.562500000000000000e-01
-1.468750000000000000e+00
2.062500000000000000e+00
-1.585937500000000000e+00
-4.042968750000000000e-01
-4.281250000000000000e+00
-4.667968750000000000e-01
-1.906250000000000000e+00
-3.000000000000000000e+00
2.062500000000000000e+00
1.664062500000000000e+00
-8.281250000000000000e-01
1.351562500000000000e+00
-1.257812500000000000e+00
-2.750000000000000000e+00
2.328125000000000000e+00
1.750000000000000000e+00
-8.906250000000000000e-01
2.062500000000000000e+00
2.921875000000000000e+00
-2.216796875000000000e-01
1.976562500000000000e+00
-1.062500000000000000e+00
1.132812500000000000e+00
8.984375000000000000e-02
-1.265625000000000000e+00
-1.367187500000000000e+00
1.992187500000000000e+00
6.250000000000000000e-01
4.199218750000000000e-01
