-2.625000000000000000e+00
5.273437500000000000e-01
-8.242187500000000000e-01
5.737304687500000000e-02
-3.105468750000000000e-01
1.218750000000000000e+00
9.716796875000000000e-02
5.004882812500000000e-02
-1.621093750000000000e-01
-5.429687500000000000e-01
2.343750000000000000e-01
1.748046875000000000e-01
9.960937500000000000e-01
-1.875000000000000000e-01
-9.130859375000000000e-02
-3.007812500000000000e-01
1.023437500000000000e+00
-1.611328125000000000e-01
-1.023437500000000000e+00
-1.531250000000000000e+00
-8.593750000000000000e-01
3.187500000000000000e+00
-5.031250000000000000e+00
-2.001953125000000000e-01
-1.679687500000000000e-01
-5.781250000000000000e-01
-3.015625000000000000e+00
-9.882812500000000000e-01
-5.937500000000000000e-01
-2.060546875000000000e-01
3.125000000000000000e-02
2.140625000000000000e+00
1.279296875000000000e-01
-6.289062500000000000e-01
-2.109375000000000000e-01
-1.039062500000000000e+00
1.976562500000000000e+00
-9.375000000000000000e-01
-4.746093750000000000e-01
-1.273437500000000000e+00
-6.562500000000000000e-01
1.767578125000000000e-01
-2.851562500000000000e-01
3.906250000000000000e-01
-9.023437500000000000e-01
5.664062500000000000e-01
5.039062500000000000e-01
-4.121093750000000000e-01
1.148437500000000000e+00
-1.318359375000000000e-01
-7.617187500000000000e-01
-8.632812500000000000e-01
2.375000000000000000e+00
7.382812500000000000e-01
-6.396484375000000000e-02
-6.640625000000000000e-01
-5.742187500000000000e-01
-3.765625000000000000e+00
-1.328125000000000000e-01
-1.796875000000000000e-01
-1.187500000000000000e+00
2.949218750000000000e-01
-6.679687500000000000e-01
5.781250000000000000e-01
6.367187500000000000e-01
-5.273437500000000000e-02
-2.753906250000000000e-01
3.984375000000000000e-01
-5.117187500000000000e-01
-4.375000000000000000e-01
-5.312500000000000000e-01
3.144531250000000000e-01
-3.593750000000000000e-01
-1.203125000000000000e+00
2.015625000000000000e+00
9.882812500000000000e-01
2.675781250000000000e-01
6.718750000000000000e-01
1.865234375000000000e-01
-8.740234375000000000e-02
1.789062500000000000e+00
-5.932617187500000000e-02
-2.578125000000000000e-01
-5.195312500000000000e-01
-1.257812500000000000e+00
5.429687500000000000e-01
-1.265625000000000000e+00
-1.347656250000000000e-01
-5.786132812500000000e-02
-1.164062500000000000e+00
-8.750000000000000000e-01
2.734375000000000000e-02
4.316406250000000000e-01
-7.031250000000000000e-01
2.093750000000000000e+00
-7.714843750000000000e-02
-2.125000000000000000e+00
-1.982421875000000000e-01
-1.210937500000000000e+00
9.492187500000000000e-01
-4.511718750000000000e-01
-1.562500000000000000e+00
1.357421875000000000e-01
1.750000000000000000e+00
6.298828125000000000e-02
1.533203125000000000e-01
-9.960937500000000000e-02
1.867187500000000000e+00
-1.031250000000000000e+00
-1.093750000000000000e+00
1.069335937500000000e-01
-5.585937500000000000e-01
1.867187500000000000e+00
3.046875000000000000e-01
-3.046875000000000000e-01
3.183593750000000000e-01
2.828125000000000000e+00
-3.808593750000000000e-02
-1.539062500000000000e+00
6.250000000000000000e-02
-8.300781250000000000e-02
-8.320312500000000000e-01
-5.585937500000000000e-01
-8.105468750000000000e-02
1.007812500000000000e+00
-1.269531250000000000e-01
7.187500000000000000e-01
5.859375000000000000e-02
1.318359375000000000e-01
3.496093750000000000e-01
1.906250000000000000e+00
5.742187500000000000e-01
-5.541992187500000000e-02
-8.085937500000000000e-01
-1.945312500000000000e+00
-2.099609375000000000e-01
-7.070312500000000000e-01
-6.367187500000000000e-01
2.792968750000000000e-01
-4.531250000000000000e-01
-1.523437500000000000e+00
1.789062500000000000e+00
1.562500000000000000e-01
-2.392578125000000000e-01
2.714843750000000000e-01
-4.316406250000000000e-01
-1.664062500000000000e+00
-1.406250000000000000e+00
1.599121093750000000e-02
1.141357421875000000e-02
-2.265625000000000000e+00
-4.238281250000000000e-01
-5.585937500000000000e-01
-6.132812500000000000e-01
-1.148437500000000000e+00
-3.546875000000000000e+00
-5.273437500000000000e-01
-8.125000000000000000e-01
9.033203125000000000e-02
-9.960937500000000000e-01
-1.140625000000000000e+00
-1.367187500000000000e+00
-2.404785156250000000e-02
-2.578125000000000000e+00
-1.406250000000000000e+00
4.467773437500000000e-02
-6.132812500000000000e-01
1.367187500000000000e-01
2.171875000000000000e+00
1.884765625000000000e-01
-5.035400390625000000e-03
-1.982421875000000000e-01
4.921875000000000000e-01
-1.171875000000000000e-01
-4.687500000000000000e-01
1.074218750000000000e-01
-8.554687500000000000e-01
1.132812500000000000e+00
1.687500000000000000e+00
-5.078125000000000000e-02
-1.976562500000000000e+00
3.063964843750000000e-02
-2.636718750000000000e-01
-9.960937500000000000e-01
-1.259765625000000000e-01
1.289062500000000000e-01
2.109375000000000000e-01
1.669921875000000000e-01
3.437500000000000000e-01
1.640625000000000000e-01
2.910156250000000000e-01
-9.023437500000000000e-01
6.298828125000000000e-02
2.753906250000000000e-01
-1.923828125000000000e-01
-2.859375000000000000e+00
3.828125000000000000e-01
-3.046875000000000000e+00
-9.062500000000000000e-01
-3.457031250000000000e-01
2.304687500000000000e-01
-2.640625000000000000e+00
-1.513671875000000000e-01
-4.785156250000000000e-01
-1.982421875000000000e-01
-1.650390625000000000e-01
2.597656250000000000e-01
-1.085937500000000000e+00
-1.601562500000000000e-01
-3.496093750000000000e-01
-9.648437500000000000e-01
-8.251953125000000000e-02
-7.148437500000000000e-01
7.070312500000000000e-01
-5.429687500000000000e-01
-1.435546875000000000e-01
-1.679687500000000000e+00
-1.748046875000000000e-01
-9.375000000000000000e-01
-3.671875000000000000e+00
-3.496093750000000000e-01
-6.054687500000000000e-01
-1.572265625000000000e-01
1.206054687500000000e-01
-3.859375000000000000e+00
-2.431640625000000000e-01
-7.539062500000000000e-01
-1.851562500000000000e+00
-2.515625000000000000e+00
9.062500000000000000e-01
-4.394531250000000000e-03
-1.914062500000000000e+00
-1.531250000000000000e+00
-2.314453125000000000e-01
-4.174804687500000000e-02
-1.148437500000000000e+00
-1.093750000000000000e-01
1.494140625000000000e-01
-4.394531250000000000e-01
-1.000000000000000000e+00
3.457031250000000000e-01
1.656250000000000000e+00
1.976562500000000000e+00
-8.867187500000000000e-01
-1.398437500000000000e+00
-1.507812500000000000e+00
-1.789062500000000000e+00
-3.828125000000000000e-01
-1.015625000000000000e+00
-1.320312500000000000e+00
-4.437500000000000000e+00
-3.652343750000000000e-01
-2.062500000000000000e+00
-4.589843750000000000e-01
2.675781250000000000e-01
6.054687500000000000e-01
-8.320312500000000000e-01
-3.930664062500000000e-02
-4.687500000000000000e-01
-6.132812500000000000e-01
-5.820312500000000000e-01
-3.437500000000000000e-01
-3.652343750000000000e-01
-7.148437500000000000e-01
3.652343750000000000e-01
6.289062500000000000e-01
-3.964843750000000000e-01
-1.195312500000000000e+00
-6.757812500000000000e-01
-1.156250000000000000e+00
-1.531250000000000000e+00
-9.179687500000000000e-01
-5.039062500000000000e-01
3.784179687500000000e-02
-2.558593750000000000e-01
-1.960937500000000000e+00
1.523437500000000000e-01
-3.015625000000000000e+00
2.636718750000000000e-01
-3.222656250000000000e-01
-8.945312500000000000e-01
-1.343750000000000000e+00
-1.689453125000000000e-01
4.565429687500000000e-02
2.148437500000000000e-01
-2.871093750000000000e-01
-2.949218750000000000e-01
9.521484375000000000e-02
-2.353515625000000000e-01
-5.976562500000000000e-01
7.929687500000000000e-01
1.367187500000000000e-01
-6.992187500000000000e-01
2.734375000000000000e-01
-2.080078125000000000e-01
4.453125000000000000e-01
-7.080078125000000000e-02
-1.147460937500000000e-02
2.021484375000000000e-01
-2.041015625000000000e-01
1.585937500000000000e+00
1.156250000000000000e+00
-1.000000000000000000e+00
3.417968750000000000e-01
-3.750000000000000000e-01
1.039062500000000000e+00
-5.664062500000000000e-01
-1.148437500000000000e+00
1.273437500000000000e+00
-2.216796875000000000e-01
-4.433593750000000000e-01
-1.585937500000000000e+00
4.628906250000000000e-01
2.111816406250000000e-02
8.740234375000000000e-02
-1.062500000000000000e+00
-8.632812500000000000e-01
-3.066406250000000000e-01
-3.198242187500000000e-02
-6.757812500000000000e-01
-3.574218750000000000e-01
-2.041015625000000000e-01
-1.304626464843750000e-03
1.523437500000000000e+00
-3.578125000000000000e+00
-7.226562500000000000e-01
-1.226562500000000000e+00
8.789062500000000000e-02
3.027343750000000000e-01
-9.375000000000000000e-01
-3.222656250000000000e-01
1.533203125000000000e-01
8.320312500000000000e-01
1.851562500000000000e+00
-1.195312500000000000e+00
-2.937500000000000000e+00
-3.964843750000000000e-01
-3.515625000000000000e+00
-1.742187500000000000e+00
1.429687500000000000e+00
-3.906250000000000000e-01
1.171875000000000000e-01
-8.125000000000000000e-01
-2.119140625000000000e-01
-6.718750000000000000e-01
1.611328125000000000e-01
-1.101562500000000000e+00
4.000000000000000000e+00
-1.226562500000000000e+00
-1.375000000000000000e+00
-2.519531250000000000e-01
-2.314453125000000000e-01
-2.294921875000000000e-01
-4.589843750000000000e-01
-1.337890625000000000e-01
-1.687500000000000000e+00
2.234375000000000000e+00
-2.890625000000000000e+00
3.300781250000000000e-01
-4.093750000000000000e+00
-5.039062500000000000e-01
-1.406250000000000000e+00
-4.218750000000000000e+00
-8.056640625000000000e-02
7.695312500000000000e-01
-1.117187500000000000e+00
-4.589843750000000000e-01
3.906250000000000000e-03
-1.945312500000000000e+00
3.437500000000000000e-01
-3.515625000000000000e-01
-1.117187500000000000e+00
3.652343750000000000e-01
-1.494140625000000000e-01
-2.294921875000000000e-01
-1.689453125000000000e-01
-2.539062500000000000e-02
7.910156250000000000e-02
-3.281250000000000000e-01
-3.613281250000000000e-01
-5.273437500000000000e-01
5.053710937500000000e-02
1.914062500000000000e+00
-2.281250000000000000e+00
