-9.843750000000000000e-01
6.835937500000000000e-02
-1.882812500000000000e+00
1.187500000000000000e+00
-2.080078125000000000e-01
2.015625000000000000e+00
1.406250000000000000e+00
8.789062500000000000e-01
-8.554687500000000000e-01
-1.156250000000000000e+00
1.320312500000000000e+00
1.046875000000000000e+00
1.820312500000000000e+00
3.535156250000000000e-01
1.156250000000000000e+00
6.875000000000000000e-01
-3.046875000000000000e-01
8.085937500000000000e-01
1.015625000000000000e-01
-1.570312500000000000e+00
-4.394531250000000000e-01
3.078125000000000000e+00
-5.500000000000000000e+00
-1.148437500000000000e+00
8.593750000000000000e-01
3.261718750000000000e-01
-3.390625000000000000e+00
-8.242187500000000000e-01
-4.921875000000000000e-01
-9.375000000000000000e-01
1.414062500000000000e+00
2.484375000000000000e+00
1.117187500000000000e+00
-7.070312500000000000e-01
4.042968750000000000e-01
-1.437500000000000000e+00
1.820312500000000000e+00
-8.906250000000000000e-01
2.060546875000000000e-01
-1.812500000000000000e+00
-3.593750000000000000e-01
1.875000000000000000e+00
7.656250000000000000e-01
-5.156250000000000000e-01
-1.164062500000000000e+00
1.601562500000000000e+00
1.320312500000000000e+00
-6.757812500000000000e-01
1.585937500000000000e+00
9.375000000000000000e-01
-1.000000000000000000e+00
-1.226562500000000000e+00
2.453125000000000000e+00
-1.015625000000000000e+00
8.750000000000000000e-01
2.656250000000000000e-01
-9.570312500000000000e-01
-3.234375000000000000e+00
1.074218750000000000e-02
6.601562500000000000e-01
-1.398437500000000000e+00
1.257812500000000000e+00
-9.179687500000000000e-01
2.203125000000000000e+00
1.687500000000000000e+00
-2.001953125000000000e-01
1.000000000000000000e+00
-2.792968750000000000e-01
-7.382812500000000000e-01
1.140625000000000000e+00
-1.468750000000000000e+00
2.046875000000000000e+00
-2.753906250000000000e-01
-1.710937500000000000e+00
2.640625000000000000e+00
1.375000000000000000e+00
2.078125000000000000e+00
1.648437500000000000e+00
1.773437500000000000e+00
-2.519531250000000000e-01
2.609375000000000000e+00
9.335937500000000000e-01
-1.625000000000000000e+00
-1.179687500000000000e+00
-2.640625000000000000e+00
1.820312500000000000e+00
-1.953125000000000000e-03
1.312500000000000000e+00
8.164062500000000000e-01
-1.656250000000000000e+00
-1.148437500000000000e+00
7.031250000000000000e-01
-1.726562500000000000e+00
-8.632812500000000000e-01
1.570312500000000000e+00
-4.316406250000000000e-01
6.250000000000000000e-01
9.375000000000000000e-01
-3.222656250000000000e-02
1.437500000000000000e+00
7.773437500000000000e-01
-1.562500000000000000e+00
-1.265625000000000000e+00
1.835937500000000000e+00
1.476562500000000000e+00
1.687500000000000000e+00
1.865234375000000000e-01
2.328125000000000000e+00
-1.171875000000000000e+00
-1.195312500000000000e+00
1.906250000000000000e+00
2.255859375000000000e-01
2.062500000000000000e+00
-1.210937500000000000e+00
-5.820312500000000000e-01
1.906250000000000000e+00
2.421875000000000000e+00
-1.148437500000000000e+00
-1.492187500000000000e+00
-1.455078125000000000e-01
-8.632812500000000000e-01
-1.070312500000000000e+00
-4.843750000000000000e-01
1.625000000000000000e+00
1.695312500000000000e+00
7.656250000000000000e-01
1.664062500000000000e+00
1.695312500000000000e+00
1.351562500000000000e+00
1.117187500000000000e+00
2.500000000000000000e+00
1.070312500000000000e+00
9.062500000000000000e-01
-1.273437500000000000e+00
-3.250000000000000000e+00
-9.531250000000000000e-01
-9.375000000000000000e-01
9.257812500000000000e-01
1.664062500000000000e+00
-1.210937500000000000e+00
-1.406250000000000000e+00
2.890625000000000000e+00
1.906250000000000000e+00
9.023437500000000000e-01
1.601562500000000000e+00
-2.578125000000000000e-01
1.279296875000000000e-01
-1.523437500000000000e+00
1.375000000000000000e+00
1.726562500000000000e+00
-8.320312500000000000e-01
-2.343750000000000000e-01
-1.101562500000000000e+00
5.117187500000000000e-01
-1.250000000000000000e+00
-3.015625000000000000e+00
-6.406250000000000000e-01
-9.257812500000000000e-01
5.039062500000000000e-01
-8.476562500000000000e-01
-1.273437500000000000e+00
-2.062500000000000000e+00
5.273437500000000000e-01
-3.546875000000000000e+00
-9.804687500000000000e-01
1.648437500000000000e+00
-1.015625000000000000e+00
-4.589843750000000000e-01
2.453125000000000000e+00
-7.070312500000000000e-01
1.101562500000000000e+00
-1.156250000000000000e+00
2.109375000000000000e+00
1.312500000000000000e+00
-3.281250000000000000e-01
1.523437500000000000e+00
-9.375000000000000000e-01
2.203125000000000000e+00
2.328125000000000000e+00
1.289062500000000000e+00
-8.164062500000000000e-01
1.437500000000000000e+00
-4.746093750000000000e-01
-1.335937500000000000e+00
6.054687500000000000e-01
1.812500000000000000e+00
1.210937500000000000e+00
7.500000000000000000e-01
-3.222656250000000000e-01
7.812500000000000000e-01
1.585937500000000000e+00
-1.062500000000000000e+00
1.039062500000000000e+00
1.937500000000000000e+00
9.648437500000000000e-01
-1.726562500000000000e+00
7.226562500000000000e-01
-2.203125000000000000e+00
-1.054687500000000000e+00
-9.882812500000000000e-01
6.601562500000000000e-01
-1.304687500000000000e+00
3.535156250000000000e-01
-1.118164062500000000e-01
1.835937500000000000e-01
1.031250000000000000e+00
-4.628906250000000000e-01
-1.320312500000000000e+00
1.070312500000000000e+00
7.031250000000000000e-01
-1.125000000000000000e+00
9.335937500000000000e-01
-8.085937500000000000e-01
1.914062500000000000e+00
-1.191406250000000000e-01
1.781250000000000000e+00
-4.375000000000000000e-01
1.500000000000000000e+00
1.312500000000000000e+00
-2.187500000000000000e+00
-9.804687500000000000e-01
9.228515625000000000e-02
6.757812500000000000e-01
-4.785156250000000000e-01
-3.828125000000000000e+00
-1.164062500000000000e+00
-1.445312500000000000e+00
-1.835937500000000000e+00
-2.000000000000000000e+00
2.187500000000000000e+00
-8.164062500000000000e-01
-9.130859375000000000e-02
-8.632812500000000000e-01
6.289062500000000000e-01
-6.093750000000000000e-01
-1.156250000000000000e+00
1.865234375000000000e-01
1.687500000000000000e+00
-1.460937500000000000e+00
-7.773437500000000000e-01
1.820312500000000000e+00
1.171875000000000000e+00
2.015625000000000000e+00
2.597656250000000000e-01
-1.031250000000000000e+00
-1.593750000000000000e+00
-1.320312500000000000e+00
-2.988281250000000000e-01
-1.429687500000000000e+00
-1.398437500000000000e+00
-3.578125000000000000e+00
-1.007812500000000000e+00
1.171875000000000000e-01
-8.281250000000000000e-01
1.460937500000000000e+00
1.625000000000000000e+00
-1.531250000000000000e+00
-1.140625000000000000e+00
4.956054687500000000e-02
-3.574218750000000000e-01
-7.070312500000000000e-01
-1.132812500000000000e+00
-8.867187500000000000e-01
-4.589843750000000000e-01
1.039062500000000000e+00
1.164062500000000000e+00
-8.554687500000000000e-01
-1.648437500000000000e+00
-8.632812500000000000e-01
-1.242187500000000000e+00
-1.882812500000000000e+00
-1.000000000000000000e+00
-8.085937500000000000e-01
9.062500000000000000e-01
-9.062500000000000000e-01
-2.578125000000000000e+00
1.312500000000000000e+00
-1.726562500000000000e+00
1.335937500000000000e+00
1.242187500000000000e+00
4.140625000000000000e-01
-1.398437500000000000e+00
-8.437500000000000000e-01
-5.117187500000000000e-01
-1.689453125000000000e-01
-5.898437500000000000e-01
3.593750000000000000e-01
1.156250000000000000e+00
-7.773437500000000000e-01
-1.023437500000000000e+00
1.414062500000000000e+00
1.437500000000000000e+00
-2.171875000000000000e+00
9.023437500000000000e-01
-4.238281250000000000e-01
1.625000000000000000e+00
9.414062500000000000e-01
9.619140625000000000e-02
8.007812500000000000e-01
1.239013671875000000e-02
1.773437500000000000e+00
1.382812500000000000e+00
1.117187500000000000e+00
1.710937500000000000e+00
5.585937500000000000e-01
2.640625000000000000e+00
-1.132812500000000000e+00
-5.312500000000000000e-01
1.570312500000000000e+00
-6.992187500000000000e-01
5.781250000000000000e-01
-1.039062500000000000e+00
1.218750000000000000e+00
1.210937500000000000e+00
1.039062500000000000e+00
-1.398437500000000000e+00
-8.906250000000000000e-01
8.476562500000000000e-01
9.375000000000000000e-01
-1.023437500000000000e+00
-7.539062500000000000e-01
8.554687500000000000e-01
1.789062500000000000e+00
1.804687500000000000e+00
-3.875000000000000000e+00
-9.726562500000000000e-01
-8.007812500000000000e-01
2.832031250000000000e-01
1.085937500000000000e+00
-1.351562500000000000e+00
6.093750000000000000e-01
1.234375000000000000e+00
1.960937500000000000e+00
2.390625000000000000e+00
-2.234375000000000000e+00
-3.937500000000000000e+00
-1.137695312500000000e-01
-2.640625000000000000e+00
-2.250000000000000000e+00
9.619140625000000000e-02
-1.257812500000000000e+00
1.820312500000000000e+00
-1.533203125000000000e-01
6.406250000000000000e-01
-1.179687500000000000e+00
1.898437500000000000e+00
3.417968750000000000e-01
4.125000000000000000e+00
-1.210937500000000000e+00
-2.453125000000000000e+00
-5.078125000000000000e-01
6.914062500000000000e-01
-2.460937500000000000e-01
8.398437500000000000e-01
-6.445312500000000000e-01
-2.203125000000000000e+00
2.703125000000000000e+00
-2.578125000000000000e+00
1.123046875000000000e-02
-4.906250000000000000e+00
-4.375000000000000000e-01
-1.882812500000000000e+00
-4.093750000000000000e+00
1.132812500000000000e+00
1.304687500000000000e+00
-9.531250000000000000e-01
7.968750000000000000e-01
-8.398437500000000000e-01
-2.500000000000000000e+00
1.531250000000000000e+00
8.632812500000000000e-01
-8.945312500000000000e-01
1.437500000000000000e+00
1.476562500000000000e+00
-2.773437500000000000e-01
1.296875000000000000e+00
-7.460937500000000000e-01
7.304687500000000000e-01
-8.593750000000000000e-02
-1.109375000000000000e+00
-1.070312500000000000e+00
1.125000000000000000e+00
1.093750000000000000e+00
-1.062500000000000000e+00
