1.250000000000000000e-01
4.296875000000000000e-01
-1.992187500000000000e+00
1.492187500000000000e+00
-4.238281250000000000e-01
8.320312500000000000e-01
1.289062500000000000e+00
1.070312500000000000e+00
-1.070312500000000000e+00
-1.585937500000000000e+00
1.460937500000000000e+00
1.468750000000000000e+00
2.171875000000000000e+00
5.000000000000000000e-01
1.320312500000000000e+00
6.210937500000000000e-01
-5.468750000000000000e-01
1.085937500000000000e+00
9.960937500000000000e-01
-9.687500000000000000e-01
-2.236328125000000000e-01
2.453125000000000000e+00
-5.343750000000000000e+00
-5.507812500000000000e-01
1.226562500000000000e+00
6.992187500000000000e-01
-3.625000000000000000e+00
-9.726562500000000000e-01
4.160156250000000000e-01
-1.500000000000000000e+00
1.773437500000000000e+00
1.062500000000000000e+00
1.625000000000000000e+00
-5.703125000000000000e-01
-5.898437500000000000e-01
-1.750000000000000000e+00
7.929687500000000000e-01
-2.929687500000000000e-01
2.636718750000000000e-01
-7.226562500000000000e-01
-3.691406250000000000e-01
2.265625000000000000e+00
1.468750000000000000e+00
-4.902343750000000000e-01
-1.726562500000000000e+00
1.289062500000000000e+00
1.234375000000000000e+00
2.519531250000000000e-01
1.085937500000000000e+00
1.179687500000000000e+00
-1.206054687500000000e-01
-1.726562500000000000e+00
1.460937500000000000e+00
-1.179687500000000000e+00
1.460937500000000000e+00
7.539062500000000000e-01
1.865234375000000000e-01
-2.031250000000000000e+00
6.289062500000000000e-01
1.007812500000000000e+00
-5.312500000000000000e-01
1.164062500000000000e+00
1.435546875000000000e-01
2.437500000000000000e+00
2.109375000000000000e+00
1.074218750000000000e-01
1.500000000000000000e+00
1.132812500000000000e-01
6.132812500000000000e-01
9.257812500000000000e-01
-1.773437500000000000e+00
1.695312500000000000e+00
4.589843750000000000e-01
-1.500000000000000000e+00
2.359375000000000000e+00
-2.714843750000000000e-01
2.484375000000000000e+00
1.375000000000000000e+00
2.109375000000000000e+00
2.392578125000000000e-01
2.656250000000000000e+00
9.531250000000000000e-01
-1.054687500000000000e+00
-8.320312500000000000e-01
-2.390625000000000000e+00
1.109375000000000000e+00
1.718750000000000000e-01
1.562500000000000000e+00
7.773437500000000000e-01
-2.328125000000000000e+00
-4.316406250000000000e-01
1.539062500000000000e+00
-1.664062500000000000e+00
2.558593750000000000e-01
7.539062500000000000e-01
-1.187500000000000000e+00
1.570312500000000000e+00
1.242187500000000000e+00
-1.375000000000000000e+00
1.117187500000000000e+00
1.062500000000000000e+00
-1.914062500000000000e+00
-1.445312500000000000e+00
1.875000000000000000e+00
1.710937500000000000e+00
2.140625000000000000e+00
-3.496093750000000000e-01
1.812500000000000000e+00
-1.132812500000000000e+00
-1.196289062500000000e-01
2.265625000000000000e+00
-9.570312500000000000e-01
1.195312500000000000e+00
-2.558593750000000000e-01
-7.695312500000000000e-01
2.375000000000000000e+00
1.328125000000000000e+00
-1.023437500000000000e+00
-1.531250000000000000e+00
-7.226562500000000000e-01
-1.257812500000000000e+00
-1.687500000000000000e+00
-3.125000000000000000e-01
1.492187500000000000e+00
1.320312500000000000e+00
6.679687500000000000e-01
2.062500000000000000e+00
2.093750000000000000e+00
1.687500000000000000e+00
1.039062500000000000e+00
1.593750000000000000e+00
9.179687500000000000e-01
9.882812500000000000e-01
-1.210937500000000000e+00
-1.656250000000000000e+00
-1.298828125000000000e-01
0.000000000000000000e+00
1.125000000000000000e+00
2.015625000000000000e+00
-1.500000000000000000e+00
-8.164062500000000000e-01
1.632812500000000000e+00
2.078125000000000000e+00
7.031250000000000000e-01
1.867187500000000000e+00
-8.750000000000000000e-01
8.945312500000000000e-01
-7.382812500000000000e-01
1.500000000000000000e+00
1.750000000000000000e+00
6.875000000000000000e-01
-3.046875000000000000e-01
-1.304687500000000000e+00
-1.748046875000000000e-01
-1.218750000000000000e+00
-1.898437500000000000e+00
-4.843750000000000000e-01
-3.925781250000000000e-01
3.925781250000000000e-01
-1.117187500000000000e+00
-3.535156250000000000e-01
-6.835937500000000000e-01
8.945312500000000000e-01
-2.734375000000000000e+00
7.763671875000000000e-02
2.000000000000000000e+00
-1.429687500000000000e+00
-1.669921875000000000e-01
2.093750000000000000e+00
-1.398437500000000000e+00
1.242187500000000000e+00
-9.570312500000000000e-01
2.453125000000000000e+00
1.632812500000000000e+00
3.247070312500000000e-02
2.015625000000000000e+00
3.125000000000000000e-02
2.187500000000000000e+00
9.648437500000000000e-01
1.460937500000000000e+00
-3.847656250000000000e-01
1.789062500000000000e+00
2.421875000000000000e-01
-1.337890625000000000e-01
9.492187500000000000e-01
2.171875000000000000e+00
1.460937500000000000e+00
8.085937500000000000e-01
-6.718750000000000000e-01
8.945312500000000000e-01
1.710937500000000000e+00
-6.093750000000000000e-01
1.437500000000000000e+00
2.375000000000000000e+00
1.210937500000000000e+00
-8.789062500000000000e-01
-2.478027343750000000e-02
-1.625000000000000000e+00
-1.375000000000000000e+00
-9.335937500000000000e-01
7.187500000000000000e-01
-1.171875000000000000e-01
-4.687500000000000000e-01
-7.148437500000000000e-01
3.964843750000000000e-01
1.429687500000000000e+00
2.412109375000000000e-01
-1.414062500000000000e+00
1.398437500000000000e+00
1.148437500000000000e+00
-1.281250000000000000e+00
1.367187500000000000e+00
-1.343750000000000000e+00
1.414062500000000000e+00
-8.085937500000000000e-01
2.296875000000000000e+00
8.164062500000000000e-01
1.570312500000000000e+00
1.562500000000000000e-01
-1.562500000000000000e+00
-1.062500000000000000e+00
3.964843750000000000e-01
8.281250000000000000e-01
1.186523437500000000e-01
-3.125000000000000000e+00
-1.664062500000000000e+00
-3.847656250000000000e-01
-1.867187500000000000e+00
-1.382812500000000000e+00
1.476562500000000000e+00
-9.218750000000000000e-01
1.117187500000000000e+00
-1.445312500000000000e-01
-1.582031250000000000e-01
-2.871093750000000000e-01
-1.531250000000000000e+00
2.265625000000000000e-01
1.414062500000000000e+00
-2.093750000000000000e+00
-1.625000000000000000e+00
2.203125000000000000e+00
1.007812500000000000e+00
6.445312500000000000e-01
3.637695312500000000e-02
-1.079101562500000000e-01
-8.867187500000000000e-01
-1.007812500000000000e+00
-6.054687500000000000e-01
-6.718750000000000000e-01
-1.593750000000000000e+00
-3.265625000000000000e+00
-1.539062500000000000e+00
5.195312500000000000e-01
-1.281250000000000000e+00
1.726562500000000000e+00
8.437500000000000000e-01
-1.710937500000000000e+00
-1.617187500000000000e+00
-7.304687500000000000e-01
-5.117187500000000000e-01
-8.554687500000000000e-01
2.109375000000000000e-01
-1.234375000000000000e+00
-2.451171875000000000e-01
1.195312500000000000e+00
2.792968750000000000e-01
-9.023437500000000000e-01
-6.054687500000000000e-01
3.144531250000000000e-01
-1.492187500000000000e+00
-1.093750000000000000e+00
-7.382812500000000000e-01
-1.078125000000000000e+00
1.242187500000000000e+00
-2.597656250000000000e-01
-1.656250000000000000e+00
1.750000000000000000e+00
-7.539062500000000000e-01
1.476562500000000000e+00
1.226562500000000000e+00
1.039062500000000000e+00
-1.437500000000000000e+00
1.031250000000000000e+00
-7.656250000000000000e-01
9.570312500000000000e-01
-3.984375000000000000e-01
6.132812500000000000e-01
1.226562500000000000e+00
-7.929687500000000000e-01
-1.195312500000000000e+00
1.468750000000000000e+00
1.429687500000000000e+00
-1.625000000000000000e+00
1.195312500000000000e+00
-1.007812500000000000e+00
2.078125000000000000e+00
1.148437500000000000e+00
6.757812500000000000e-01
1.492187500000000000e+00
4.941406250000000000e-01
1.382812500000000000e+00
8.437500000000000000e-01
1.601562500000000000e+00
2.203125000000000000e+00
8.437500000000000000e-01
2.234375000000000000e+00
-1.210937500000000000e+00
-2.578125000000000000e-01
9.687500000000000000e-01
2.949218750000000000e-01
8.632812500000000000e-01
-7.177734375000000000e-02
1.218750000000000000e+00
1.539062500000000000e+00
1.156250000000000000e+00
-1.367187500000000000e+00
-1.507812500000000000e+00
1.187500000000000000e+00
9.804687500000000000e-01
-1.500000000000000000e+00
-1.593750000000000000e+00
1.101562500000000000e+00
1.929687500000000000e+00
1.593750000000000000e+00
-3.312500000000000000e+00
-1.187500000000000000e+00
-2.421875000000000000e-01
8.398437500000000000e-01
1.125000000000000000e+00
-1.500000000000000000e+00
8.867187500000000000e-01
1.664062500000000000e+00
1.875000000000000000e+00
1.914062500000000000e+00
-2.250000000000000000e+00
-4.000000000000000000e+00
1.962890625000000000e-01
-1.476562500000000000e+00
-1.000000000000000000e+00
2.832031250000000000e-01
-1.750000000000000000e+00
1.789062500000000000e+00
1.265625000000000000e+00
1.062500000000000000e+00
-1.148437500000000000e+00
2.390625000000000000e+00
8.349609375000000000e-02
2.562500000000000000e+00
-1.351562500000000000e+00
-9.960937500000000000e-01
-1.031250000000000000e+00
9.257812500000000000e-01
1.055908203125000000e-02
1.195312500000000000e+00
-1.186523437500000000e-01
-8.750000000000000000e-01
1.109375000000000000e+00
-1.835937500000000000e+00
-1.923828125000000000e-01
-4.656250000000000000e+00
-4.472656250000000000e-01
-8.945312500000000000e-01
-3.546875000000000000e+00
1.398437500000000000e+00
1.429687500000000000e+00
6.396484375000000000e-02
5.156250000000000000e-01
-1.273437500000000000e+00
-2.453125000000000000e+00
1.867187500000000000e+00
9.218750000000000000e-01
-9.023437500000000000e-01
1.625000000000000000e+00
1.789062500000000000e+00
-2.158203125000000000e-01
1.257812500000000000e+00
-3.691406250000000000e-01
9.687500000000000000e-01
-2.294921875000000000e-01
-7.460937500000000000e-01
-1.312500000000000000e+00
1.437500000000000000e+00
1.242187500000000000e+00
-2.001953125000000000e-01
