4.160156250000000000e-01
4.628906250000000000e-01
-2.375000000000000000e+00
1.695312500000000000e+00
-6.132812500000000000e-01
5.820312500000000000e-01
1.382812500000000000e+00
1.156250000000000000e+00
-1.281250000000000000e+00
-1.835937500000000000e+00
1.562500000000000000e+00
1.664062500000000000e+00
2.234375000000000000e+00
5.820312500000000000e-01
1.500000000000000000e+00
7.031250000000000000e-01
-1.000000000000000000e+00
1.257812500000000000e+00
1.242187500000000000e+00
-6.210937500000000000e-01
-3.515625000000000000e-01
2.203125000000000000e+00
-5.343750000000000000e+00
-8.789062500000000000e-01
1.468750000000000000e+00
9.062500000000000000e-01
-3.796875000000000000e+00
-1.164062500000000000e+00
6.757812500000000000e-01
-1.781250000000000000e+00
2.078125000000000000e+00
6.523437500000000000e-01
1.914062500000000000e+00
-7.851562500000000000e-01
-6.132812500000000000e-01
-1.835937500000000000e+00
5.117187500000000000e-01
-1.923828125000000000e-01
4.003906250000000000e-01
-3.691406250000000000e-01
-5.000000000000000000e-01
2.640625000000000000e+00
1.835937500000000000e+00
-7.187500000000000000e-01
-2.125000000000000000e+00
1.250000000000000000e+00
1.335937500000000000e+00
4.433593750000000000e-01
8.554687500000000000e-01
1.367187500000000000e+00
1.818847656250000000e-02
-1.914062500000000000e+00
1.101562500000000000e+00
-1.476562500000000000e+00
1.742187500000000000e+00
9.335937500000000000e-01
3.593750000000000000e-01
-1.742187500000000000e+00
7.695312500000000000e-01
1.187500000000000000e+00
-4.042968750000000000e-01
1.242187500000000000e+00
3.339843750000000000e-01
2.609375000000000000e+00
2.265625000000000000e+00
1.113281250000000000e-01
1.789062500000000000e+00
-1.835937500000000000e-01
1.023437500000000000e+00
8.242187500000000000e-01
-2.078125000000000000e+00
1.601562500000000000e+00
6.757812500000000000e-01
-1.812500000000000000e+00
2.265625000000000000e+00
-5.039062500000000000e-01
2.812500000000000000e+00
1.414062500000000000e+00
2.421875000000000000e+00
3.593750000000000000e-01
2.578125000000000000e+00
1.085937500000000000e+00
-1.234375000000000000e+00
-1.085937500000000000e+00
-2.546875000000000000e+00
9.062500000000000000e-01
3.378906250000000000e-01
1.789062500000000000e+00
7.812500000000000000e-01
-2.796875000000000000e+00
-3.378906250000000000e-01
1.843750000000000000e+00
-1.960937500000000000e+00
4.218750000000000000e-01
3.144531250000000000e-01
-1.507812500000000000e+00
1.960937500000000000e+00
1.468750000000000000e+00
-1.625000000000000000e+00
1.039062500000000000e+00
1.273437500000000000e+00
-2.187500000000000000e+00
-1.773437500000000000e+00
1.812500000000000000e+00
1.968750000000000000e+00
2.421875000000000000e+00
-3.691406250000000000e-01
1.695312500000000000e+00
-1.304687500000000000e+00
7.421875000000000000e-02
2.593750000000000000e+00
-1.101562500000000000e+00
1.148437500000000000e+00
-2.265625000000000000e-01
-9.257812500000000000e-01
2.671875000000000000e+00
9.023437500000000000e-01
-1.257812500000000000e+00
-1.726562500000000000e+00
-8.007812500000000000e-01
-1.632812500000000000e+00
-1.992187500000000000e+00
-4.863281250000000000e-01
1.726562500000000000e+00
1.210937500000000000e+00
7.773437500000000000e-01
2.125000000000000000e+00
2.359375000000000000e+00
1.914062500000000000e+00
9.726562500000000000e-01
1.460937500000000000e+00
7.187500000000000000e-01
1.132812500000000000e+00
-1.398437500000000000e+00
-1.343750000000000000e+00
-2.558593750000000000e-01
1.230468750000000000e-01
1.382812500000000000e+00
2.265625000000000000e+00
-1.812500000000000000e+00
-5.156250000000000000e-01
1.460937500000000000e+00
2.328125000000000000e+00
7.695312500000000000e-01
2.062500000000000000e+00
-1.031250000000000000e+00
1.109375000000000000e+00
-7.500000000000000000e-01
1.679687500000000000e+00
1.968750000000000000e+00
1.070312500000000000e+00
-4.687500000000000000e-01
-1.625000000000000000e+00
-2.597656250000000000e-01
-1.468750000000000000e+00
-1.757812500000000000e+00
-5.273437500000000000e-01
-3.652343750000000000e-01
2.578125000000000000e-01
-1.375000000000000000e+00
4.565429687500000000e-02
-5.000000000000000000e-01
1.070312500000000000e+00
-2.453125000000000000e+00
5.156250000000000000e-01
2.328125000000000000e+00
-1.648437500000000000e+00
-8.349609375000000000e-02
1.914062500000000000e+00
-1.625000000000000000e+00
1.414062500000000000e+00
-8.750000000000000000e-01
2.750000000000000000e+00
1.960937500000000000e+00
8.349609375000000000e-02
2.375000000000000000e+00
1.953125000000000000e-01
2.062500000000000000e+00
5.703125000000000000e-01
1.687500000000000000e+00
-2.314453125000000000e-01
2.046875000000000000e+00
3.574218750000000000e-01
1.435546875000000000e-01
1.164062500000000000e+00
2.500000000000000000e+00
1.570312500000000000e+00
8.320312500000000000e-01
-8.125000000000000000e-01
8.789062500000000000e-01
1.867187500000000000e+00
-6.132812500000000000e-01
1.664062500000000000e+00
2.703125000000000000e+00
1.414062500000000000e+00
-5.820312500000000000e-01
-7.421875000000000000e-02
-1.507812500000000000e+00
-1.554687500000000000e+00
-1.148437500000000000e+00
6.601562500000000000e-01
2.138671875000000000e-01
-5.546875000000000000e-01
-1.031250000000000000e+00
5.546875000000000000e-01
1.742187500000000000e+00
3.339843750000000000e-01
-1.562500000000000000e+00
1.625000000000000000e+00
1.398437500000000000e+00
-1.539062500000000000e+00
1.593750000000000000e+00
-1.648437500000000000e+00
1.375000000000000000e+00
-1.039062500000000000e+00
2.671875000000000000e+00
1.046875000000000000e+00
1.789062500000000000e+00
-5.078125000000000000e-02
-1.312500000000000000e+00
-1.335937500000000000e+00
5.468750000000000000e-01
9.648437500000000000e-01
1.796875000000000000e-01
-3.062500000000000000e+00
-1.976562500000000000e+00
-8.837890625000000000e-02
-2.156250000000000000e+00
-1.273437500000000000e+00
1.375000000000000000e+00
-1.351562500000000000e+00
1.445312500000000000e+00
9.375000000000000000e-02
-1.728515625000000000e-01
-3.691406250000000000e-01
-1.851562500000000000e+00
2.050781250000000000e-02
1.500000000000000000e+00
-2.453125000000000000e+00
-1.937500000000000000e+00
2.484375000000000000e+00
9.179687500000000000e-01
2.343750000000000000e-01
-7.812500000000000000e-02
2.236328125000000000e-01
-6.875000000000000000e-01
-7.812500000000000000e-01
-8.125000000000000000e-01
-3.593750000000000000e-01
-1.882812500000000000e+00
-3.171875000000000000e+00
-1.898437500000000000e+00
7.695312500000000000e-01
-1.632812500000000000e+00
1.937500000000000000e+00
6.406250000000000000e-01
-2.078125000000000000e+00
-1.945312500000000000e+00
-7.851562500000000000e-01
-8.750000000000000000e-01
-1.117187500000000000e+00
4.062500000000000000e-01
-1.523437500000000000e+00
-3.964843750000000000e-01
1.273437500000000000e+00
2.343750000000000000e-01
-1.242187500000000000e+00
-4.765625000000000000e-01
5.781250000000000000e-01
-1.742187500000000000e+00
-1.210937500000000000e+00
-6.835937500000000000e-01
-1.398437500000000000e+00
1.468750000000000000e+00
-2.675781250000000000e-01
-1.507812500000000000e+00
2.000000000000000000e+00
-4.472656250000000000e-01
1.617187500000000000e+00
1.375000000000000000e+00
1.226562500000000000e+00
-1.679687500000000000e+00
1.468750000000000000e+00
-1.039062500000000000e+00
1.242187500000000000e+00
-4.238281250000000000e-01
7.851562500000000000e-01
1.312500000000000000e+00
-8.750000000000000000e-01
-1.531250000000000000e+00
1.523437500000000000e+00
1.554687500000000000e+00
-1.328125000000000000e+00
1.304687500000000000e+00
-1.320312500000000000e+00
2.359375000000000000e+00
1.320312500000000000e+00
6.875000000000000000e-01
1.750000000000000000e+00
5.585937500000000000e-01
1.281250000000000000e+00
7.695312500000000000e-01
1.968750000000000000e+00
2.515625000000000000e+00
1.007812500000000000e+00
2.296875000000000000e+00
-1.414062500000000000e+00
-1.357421875000000000e-01
9.570312500000000000e-01
1.962890625000000000e-01
1.062500000000000000e+00
2.236328125000000000e-01
1.179687500000000000e+00
1.812500000000000000e+00
1.179687500000000000e+00
-1.625000000000000000e+00
-1.851562500000000000e+00
1.445312500000000000e+00
1.078125000000000000e+00
-1.585937500000000000e+00
-2.046875000000000000e+00
1.273437500000000000e+00
2.203125000000000000e+00
1.492187500000000000e+00
-3.171875000000000000e+00
-1.445312500000000000e+00
-1.250000000000000000e-01
8.632812500000000000e-01
1.148437500000000000e+00
-1.835937500000000000e+00
1.039062500000000000e+00
1.929687500000000000e+00
1.835937500000000000e+00
1.781250000000000000e+00
-2.562500000000000000e+00
-4.093750000000000000e+00
3.125000000000000000e-01
-1.164062500000000000e+00
-8.437500000000000000e-01
2.001953125000000000e-01
-2.062500000000000000e+00
1.945312500000000000e+00
1.632812500000000000e+00
1.296875000000000000e+00
-1.382812500000000000e+00
2.750000000000000000e+00
1.544189453125000000e-02
2.265625000000000000e+00
-1.507812500000000000e+00
-7.656250000000000000e-01
-1.375000000000000000e+00
1.078125000000000000e+00
-2.187500000000000000e-01
1.414062500000000000e+00
-4.355468750000000000e-01
-7.539062500000000000e-01
8.476562500000000000e-01
-1.773437500000000000e+00
-3.437500000000000000e-01
-4.562500000000000000e+00
-5.234375000000000000e-01
-5.273437500000000000e-01
-3.421875000000000000e+00
1.585937500000000000e+00
1.375000000000000000e+00
3.144531250000000000e-01
6.406250000000000000e-01
-1.445312500000000000e+00
-2.515625000000000000e+00
2.046875000000000000e+00
1.093750000000000000e+00
-1.132812500000000000e+00
1.710937500000000000e+00
2.125000000000000000e+00
-3.339843750000000000e-01
1.445312500000000000e+00
-3.906250000000000000e-01
1.070312500000000000e+00
-4.394531250000000000e-01
-9.335937500000000000e-01
-1.632812500000000000e+00
1.625000000000000000e+00
8.750000000000000000e-01
8.349609375000000000e-02
