7.850000000000000000e+01
-5.343750000000000000e+00
-1.250000000000000000e+01
2.150000000000000000e+01
-7.500000000000000000e+00
-1.143750000000000000e+01
8.437500000000000000e+00
1.575000000000000000e+01
-7.250000000000000000e+00
-4.031250000000000000e+00
1.175000000000000000e+01
4.468750000000000000e+00
2.812500000000000000e+00
2.687500000000000000e+00
1.912500000000000000e+01
1.150000000000000000e+01
-1.600000000000000000e+01
1.431250000000000000e+01
6.950000000000000000e+01
8.320312500000000000e-01
-9.750000000000000000e+00
-2.875000000000000000e+00
4.600000000000000000e+01
-3.375000000000000000e+00
1.700000000000000000e+01
1.518750000000000000e+01
4.100000000000000000e+01
-6.531250000000000000e+00
2.640625000000000000e+00
-1.268750000000000000e+01
3.875000000000000000e+01
-2.087500000000000000e+01
2.300000000000000000e+01
-1.468750000000000000e+01
-3.171875000000000000e+00
-4.906250000000000000e+00
-5.406250000000000000e+00
-4.589843750000000000e-01
1.737500000000000000e+01
-8.375000000000000000e+00
-9.812500000000000000e+00
3.475000000000000000e+01
2.953125000000000000e+00
-9.062500000000000000e+00
-7.593750000000000000e+00
2.515625000000000000e+00
3.984375000000000000e+00
-9.312500000000000000e+00
-6.656250000000000000e+00
3.850000000000000000e+01
8.740234375000000000e-02
-2.750000000000000000e+00
-9.937500000000000000e+00
-7.843750000000000000e+00
2.500000000000000000e+01
5.275000000000000000e+01
-1.450000000000000000e+01
7.400000000000000000e+01
1.093750000000000000e+00
1.250000000000000000e+01
-4.625000000000000000e+00
9.179687500000000000e-01
3.109375000000000000e+00
2.112500000000000000e+01
5.281250000000000000e+00
-9.500000000000000000e+00
3.500000000000000000e+01
-8.437500000000000000e+00
-2.828125000000000000e+00
-2.037500000000000000e+01
-1.445312500000000000e+00
-7.593750000000000000e+00
5.351562500000000000e-01
-1.950000000000000000e+01
-1.131250000000000000e+01
-2.150000000000000000e+01
2.037500000000000000e+01
2.203125000000000000e+00
1.750000000000000000e+01
3.421875000000000000e+00
3.500000000000000000e+00
1.600000000000000000e+01
-7.156250000000000000e+00
-2.140625000000000000e+00
-1.531250000000000000e+01
-9.000000000000000000e+00
5.475000000000000000e+01
3.100000000000000000e+01
1.281250000000000000e+01
-4.718750000000000000e+00
-1.054687500000000000e+00
-5.843750000000000000e+00
-1.637500000000000000e+01
2.109375000000000000e+00
-1.568750000000000000e+01
-1.131250000000000000e+01
8.150000000000000000e+01
1.825000000000000000e+01
-7.000000000000000000e+00
-2.171875000000000000e+00
4.875000000000000000e+01
-4.968750000000000000e+00
-8.562500000000000000e+00
2.015625000000000000e+00
4.325000000000000000e+01
2.212500000000000000e+01
-4.000000000000000000e+00
-9.130859375000000000e-02
-3.062500000000000000e+00
-2.832031250000000000e-01
3.675000000000000000e+01
-1.275000000000000000e+01
-4.843750000000000000e+00
-3.234375000000000000e+00
-4.656250000000000000e+00
1.662500000000000000e+01
-3.725000000000000000e+01
-6.843750000000000000e+00
-5.156250000000000000e+00
-3.437500000000000000e+00
-1.156250000000000000e+01
-2.703125000000000000e+00
-1.218750000000000000e+01
1.106250000000000000e+01
-3.796875000000000000e+00
2.137500000000000000e+01
1.056250000000000000e+01
4.875000000000000000e+01
2.200000000000000000e+01
-3.875000000000000000e+00
-4.718750000000000000e+00
-2.062500000000000000e+01
8.187500000000000000e+00
-1.006250000000000000e+01
6.750000000000000000e+01
-4.093750000000000000e+00
-1.843750000000000000e+00
3.425000000000000000e+01
1.031250000000000000e+01
-1.175000000000000000e+01
2.953125000000000000e+00
-1.012500000000000000e+01
2.137500000000000000e+01
8.937500000000000000e+00
1.750000000000000000e+01
-9.125000000000000000e+00
5.400000000000000000e+01
-1.381250000000000000e+01
2.487500000000000000e+01
1.912500000000000000e+01
7.600000000000000000e+01
-1.118750000000000000e+01
-6.656250000000000000e+00
6.781250000000000000e+00
-6.281250000000000000e+00
5.000000000000000000e+01
-1.100000000000000000e+01
-2.562500000000000000e+00
-6.375000000000000000e+00
-1.050000000000000000e+01
9.179687500000000000e-01
2.237500000000000000e+01
1.281250000000000000e+01
4.475000000000000000e+01
6.757812500000000000e-01
3.925000000000000000e+01
-4.093750000000000000e+00
2.390625000000000000e+00
6.757812500000000000e-01
-1.068750000000000000e+01
2.609375000000000000e+00
2.000000000000000000e+00
2.337500000000000000e+01
2.812500000000000000e+01
-5.750000000000000000e+00
2.300000000000000000e+01
3.328125000000000000e+00
8.062500000000000000e+00
-7.343750000000000000e+00
1.925000000000000000e+01
4.175000000000000000e+01
2.600000000000000000e+01
-1.350000000000000000e+01
-1.468750000000000000e+00
-1.662500000000000000e+01
4.700000000000000000e+01
6.218750000000000000e+00
1.375000000000000000e+00
-7.750000000000000000e+00
3.859375000000000000e+00
1.700000000000000000e+01
-5.593750000000000000e+00
3.087500000000000000e+01
2.187500000000000000e+01
9.625000000000000000e+00
5.925000000000000000e+01
-7.656250000000000000e-01
6.950000000000000000e+01
-4.093750000000000000e+00
-2.171875000000000000e+00
1.585937500000000000e+00
5.325000000000000000e+01
-3.421875000000000000e+00
-1.418750000000000000e+01
1.101562500000000000e+00
4.125000000000000000e+01
-2.087500000000000000e+01
-8.187500000000000000e+00
2.037500000000000000e+01
2.800000000000000000e+01
-8.062500000000000000e+00
2.987500000000000000e+01
-6.875000000000000000e+00
1.851562500000000000e+00
-8.437500000000000000e+00
4.250000000000000000e+01
4.675000000000000000e+01
1.225000000000000000e+01
-3.525000000000000000e+01
7.000000000000000000e+01
-1.023437500000000000e+00
2.392578125000000000e-01
5.031250000000000000e+00
-1.062500000000000000e+00
5.100000000000000000e+01
-9.000000000000000000e+00
6.718750000000000000e-01
-5.406250000000000000e+00
3.425000000000000000e+01
-4.656250000000000000e+00
-5.843750000000000000e+00
6.650000000000000000e+01
6.550000000000000000e+01
-2.453125000000000000e+00
-1.101562500000000000e+00
-4.625000000000000000e+00
-1.612500000000000000e+01
7.093750000000000000e+00
-1.050000000000000000e+01
-3.234375000000000000e+00
1.106250000000000000e+01
-5.976562500000000000e-01
-3.825000000000000000e+01
-6.906250000000000000e+00
-1.843750000000000000e+00
5.625000000000000000e-01
2.078125000000000000e+00
-3.640625000000000000e+00
8.632812500000000000e-01
-5.406250000000000000e+00
6.650000000000000000e+01
-9.750000000000000000e+00
6.600000000000000000e+01
-4.937500000000000000e+00
1.243750000000000000e+01
-4.875000000000000000e+00
-1.200000000000000000e+01
-1.568750000000000000e+01
-1.056250000000000000e+01
-1.687500000000000000e+01
-2.075000000000000000e+01
-9.000000000000000000e+00
-4.406250000000000000e+00
-8.312500000000000000e+00
-1.006250000000000000e+01
-1.507812500000000000e+00
-1.443750000000000000e+01
1.437500000000000000e+00
2.515625000000000000e+00
-3.390625000000000000e+00
-2.250000000000000000e+00
-3.125000000000000000e-01
-1.025000000000000000e+01
1.381250000000000000e+01
-1.617187500000000000e+00
3.900000000000000000e+01
2.887500000000000000e+01
6.650000000000000000e+01
1.231250000000000000e+01
3.137500000000000000e+01
1.900000000000000000e+01
-2.859375000000000000e+00
-8.937500000000000000e+00
-2.109375000000000000e+00
-4.781250000000000000e+00
2.031250000000000000e-01
1.937500000000000000e+01
9.937500000000000000e+00
-6.484375000000000000e-01
-1.068750000000000000e+01
1.617187500000000000e+00
1.031250000000000000e+01
-4.718750000000000000e+00
-6.500000000000000000e+00
-7.593750000000000000e+00
1.250000000000000000e+01
2.387500000000000000e+01
-1.131250000000000000e+01
2.162500000000000000e+01
-1.242187500000000000e+00
1.914062500000000000e-01
-8.562500000000000000e+00
5.600000000000000000e+01
2.600000000000000000e+01
2.087500000000000000e+01
4.968750000000000000e+00
-2.099609375000000000e-01
5.775000000000000000e+01
-1.039062500000000000e+00
-1.718750000000000000e+00
1.912500000000000000e+01
-5.906250000000000000e+00
-9.562500000000000000e+00
2.250000000000000000e+01
7.250000000000000000e+00
-1.468750000000000000e+01
-6.718750000000000000e+00
3.425000000000000000e+01
1.937500000000000000e+01
-3.640625000000000000e+00
-1.231250000000000000e+01
2.337500000000000000e+01
1.593750000000000000e+01
1.062500000000000000e+00
3.150000000000000000e+01
-1.268750000000000000e+01
-5.625000000000000000e-01
-9.187500000000000000e+00
1.351562500000000000e+00
-1.468750000000000000e+01
4.031250000000000000e+00
5.343750000000000000e+00
9.062500000000000000e+00
2.949218750000000000e-01
-9.812500000000000000e+00
5.200000000000000000e+01
-2.218750000000000000e+00
6.800000000000000000e+01
1.737500000000000000e+01
-1.093750000000000000e+01
-1.648437500000000000e+00
1.762500000000000000e+01
1.393750000000000000e+01
2.187500000000000000e+01
-2.765625000000000000e+00
3.100000000000000000e+01
-1.425000000000000000e+01
-1.812500000000000000e+01
-5.406250000000000000e+00
1.231250000000000000e+01
-9.687500000000000000e+00
2.637500000000000000e+01
-1.200000000000000000e+01
4.075000000000000000e+01
-8.000000000000000000e+00
2.500000000000000000e+01
-1.787500000000000000e+01
3.137500000000000000e+01
-1.350000000000000000e+01
4.275000000000000000e+01
-3.437500000000000000e+00
4.218750000000000000e-01
4.325000000000000000e+01
3.062500000000000000e+01
2.750000000000000000e+00
-3.671875000000000000e+00
2.087500000000000000e+01
-1.875000000000000000e+00
-1.612500000000000000e+01
1.987500000000000000e+01
2.887500000000000000e+01
-8.687500000000000000e+00
1.056250000000000000e+01
5.475000000000000000e+01
-9.062500000000000000e+00
1.431250000000000000e+01
-1.275000000000000000e+01
4.500000000000000000e+00
-4.843750000000000000e+00
-6.601562500000000000e-01
-1.650000000000000000e+01
2.300000000000000000e+01
-1.131250000000000000e+01
5.325000000000000000e+01
