1.581250000000000000e+01
-2.421875000000000000e-01
-5.218750000000000000e+00
5.843750000000000000e+00
-2.234375000000000000e+00
-3.671875000000000000e+00
2.640625000000000000e+00
3.953125000000000000e+00
-2.484375000000000000e+00
-2.125000000000000000e+00
3.750000000000000000e+00
2.609375000000000000e+00
2.796875000000000000e+00
9.257812500000000000e-01
5.000000000000000000e+00
3.046875000000000000e+00
-5.281250000000000000e+00
4.218750000000000000e+00
1.500000000000000000e+01
4.277343750000000000e-01
-2.765625000000000000e+00
5.078125000000000000e-01
3.046875000000000000e+00
-1.164062500000000000e+00
4.906250000000000000e+00
3.546875000000000000e+00
3.421875000000000000e+00
-1.664062500000000000e+00
1.960937500000000000e+00
-4.312500000000000000e+00
9.562500000000000000e+00
-6.500000000000000000e+00
6.500000000000000000e+00
-4.781250000000000000e+00
-2.640625000000000000e+00
-1.398437500000000000e+00
-2.500000000000000000e+00
1.040039062500000000e-01
3.703125000000000000e+00
-1.445312500000000000e+00
-1.875000000000000000e+00
9.312500000000000000e+00
3.109375000000000000e+00
-2.531250000000000000e+00
-3.250000000000000000e+00
1.164062500000000000e+00
2.078125000000000000e+00
-3.339843750000000000e-01
-1.789062500000000000e+00
8.437500000000000000e+00
9.570312500000000000e-01
-1.937500000000000000e+00
-2.515625000000000000e+00
-2.953125000000000000e+00
7.093750000000000000e+00
1.100000000000000000e+01
-1.382812500000000000e+00
1.250000000000000000e+01
1.929687500000000000e+00
3.500000000000000000e+00
-4.589843750000000000e-01
1.281250000000000000e+00
1.875000000000000000e+00
7.031250000000000000e+00
3.375000000000000000e+00
-1.101562500000000000e+00
8.562500000000000000e+00
-1.593750000000000000e+00
1.664062500000000000e+00
-3.640625000000000000e+00
-1.718750000000000000e+00
-3.496093750000000000e-01
1.273437500000000000e+00
-6.218750000000000000e+00
-1.304687500000000000e+00
-8.562500000000000000e+00
6.593750000000000000e+00
1.343750000000000000e+00
5.906250000000000000e+00
2.312500000000000000e+00
2.765625000000000000e+00
4.093750000000000000e+00
-1.750000000000000000e+00
-3.750000000000000000e-01
-5.531250000000000000e+00
-2.625000000000000000e+00
1.031250000000000000e+01
7.593750000000000000e+00
3.078125000000000000e+00
-3.000000000000000000e+00
6.835937500000000000e-01
2.046875000000000000e+00
-5.312500000000000000e+00
1.742187500000000000e+00
-4.718750000000000000e+00
-4.625000000000000000e+00
1.787500000000000000e+01
4.718750000000000000e+00
-3.890625000000000000e+00
3.730468750000000000e-01
1.043750000000000000e+01
-2.109375000000000000e+00
-3.765625000000000000e+00
1.835937500000000000e+00
9.937500000000000000e+00
6.906250000000000000e+00
-1.726562500000000000e+00
8.750000000000000000e-01
-1.320312500000000000e+00
7.343750000000000000e-01
9.625000000000000000e+00
-4.781250000000000000e+00
-6.250000000000000000e-01
2.216796875000000000e-01
-1.679687500000000000e+00
6.250000000000000000e+00
-8.812500000000000000e+00
-2.734375000000000000e+00
-1.648437500000000000e+00
-1.820312500000000000e+00
-5.406250000000000000e+00
-2.046875000000000000e+00
-3.453125000000000000e+00
3.234375000000000000e+00
1.796875000000000000e-01
4.281250000000000000e+00
4.250000000000000000e+00
1.150000000000000000e+01
6.093750000000000000e+00
4.941406250000000000e-01
-9.062500000000000000e-01
-4.281250000000000000e+00
2.828125000000000000e+00
-4.093750000000000000e+00
1.281250000000000000e+01
-4.062500000000000000e-01
5.351562500000000000e-01
7.531250000000000000e+00
4.468750000000000000e+00
-4.875000000000000000e+00
1.070312500000000000e+00
-2.234375000000000000e+00
6.000000000000000000e+00
2.359375000000000000e+00
5.593750000000000000e+00
-3.421875000000000000e+00
1.168750000000000000e+01
-3.421875000000000000e+00
6.468750000000000000e+00
5.406250000000000000e+00
1.650000000000000000e+01
-2.921875000000000000e+00
-3.000000000000000000e+00
2.500000000000000000e-01
-1.476562500000000000e+00
8.500000000000000000e+00
-2.953125000000000000e+00
-4.609375000000000000e-01
-1.726562500000000000e+00
-4.750000000000000000e+00
9.726562500000000000e-01
4.781250000000000000e+00
3.750000000000000000e+00
6.031250000000000000e+00
1.312500000000000000e+00
9.812500000000000000e+00
-2.234375000000000000e+00
1.773437500000000000e+00
1.242187500000000000e+00
-4.531250000000000000e+00
1.562500000000000000e+00
8.945312500000000000e-01
7.375000000000000000e+00
7.406250000000000000e+00
-8.837890625000000000e-02
6.906250000000000000e+00
2.171875000000000000e+00
3.500000000000000000e+00
-3.046875000000000000e+00
5.156250000000000000e+00
8.000000000000000000e+00
6.875000000000000000e+00
-1.375000000000000000e+00
5.664062500000000000e-01
-1.554687500000000000e+00
1.131250000000000000e+01
2.484375000000000000e+00
1.367187500000000000e+00
-1.875000000000000000e+00
1.742187500000000000e+00
4.531250000000000000e+00
-1.460937500000000000e+00
7.406250000000000000e+00
6.843750000000000000e+00
3.046875000000000000e+00
1.056250000000000000e+01
-9.062500000000000000e-01
1.150000000000000000e+01
-1.601562500000000000e+00
-6.054687500000000000e-01
1.062500000000000000e+00
1.081250000000000000e+01
-1.398437500000000000e+00
-5.281250000000000000e+00
1.304687500000000000e+00
9.562500000000000000e+00
-4.218750000000000000e+00
-2.078125000000000000e+00
5.718750000000000000e+00
6.843750000000000000e+00
-4.031250000000000000e+00
7.718750000000000000e+00
-2.875000000000000000e+00
8.789062500000000000e-01
-4.125000000000000000e+00
1.093750000000000000e+01
1.068750000000000000e+01
3.875000000000000000e+00
-8.062500000000000000e+00
1.156250000000000000e+01
-6.992187500000000000e-01
1.687500000000000000e+00
2.015625000000000000e+00
4.824218750000000000e-01
6.875000000000000000e+00
-3.750000000000000000e+00
1.148437500000000000e+00
-1.507812500000000000e+00
5.218750000000000000e+00
-9.375000000000000000e-01
-2.234375000000000000e+00
1.481250000000000000e+01
1.275000000000000000e+01
-1.851562500000000000e+00
4.174804687500000000e-02
-1.992187500000000000e+00
-3.921875000000000000e+00
2.203125000000000000e+00
-4.781250000000000000e+00
-2.609375000000000000e+00
4.968750000000000000e+00
7.929687500000000000e-01
-1.106250000000000000e+01
-2.015625000000000000e+00
7.695312500000000000e-01
6.210937500000000000e-01
1.125000000000000000e+00
-1.351562500000000000e+00
6.445312500000000000e-01
-1.960937500000000000e+00
8.562500000000000000e+00
-4.281250000000000000e+00
1.343750000000000000e+01
-2.390625000000000000e+00
4.343750000000000000e+00
-1.875000000000000000e+00
-5.000000000000000000e+00
-5.375000000000000000e+00
-3.703125000000000000e+00
-5.500000000000000000e+00
-6.593750000000000000e+00
3.359375000000000000e-01
-2.484375000000000000e+00
-1.906250000000000000e+00
9.375000000000000000e-02
-9.062500000000000000e-01
-5.281250000000000000e+00
1.125000000000000000e+00
2.109375000000000000e+00
-1.132812500000000000e+00
8.945312500000000000e-01
3.300781250000000000e-01
-4.625000000000000000e+00
4.312500000000000000e+00
-6.591796875000000000e-02
6.281250000000000000e+00
8.062500000000000000e+00
1.250000000000000000e+01
4.000000000000000000e+00
7.093750000000000000e+00
4.906250000000000000e+00
-1.031250000000000000e+00
1.585937500000000000e+00
-1.039062500000000000e+00
1.117187500000000000e+00
2.792968750000000000e-01
4.500000000000000000e+00
2.953125000000000000e+00
-2.792968750000000000e-01
-5.000000000000000000e+00
1.601562500000000000e+00
3.296875000000000000e+00
-1.375000000000000000e+00
6.757812500000000000e-01
-3.000000000000000000e+00
4.781250000000000000e+00
5.656250000000000000e+00
-1.070312500000000000e+00
6.031250000000000000e+00
1.585937500000000000e+00
6.562500000000000000e-01
-1.460937500000000000e+00
1.275000000000000000e+01
7.406250000000000000e+00
4.968750000000000000e+00
2.437500000000000000e+00
-2.675781250000000000e-01
1.043750000000000000e+01
-5.786132812500000000e-02
1.429687500000000000e+00
4.781250000000000000e+00
-4.355468750000000000e-01
-1.455078125000000000e-01
5.875000000000000000e+00
2.437500000000000000e+00
-5.593750000000000000e+00
-3.109375000000000000e+00
8.062500000000000000e+00
4.656250000000000000e+00
-1.710937500000000000e+00
-5.593750000000000000e+00
5.406250000000000000e+00
4.843750000000000000e+00
1.179687500000000000e+00
3.250000000000000000e+00
-5.406250000000000000e+00
-2.451171875000000000e-01
-3.637695312500000000e-02
1.085937500000000000e+00
-6.250000000000000000e+00
1.687500000000000000e+00
2.890625000000000000e+00
3.015625000000000000e+00
1.132812500000000000e+00
-4.625000000000000000e+00
4.968750000000000000e+00
4.160156250000000000e-01
1.218750000000000000e+01
4.218750000000000000e+00
-1.781250000000000000e+00
-1.687500000000000000e+00
4.875000000000000000e+00
5.125000000000000000e+00
5.500000000000000000e+00
-9.375000000000000000e-01
8.812500000000000000e+00
-3.546875000000000000e+00
-3.828125000000000000e+00
-1.960937500000000000e+00
2.828125000000000000e+00
-3.250000000000000000e+00
5.906250000000000000e+00
-3.375000000000000000e+00
9.000000000000000000e+00
-1.937500000000000000e+00
5.468750000000000000e+00
-5.000000000000000000e+00
4.468750000000000000e+00
-3.171875000000000000e+00
2.875000000000000000e+00
-9.218750000000000000e-01
9.023437500000000000e-01
5.125000000000000000e+00
7.406250000000000000e+00
1.812500000000000000e+00
2.265625000000000000e-01
3.812500000000000000e+00
-1.320312500000000000e+00
-6.031250000000000000e+00
6.031250000000000000e+00
6.750000000000000000e+00
-2.578125000000000000e+00
3.625000000000000000e+00
1.231250000000000000e+01
-2.703125000000000000e+00
4.031250000000000000e+00
-1.742187500000000000e+00
2.140625000000000000e+00
-1.492187500000000000e+00
-3.105468750000000000e-01
-6.500000000000000000e+00
6.156250000000000000e+00
-2.937500000000000000e+00
1.031250000000000000e+01
