4.125000000000000000e+01
-1.632812500000000000e+00
-8.500000000000000000e+00
1.231250000000000000e+01
-3.453125000000000000e+00
-6.343750000000000000e+00
5.406250000000000000e+00
9.062500000000000000e+00
-3.703125000000000000e+00
-2.640625000000000000e+00
7.343750000000000000e+00
3.421875000000000000e+00
3.296875000000000000e+00
1.656250000000000000e+00
1.100000000000000000e+01
6.656250000000000000e+00
-9.750000000000000000e+00
8.750000000000000000e+00
3.625000000000000000e+01
-2.343750000000000000e-02
-4.593750000000000000e+00
-9.492187500000000000e-01
2.062500000000000000e+01
-1.773437500000000000e+00
1.006250000000000000e+01
8.375000000000000000e+00
1.812500000000000000e+01
-2.703125000000000000e+00
2.609375000000000000e+00
-7.656250000000000000e+00
2.137500000000000000e+01
-1.231250000000000000e+01
1.331250000000000000e+01
-8.437500000000000000e+00
-3.046875000000000000e+00
-2.625000000000000000e+00
-3.500000000000000000e+00
4.785156250000000000e-01
9.500000000000000000e+00
-4.125000000000000000e+00
-3.921875000000000000e+00
1.937500000000000000e+01
3.734375000000000000e+00
-5.156250000000000000e+00
-4.156250000000000000e+00
2.125000000000000000e+00
3.140625000000000000e+00
-3.671875000000000000e+00
-3.328125000000000000e+00
2.037500000000000000e+01
1.054687500000000000e+00
-2.125000000000000000e+00
-5.718750000000000000e+00
-5.625000000000000000e+00
1.450000000000000000e+01
2.737500000000000000e+01
-6.406250000000000000e+00
3.725000000000000000e+01
2.062500000000000000e+00
7.250000000000000000e+00
-9.257812500000000000e-01
1.593750000000000000e+00
2.312500000000000000e+00
1.368750000000000000e+01
4.593750000000000000e+00
-4.000000000000000000e+00
1.925000000000000000e+01
-4.281250000000000000e+00
9.218750000000000000e-01
-9.437500000000000000e+00
-1.476562500000000000e+00
-2.046875000000000000e+00
1.226562500000000000e+00
-1.125000000000000000e+01
-4.718750000000000000e+00
-1.431250000000000000e+01
1.268750000000000000e+01
2.203125000000000000e+00
1.118750000000000000e+01
2.984375000000000000e+00
3.687500000000000000e+00
9.062500000000000000e+00
-3.750000000000000000e+00
-1.007812500000000000e+00
-1.050000000000000000e+01
-4.406250000000000000e+00
2.812500000000000000e+01
1.712500000000000000e+01
7.375000000000000000e+00
-2.953125000000000000e+00
-4.843750000000000000e-01
-3.652343750000000000e-01
-1.056250000000000000e+01
1.968750000000000000e+00
-9.437500000000000000e+00
-6.843750000000000000e+00
4.325000000000000000e+01
1.037500000000000000e+01
-5.156250000000000000e+00
-2.031250000000000000e-01
2.600000000000000000e+01
-2.593750000000000000e+00
-5.906250000000000000e+00
2.171875000000000000e+00
2.300000000000000000e+01
1.331250000000000000e+01
-3.000000000000000000e+00
7.773437500000000000e-01
-1.601562500000000000e+00
-9.228515625000000000e-02
2.050000000000000000e+01
-7.843750000000000000e+00
-2.484375000000000000e+00
-7.304687500000000000e-01
-2.296875000000000000e+00
1.081250000000000000e+01
-2.037500000000000000e+01
-4.875000000000000000e+00
-2.265625000000000000e+00
-2.921875000000000000e+00
-7.843750000000000000e+00
-2.500000000000000000e+00
-7.218750000000000000e+00
6.906250000000000000e+00
-1.070312500000000000e+00
1.131250000000000000e+01
7.250000000000000000e+00
2.600000000000000000e+01
1.275000000000000000e+01
-8.007812500000000000e-01
-2.484375000000000000e+00
-1.081250000000000000e+01
5.375000000000000000e+00
-6.156250000000000000e+00
3.425000000000000000e+01
-1.710937500000000000e+00
-5.273437500000000000e-01
1.812500000000000000e+01
7.406250000000000000e+00
-7.218750000000000000e+00
1.382812500000000000e+00
-5.843750000000000000e+00
1.231250000000000000e+01
5.281250000000000000e+00
1.081250000000000000e+01
-4.937500000000000000e+00
2.900000000000000000e+01
-7.468750000000000000e+00
1.418750000000000000e+01
1.100000000000000000e+01
4.075000000000000000e+01
-5.125000000000000000e+00
-4.375000000000000000e+00
2.953125000000000000e+00
-2.640625000000000000e+00
2.562500000000000000e+01
-5.656250000000000000e+00
-6.445312500000000000e-01
-2.765625000000000000e+00
-7.156250000000000000e+00
9.062500000000000000e-01
1.225000000000000000e+01
7.593750000000000000e+00
2.087500000000000000e+01
9.843750000000000000e-01
2.137500000000000000e+01
-2.312500000000000000e+00
2.281250000000000000e+00
1.250000000000000000e+00
-7.375000000000000000e+00
2.265625000000000000e+00
1.492187500000000000e+00
1.406250000000000000e+01
1.600000000000000000e+01
-2.078125000000000000e+00
1.368750000000000000e+01
2.546875000000000000e+00
5.843750000000000000e+00
-4.593750000000000000e+00
1.118750000000000000e+01
2.200000000000000000e+01
1.500000000000000000e+01
-5.906250000000000000e+00
-7.539062500000000000e-01
-6.750000000000000000e+00
2.537500000000000000e+01
4.406250000000000000e+00
1.937500000000000000e+00
-4.281250000000000000e+00
3.000000000000000000e+00
9.812500000000000000e+00
-2.796875000000000000e+00
1.687500000000000000e+01
1.306250000000000000e+01
6.000000000000000000e+00
3.037500000000000000e+01
-8.085937500000000000e-01
3.500000000000000000e+01
-2.703125000000000000e+00
-1.132812500000000000e+00
1.539062500000000000e+00
2.812500000000000000e+01
-2.312500000000000000e+00
-8.875000000000000000e+00
1.539062500000000000e+00
2.212500000000000000e+01
-1.100000000000000000e+01
-4.125000000000000000e+00
1.181250000000000000e+01
1.568750000000000000e+01
-5.531250000000000000e+00
1.675000000000000000e+01
-3.687500000000000000e+00
1.710937500000000000e+00
-5.843750000000000000e+00
2.362500000000000000e+01
2.550000000000000000e+01
7.656250000000000000e+00
-1.812500000000000000e+01
3.525000000000000000e+01
-5.820312500000000000e-01
2.359375000000000000e+00
3.578125000000000000e+00
1.147460937500000000e-01
2.537500000000000000e+01
-6.093750000000000000e+00
7.617187500000000000e-01
-2.453125000000000000e+00
1.762500000000000000e+01
-2.062500000000000000e+00
-4.031250000000000000e+00
3.600000000000000000e+01
3.325000000000000000e+01
-2.437500000000000000e+00
-2.558593750000000000e-01
-2.437500000000000000e+00
-7.281250000000000000e+00
4.500000000000000000e+00
-7.250000000000000000e+00
-2.750000000000000000e+00
8.000000000000000000e+00
4.375000000000000000e-01
-2.237500000000000000e+01
-2.812500000000000000e+00
-3.261718750000000000e-01
3.925781250000000000e-01
1.187500000000000000e+00
-1.851562500000000000e+00
4.511718750000000000e-01
-2.750000000000000000e+00
3.225000000000000000e+01
-6.843750000000000000e+00
3.475000000000000000e+01
-2.875000000000000000e+00
7.906250000000000000e+00
-3.187500000000000000e+00
-8.062500000000000000e+00
-9.812500000000000000e+00
-6.843750000000000000e+00
-9.687500000000000000e+00
-1.175000000000000000e+01
-2.828125000000000000e+00
-3.046875000000000000e+00
-3.640625000000000000e+00
-3.000000000000000000e+00
-1.210937500000000000e+00
-9.062500000000000000e+00
9.218750000000000000e-01
2.593750000000000000e+00
-1.648437500000000000e+00
7.568359375000000000e-02
-5.200195312500000000e-02
-6.843750000000000000e+00
8.437500000000000000e+00
-5.781250000000000000e-01
1.937500000000000000e+01
1.687500000000000000e+01
3.450000000000000000e+01
7.593750000000000000e+00
1.687500000000000000e+01
1.100000000000000000e+01
-1.335937500000000000e+00
-1.585937500000000000e+00
-1.437500000000000000e+00
-1.335937500000000000e+00
3.457031250000000000e-01
1.068750000000000000e+01
5.968750000000000000e+00
-3.671875000000000000e-01
-7.468750000000000000e+00
1.804687500000000000e+00
6.593750000000000000e+00
-3.546875000000000000e+00
-1.210937500000000000e+00
-4.031250000000000000e+00
8.125000000000000000e+00
1.306250000000000000e+01
-4.531250000000000000e+00
1.243750000000000000e+01
1.406250000000000000e+00
6.757812500000000000e-01
-4.437500000000000000e+00
3.000000000000000000e+01
1.500000000000000000e+01
1.156250000000000000e+01
4.000000000000000000e+00
8.398437500000000000e-02
2.900000000000000000e+01
-2.851562500000000000e-01
9.492187500000000000e-01
1.056250000000000000e+01
-2.828125000000000000e+00
-4.031250000000000000e+00
1.275000000000000000e+01
4.781250000000000000e+00
-9.062500000000000000e+00
-3.546875000000000000e+00
1.862500000000000000e+01
1.093750000000000000e+01
-2.250000000000000000e+00
-7.156250000000000000e+00
1.281250000000000000e+01
9.562500000000000000e+00
1.414062500000000000e+00
1.468750000000000000e+01
-8.312500000000000000e+00
4.746093750000000000e-01
-3.328125000000000000e+00
1.664062500000000000e+00
-9.937500000000000000e+00
2.953125000000000000e+00
4.125000000000000000e+00
6.125000000000000000e+00
1.085937500000000000e+00
-6.968750000000000000e+00
2.350000000000000000e+01
-3.339843750000000000e-01
3.525000000000000000e+01
9.500000000000000000e+00
-5.906250000000000000e+00
-1.718750000000000000e+00
1.031250000000000000e+01
9.000000000000000000e+00
1.231250000000000000e+01
-1.414062500000000000e+00
1.837500000000000000e+01
-7.343750000000000000e+00
-9.562500000000000000e+00
-2.875000000000000000e+00
6.843750000000000000e+00
-4.593750000000000000e+00
1.418750000000000000e+01
-7.343750000000000000e+00
2.162500000000000000e+01
-3.796875000000000000e+00
1.350000000000000000e+01
-1.037500000000000000e+01
1.593750000000000000e+01
-6.406250000000000000e+00
1.912500000000000000e+01
-1.632812500000000000e+00
1.406250000000000000e-01
2.112500000000000000e+01
1.662500000000000000e+01
2.531250000000000000e+00
-1.234375000000000000e+00
1.068750000000000000e+01
-1.226562500000000000e+00
-1.125000000000000000e+01
1.206250000000000000e+01
1.556250000000000000e+01
-3.921875000000000000e+00
6.656250000000000000e+00
2.862500000000000000e+01
-5.718750000000000000e+00
8.687500000000000000e+00
-5.843750000000000000e+00
3.453125000000000000e+00
-2.500000000000000000e+00
5.468750000000000000e-02
-1.043750000000000000e+01
1.318750000000000000e+01
-6.906250000000000000e+00
2.800000000000000000e+01
