-2.078125000000000000e+00
-2.294921875000000000e-01
-1.156250000000000000e+00
6.132812500000000000e-01
-4.687500000000000000e-01
1.148437500000000000e+00
5.976562500000000000e-01
3.378906250000000000e-01
-8.867187500000000000e-01
-1.125000000000000000e+00
7.070312500000000000e-01
9.335937500000000000e-01
1.281250000000000000e+00
2.812500000000000000e-01
4.785156250000000000e-01
5.395507812500000000e-02
9.492187500000000000e-01
2.832031250000000000e-01
-7.304687500000000000e-01
-9.960937500000000000e-01
-2.265625000000000000e-01
2.921875000000000000e+00
-4.968750000000000000e+00
-2.353515625000000000e-01
4.003906250000000000e-01
-3.442382812500000000e-02
-3.078125000000000000e+00
-8.281250000000000000e-01
-7.226562500000000000e-02
-7.304687500000000000e-01
6.210937500000000000e-01
2.406250000000000000e+00
7.070312500000000000e-01
-6.093750000000000000e-01
-1.845703125000000000e-01
-1.226562500000000000e+00
1.476562500000000000e+00
-8.632812500000000000e-01
-1.962890625000000000e-01
-6.367187500000000000e-01
-2.177734375000000000e-01
1.000000000000000000e+00
5.000000000000000000e-01
-1.542968750000000000e-01
-1.304687500000000000e+00
8.593750000000000000e-01
1.000000000000000000e+00
-1.118164062500000000e-01
1.320312500000000000e+00
2.734375000000000000e-01
-4.433593750000000000e-01
-1.164062500000000000e+00
2.109375000000000000e+00
-1.425781250000000000e-01
5.312500000000000000e-01
-6.367187500000000000e-01
-1.176757812500000000e-01
-3.578125000000000000e+00
6.445312500000000000e-02
3.691406250000000000e-01
-1.000000000000000000e+00
6.875000000000000000e-01
-3.105468750000000000e-01
1.148437500000000000e+00
1.070312500000000000e+00
3.588867187500000000e-02
2.558593750000000000e-01
-3.281250000000000000e-01
4.730224609375000000e-03
6.914062500000000000e-01
-1.101562500000000000e+00
1.046875000000000000e+00
5.468750000000000000e-02
-1.242187500000000000e+00
2.453125000000000000e+00
1.382812500000000000e+00
1.117187500000000000e+00
9.492187500000000000e-01
8.593750000000000000e-01
1.601562500000000000e-01
1.968750000000000000e+00
3.750000000000000000e-01
-1.367187500000000000e+00
-7.031250000000000000e-01
-1.500000000000000000e+00
1.226562500000000000e+00
-9.375000000000000000e-01
5.117187500000000000e-01
3.105468750000000000e-01
-1.695312500000000000e+00
-6.289062500000000000e-01
5.468750000000000000e-01
-3.437500000000000000e-01
-2.099609375000000000e-01
1.914062500000000000e+00
-4.003906250000000000e-01
-9.843750000000000000e-01
3.613281250000000000e-01
-8.437500000000000000e-01
9.375000000000000000e-01
-1.474609375000000000e-01
-1.414062500000000000e+00
-2.539062500000000000e-01
1.585937500000000000e+00
6.054687500000000000e-01
9.062500000000000000e-01
-2.753906250000000000e-01
1.726562500000000000e+00
-1.093750000000000000e+00
-4.687500000000000000e-01
8.750000000000000000e-01
-3.164062500000000000e-01
1.617187500000000000e+00
-6.601562500000000000e-01
-4.121093750000000000e-01
9.882812500000000000e-01
2.812500000000000000e+00
-7.304687500000000000e-01
-1.312500000000000000e+00
-1.533203125000000000e-01
-7.500000000000000000e-01
-1.023437500000000000e+00
2.138671875000000000e-01
7.070312500000000000e-01
1.187500000000000000e+00
5.078125000000000000e-02
1.164062500000000000e+00
7.539062500000000000e-01
6.679687500000000000e-01
7.695312500000000000e-01
1.898437500000000000e+00
1.007812500000000000e+00
3.964843750000000000e-01
-6.992187500000000000e-01
-2.250000000000000000e+00
-4.223632812500000000e-02
-4.746093750000000000e-01
2.209472656250000000e-02
1.062500000000000000e+00
-1.375000000000000000e+00
-8.945312500000000000e-01
2.203125000000000000e+00
9.375000000000000000e-01
2.226562500000000000e-01
8.554687500000000000e-01
-2.597656250000000000e-01
-1.007812500000000000e+00
-6.640625000000000000e-01
5.585937500000000000e-01
7.695312500000000000e-01
-1.664062500000000000e+00
-3.027343750000000000e-01
-1.031250000000000000e+00
-2.187500000000000000e-01
-1.085937500000000000e+00
-3.265625000000000000e+00
-5.000000000000000000e-01
-7.500000000000000000e-01
2.187500000000000000e-01
-7.695312500000000000e-01
-5.664062500000000000e-01
-1.625000000000000000e+00
4.941406250000000000e-01
-2.312500000000000000e+00
-6.914062500000000000e-01
7.500000000000000000e-01
-1.070312500000000000e+00
-2.373046875000000000e-01
2.078125000000000000e+00
-1.416015625000000000e-01
6.367187500000000000e-01
-6.132812500000000000e-01
1.226562500000000000e+00
5.585937500000000000e-01
-2.478027343750000000e-02
7.929687500000000000e-01
-3.847656250000000000e-01
1.531250000000000000e+00
2.062500000000000000e+00
6.054687500000000000e-01
-1.710937500000000000e+00
7.031250000000000000e-01
3.125000000000000000e-01
-4.687500000000000000e-01
5.664062500000000000e-01
8.945312500000000000e-01
7.070312500000000000e-01
5.195312500000000000e-01
-1.335937500000000000e+00
5.039062500000000000e-01
8.007812500000000000e-01
-7.226562500000000000e-01
5.195312500000000000e-01
1.125000000000000000e+00
5.195312500000000000e-01
-2.546875000000000000e+00
2.041015625000000000e-01
-2.750000000000000000e+00
-1.179687500000000000e+00
-5.195312500000000000e-01
3.769531250000000000e-01
-2.078125000000000000e+00
-1.757812500000000000e-01
-2.373046875000000000e-01
3.203125000000000000e-01
3.750000000000000000e-01
4.667968750000000000e-01
-1.039062500000000000e+00
4.375000000000000000e-01
1.406250000000000000e-01
-8.750000000000000000e-01
4.277343750000000000e-01
-9.375000000000000000e-01
1.046875000000000000e+00
-4.863281250000000000e-01
7.382812500000000000e-01
-1.054687500000000000e+00
6.484375000000000000e-01
4.589843750000000000e-01
-3.046875000000000000e+00
-8.125000000000000000e-01
-4.321289062500000000e-02
2.871093750000000000e-01
1.030273437500000000e-01
-3.765625000000000000e+00
-8.320312500000000000e-01
-5.195312500000000000e-01
-1.328125000000000000e+00
-2.359375000000000000e+00
1.179687500000000000e+00
-3.085937500000000000e-01
-1.210937500000000000e+00
-1.343750000000000000e+00
-1.079101562500000000e-01
-4.921875000000000000e-01
-1.203125000000000000e+00
-6.445312500000000000e-01
6.679687500000000000e-01
-1.289062500000000000e+00
-1.148437500000000000e+00
1.039062500000000000e+00
1.562500000000000000e+00
2.750000000000000000e+00
-7.500000000000000000e-01
-5.781250000000000000e-01
-9.570312500000000000e-01
-1.117187500000000000e+00
-5.742187500000000000e-01
-5.742187500000000000e-01
-1.242187500000000000e+00
-4.000000000000000000e+00
-9.492187500000000000e-01
-1.257812500000000000e+00
-8.789062500000000000e-01
8.320312500000000000e-01
8.125000000000000000e-01
-1.250000000000000000e+00
-5.742187500000000000e-01
-4.238281250000000000e-01
-3.457031250000000000e-01
-7.695312500000000000e-01
-2.014160156250000000e-02
-1.007812500000000000e+00
-1.023437500000000000e+00
7.382812500000000000e-01
6.289062500000000000e-01
-6.523437500000000000e-01
-8.476562500000000000e-01
-2.988281250000000000e-01
-1.171875000000000000e+00
-8.554687500000000000e-01
-1.023437500000000000e+00
-6.171875000000000000e-01
6.132812500000000000e-01
-4.589843750000000000e-01
-1.679687500000000000e+00
6.523437500000000000e-01
-2.453125000000000000e+00
7.617187500000000000e-01
2.753906250000000000e-01
-1.982421875000000000e-01
-1.109375000000000000e+00
2.675781250000000000e-01
-5.468750000000000000e-01
2.714843750000000000e-01
-3.593750000000000000e-01
8.935546875000000000e-02
5.898437500000000000e-01
-7.148437500000000000e-01
-6.445312500000000000e-01
9.882812500000000000e-01
6.757812500000000000e-01
-1.039062500000000000e+00
5.039062500000000000e-01
-5.742187500000000000e-01
1.164062500000000000e+00
4.316406250000000000e-01
4.589843750000000000e-01
7.070312500000000000e-01
2.421875000000000000e-01
1.414062500000000000e+00
1.273437500000000000e+00
-1.347656250000000000e-01
1.125000000000000000e+00
2.673339843750000000e-02
1.804687500000000000e+00
-9.804687500000000000e-01
-1.187500000000000000e+00
1.179687500000000000e+00
-4.160156250000000000e-01
1.396484375000000000e-01
-2.539062500000000000e-01
4.316406250000000000e-01
6.757812500000000000e-01
5.898437500000000000e-01
-9.960937500000000000e-01
-1.117187500000000000e+00
2.187500000000000000e-01
3.378906250000000000e-01
-9.023437500000000000e-01
-7.851562500000000000e-01
2.578125000000000000e-01
8.476562500000000000e-01
1.414062500000000000e+00
-3.515625000000000000e+00
-8.125000000000000000e-01
-7.773437500000000000e-01
6.875000000000000000e-01
6.992187500000000000e-01
-1.070312500000000000e+00
3.007812500000000000e-01
8.164062500000000000e-01
1.117187500000000000e+00
1.812500000000000000e+00
-1.500000000000000000e+00
-3.203125000000000000e+00
1.826171875000000000e-01
-3.171875000000000000e+00
-1.687500000000000000e+00
-8.154296875000000000e-02
-1.101562500000000000e+00
8.242187500000000000e-01
-3.984375000000000000e-01
2.792968750000000000e-01
-1.023437500000000000e+00
1.000000000000000000e+00
1.562500000000000000e-01
3.828125000000000000e+00
-1.062500000000000000e+00
-1.164062500000000000e+00
-7.226562500000000000e-01
1.054687500000000000e-01
2.187500000000000000e-01
-6.835937500000000000e-02
-7.171630859375000000e-03
-1.773437500000000000e+00
2.515625000000000000e+00
-2.703125000000000000e+00
-2.490234375000000000e-01
-4.093750000000000000e+00
-1.982421875000000000e-01
-1.023437500000000000e+00
-4.031250000000000000e+00
4.746093750000000000e-01
8.710937500000000000e-01
-2.255859375000000000e-01
1.367187500000000000e-02
-5.429687500000000000e-01
-1.679687500000000000e+00
8.125000000000000000e-01
1.137695312500000000e-01
-7.460937500000000000e-01
8.242187500000000000e-01
5.273437500000000000e-01
1.892089843750000000e-02
4.863281250000000000e-01
-7.695312500000000000e-01
5.117187500000000000e-01
-2.070312500000000000e-01
-7.148437500000000000e-01
-9.492187500000000000e-01
6.523437500000000000e-01
1.937500000000000000e+00
-1.835937500000000000e+00
