1.837500000000000000e+01
-3.593750000000000000e-01
-5.031250000000000000e+00
6.593750000000000000e+00
-1.429687500000000000e+00
-2.562500000000000000e+00
3.375000000000000000e+00
4.531250000000000000e+00
-2.265625000000000000e+00
-2.171875000000000000e+00
4.468750000000000000e+00
2.921875000000000000e+00
3.078125000000000000e+00
1.312500000000000000e+00
5.875000000000000000e+00
3.671875000000000000e+00
-5.593750000000000000e+00
4.750000000000000000e+00
1.650000000000000000e+01
1.049804687500000000e-01
-1.992187500000000000e+00
2.890625000000000000e-01
5.343750000000000000e+00
-1.554687500000000000e+00
5.500000000000000000e+00
4.375000000000000000e+00
5.187500000000000000e+00
-1.109375000000000000e+00
2.265625000000000000e+00
-4.531250000000000000e+00
1.062500000000000000e+01
-6.093750000000000000e+00
7.375000000000000000e+00
-3.937500000000000000e+00
-2.234375000000000000e+00
-1.945312500000000000e+00
-1.500000000000000000e+00
7.851562500000000000e-01
4.250000000000000000e+00
-1.968750000000000000e+00
-1.351562500000000000e+00
1.037500000000000000e+01
3.546875000000000000e+00
-2.828125000000000000e+00
-2.453125000000000000e+00
1.851562500000000000e+00
2.046875000000000000e+00
-5.312500000000000000e-01
-8.632812500000000000e-01
9.562500000000000000e+00
1.085937500000000000e+00
-1.992187500000000000e+00
-2.078125000000000000e+00
-3.937500000000000000e+00
7.843750000000000000e+00
1.218750000000000000e+01
-2.515625000000000000e+00
1.493750000000000000e+01
2.234375000000000000e+00
4.125000000000000000e+00
-6.328125000000000000e-01
1.976562500000000000e+00
1.945312500000000000e+00
8.000000000000000000e+00
3.625000000000000000e+00
-1.437500000000000000e+00
9.437500000000000000e+00
-1.398437500000000000e+00
1.968750000000000000e+00
-2.625000000000000000e+00
-2.140625000000000000e+00
9.648437500000000000e-01
1.554687500000000000e+00
-5.906250000000000000e+00
-1.039062500000000000e+00
-8.437500000000000000e+00
7.656250000000000000e+00
1.875000000000000000e+00
6.906250000000000000e+00
2.281250000000000000e+00
2.921875000000000000e+00
4.875000000000000000e+00
-2.000000000000000000e+00
-1.242187500000000000e+00
-6.218750000000000000e+00
-1.375000000000000000e+00
1.231250000000000000e+01
8.500000000000000000e+00
3.484375000000000000e+00
-2.390625000000000000e+00
-2.988281250000000000e-01
1.976562500000000000e+00
-6.656250000000000000e+00
1.523437500000000000e+00
-4.593750000000000000e+00
-4.093750000000000000e+00
2.037500000000000000e+01
5.468750000000000000e+00
-2.484375000000000000e+00
5.664062500000000000e-01
1.193750000000000000e+01
-1.812500000000000000e+00
-4.250000000000000000e+00
1.726562500000000000e+00
1.118750000000000000e+01
8.062500000000000000e+00
-1.601562500000000000e+00
1.023437500000000000e+00
-1.203125000000000000e+00
5.468750000000000000e-02
1.068750000000000000e+01
-4.281250000000000000e+00
-7.500000000000000000e-01
-4.121093750000000000e-01
-1.601562500000000000e+00
7.093750000000000000e+00
-8.812500000000000000e+00
-3.375000000000000000e+00
-1.476562500000000000e+00
-1.875000000000000000e+00
-4.812500000000000000e+00
-1.773437500000000000e+00
-3.109375000000000000e+00
4.531250000000000000e+00
5.195312500000000000e-01
5.218750000000000000e+00
4.687500000000000000e+00
1.268750000000000000e+01
7.000000000000000000e+00
6.289062500000000000e-01
-7.500000000000000000e-01
-4.250000000000000000e+00
3.562500000000000000e+00
-3.609375000000000000e+00
1.331250000000000000e+01
-1.218750000000000000e+00
3.535156250000000000e-01
8.812500000000000000e+00
5.000000000000000000e+00
-4.500000000000000000e+00
5.546875000000000000e-01
-2.546875000000000000e+00
7.031250000000000000e+00
2.953125000000000000e+00
6.343750000000000000e+00
-2.750000000000000000e+00
1.368750000000000000e+01
-3.546875000000000000e+00
7.531250000000000000e+00
6.343750000000000000e+00
1.837500000000000000e+01
-2.062500000000000000e+00
-2.859375000000000000e+00
7.617187500000000000e-01
-1.289062500000000000e+00
1.050000000000000000e+01
-2.937500000000000000e+00
-4.746093750000000000e-01
-7.695312500000000000e-01
-3.875000000000000000e+00
9.335937500000000000e-01
5.406250000000000000e+00
4.343750000000000000e+00
7.281250000000000000e+00
1.398437500000000000e+00
1.081250000000000000e+01
-2.015625000000000000e+00
1.476562500000000000e+00
1.250000000000000000e+00
-4.531250000000000000e+00
2.140625000000000000e+00
1.982421875000000000e-01
8.187500000000000000e+00
8.437500000000000000e+00
-2.343750000000000000e-01
7.656250000000000000e+00
2.031250000000000000e+00
3.703125000000000000e+00
-2.203125000000000000e+00
5.968750000000000000e+00
9.687500000000000000e+00
7.843750000000000000e+00
-1.843750000000000000e+00
1.367187500000000000e-01
-1.601562500000000000e+00
1.250000000000000000e+01
3.125000000000000000e+00
1.203125000000000000e+00
-1.710937500000000000e+00
2.250000000000000000e+00
5.343750000000000000e+00
-1.539062500000000000e+00
8.187500000000000000e+00
7.781250000000000000e+00
3.796875000000000000e+00
1.281250000000000000e+01
-6.757812500000000000e-01
1.375000000000000000e+01
-1.664062500000000000e+00
-9.023437500000000000e-01
1.046875000000000000e+00
1.275000000000000000e+01
-1.718750000000000000e+00
-4.281250000000000000e+00
1.570312500000000000e+00
1.050000000000000000e+01
-5.093750000000000000e+00
-2.390625000000000000e+00
6.593750000000000000e+00
7.843750000000000000e+00
-3.187500000000000000e+00
8.375000000000000000e+00
-2.312500000000000000e+00
1.445312500000000000e+00
-3.109375000000000000e+00
1.250000000000000000e+01
1.218750000000000000e+01
4.625000000000000000e+00
-7.000000000000000000e+00
1.431250000000000000e+01
-8.750000000000000000e-01
1.992187500000000000e+00
2.453125000000000000e+00
3.359375000000000000e-01
9.000000000000000000e+00
-4.093750000000000000e+00
7.148437500000000000e-01
-1.312500000000000000e+00
6.843750000000000000e+00
2.216796875000000000e-01
-2.375000000000000000e+00
1.687500000000000000e+01
1.443750000000000000e+01
-1.437500000000000000e+00
3.906250000000000000e-02
-1.531250000000000000e+00
-2.421875000000000000e+00
3.000000000000000000e+00
-5.156250000000000000e+00
-2.156250000000000000e+00
5.750000000000000000e+00
8.984375000000000000e-02
-1.100000000000000000e+01
-2.080078125000000000e-01
4.042968750000000000e-01
2.197265625000000000e-01
6.093750000000000000e-01
-8.867187500000000000e-01
3.808593750000000000e-01
-1.773437500000000000e+00
1.168750000000000000e+01
-4.468750000000000000e+00
1.612500000000000000e+01
-2.140625000000000000e+00
4.875000000000000000e+00
-7.929687500000000000e-01
-4.656250000000000000e+00
-5.906250000000000000e+00
-3.671875000000000000e+00
-4.562500000000000000e+00
-5.375000000000000000e+00
-1.203125000000000000e+00
-2.031250000000000000e+00
-8.867187500000000000e-01
5.000000000000000000e-01
-6.992187500000000000e-01
-4.906250000000000000e+00
5.859375000000000000e-01
2.234375000000000000e+00
-1.195312500000000000e+00
1.562500000000000000e-02
6.250000000000000000e-02
-3.828125000000000000e+00
5.125000000000000000e+00
-3.730468750000000000e-01
7.656250000000000000e+00
8.750000000000000000e+00
1.456250000000000000e+01
4.750000000000000000e+00
8.187500000000000000e+00
6.156250000000000000e+00
-7.304687500000000000e-01
7.187500000000000000e-01
-1.218750000000000000e+00
8.476562500000000000e-01
0.000000000000000000e+00
5.000000000000000000e+00
3.546875000000000000e+00
-6.914062500000000000e-01
-4.375000000000000000e+00
1.835937500000000000e+00
4.093750000000000000e+00
-2.484375000000000000e+00
1.210937500000000000e+00
-2.437500000000000000e+00
5.375000000000000000e+00
6.281250000000000000e+00
-9.882812500000000000e-01
6.593750000000000000e+00
1.976562500000000000e+00
6.835937500000000000e-01
-1.789062500000000000e+00
1.450000000000000000e+01
8.250000000000000000e+00
5.875000000000000000e+00
3.078125000000000000e+00
-6.992187500000000000e-01
1.218750000000000000e+01
-1.396484375000000000e-01
1.195312500000000000e+00
5.468750000000000000e+00
-9.375000000000000000e-01
2.600097656250000000e-02
6.781250000000000000e+00
3.125000000000000000e+00
-5.156250000000000000e+00
-2.218750000000000000e+00
9.000000000000000000e+00
5.406250000000000000e+00
-1.960937500000000000e+00
-4.625000000000000000e+00
6.250000000000000000e+00
5.968750000000000000e+00
1.304687500000000000e+00
4.750000000000000000e+00
-4.593750000000000000e+00
6.601562500000000000e-01
-6.250000000000000000e-02
1.437500000000000000e+00
-5.750000000000000000e+00
2.359375000000000000e+00
3.546875000000000000e+00
3.703125000000000000e+00
1.289062500000000000e+00
-4.875000000000000000e+00
7.156250000000000000e+00
4.277343750000000000e-01
1.468750000000000000e+01
4.406250000000000000e+00
-1.875000000000000000e+00
-1.976562500000000000e+00
5.750000000000000000e+00
5.750000000000000000e+00
6.406250000000000000e+00
-1.265625000000000000e+00
9.812500000000000000e+00
-2.609375000000000000e+00
-3.859375000000000000e+00
-1.750000000000000000e+00
2.890625000000000000e+00
-2.390625000000000000e+00
6.843750000000000000e+00
-2.828125000000000000e+00
1.018750000000000000e+01
-1.875000000000000000e+00
6.031250000000000000e+00
-5.093750000000000000e+00
6.156250000000000000e+00
-2.734375000000000000e+00
5.406250000000000000e+00
-9.375000000000000000e-01
2.949218750000000000e-01
7.375000000000000000e+00
8.250000000000000000e+00
2.109375000000000000e+00
-1.796875000000000000e-01
4.812500000000000000e+00
-1.273437500000000000e+00
-6.250000000000000000e+00
6.500000000000000000e+00
7.750000000000000000e+00
-1.773437500000000000e+00
4.031250000000000000e+00
1.350000000000000000e+01
-2.796875000000000000e+00
4.906250000000000000e+00
-2.296875000000000000e+00
2.609375000000000000e+00
-5.546875000000000000e-01
-2.832031250000000000e-01
-5.750000000000000000e+00
6.875000000000000000e+00
-3.000000000000000000e+00
1.218750000000000000e+01
