-1.164062500000000000e+00
-2.773437500000000000e-01
-1.625000000000000000e+00
1.085937500000000000e+00
-5.742187500000000000e-01
1.304687500000000000e+00
1.093750000000000000e+00
6.875000000000000000e-01
-1.109375000000000000e+00
-1.343750000000000000e+00
1.195312500000000000e+00
1.226562500000000000e+00
1.648437500000000000e+00
4.511718750000000000e-01
9.804687500000000000e-01
4.765625000000000000e-01
-1.074218750000000000e-02
7.148437500000000000e-01
1.147460937500000000e-01
-1.093750000000000000e+00
-4.472656250000000000e-01
2.921875000000000000e+00
-5.125000000000000000e+00
-7.617187500000000000e-01
8.789062500000000000e-01
3.203125000000000000e-01
-3.203125000000000000e+00
-9.492187500000000000e-01
-4.516601562500000000e-02
-1.070312500000000000e+00
1.289062500000000000e+00
2.062500000000000000e+00
1.218750000000000000e+00
-7.851562500000000000e-01
-9.326171875000000000e-02
-1.562500000000000000e+00
1.382812500000000000e+00
-8.281250000000000000e-01
6.396484375000000000e-02
-1.179687500000000000e+00
-3.769531250000000000e-01
1.750000000000000000e+00
8.125000000000000000e-01
-4.199218750000000000e-01
-1.585937500000000000e+00
1.250000000000000000e+00
1.210937500000000000e+00
-7.031250000000000000e-02
1.398437500000000000e+00
8.281250000000000000e-01
-6.210937500000000000e-01
-1.429687500000000000e+00
2.062500000000000000e+00
-7.695312500000000000e-01
1.039062500000000000e+00
1.196289062500000000e-01
-6.562500000000000000e-01
-3.062500000000000000e+00
2.031250000000000000e-01
7.187500000000000000e-01
-1.367187500000000000e+00
1.039062500000000000e+00
-3.593750000000000000e-01
1.781250000000000000e+00
1.539062500000000000e+00
-9.375000000000000000e-02
8.867187500000000000e-01
-4.746093750000000000e-01
-1.000976562500000000e-01
8.867187500000000000e-01
-1.601562500000000000e+00
1.539062500000000000e+00
1.470947265625000000e-02
-1.617187500000000000e+00
2.500000000000000000e+00
1.039062500000000000e+00
1.851562500000000000e+00
1.296875000000000000e+00
1.523437500000000000e+00
2.412109375000000000e-01
2.328125000000000000e+00
8.007812500000000000e-01
-1.601562500000000000e+00
-1.085937500000000000e+00
-2.015625000000000000e+00
1.476562500000000000e+00
-2.109375000000000000e-01
1.117187500000000000e+00
6.367187500000000000e-01
-2.078125000000000000e+00
-8.789062500000000000e-01
7.617187500000000000e-01
-1.226562500000000000e+00
-2.636718750000000000e-01
1.460937500000000000e+00
-7.812500000000000000e-01
2.968750000000000000e-01
8.281250000000000000e-01
-5.507812500000000000e-01
1.117187500000000000e+00
5.703125000000000000e-01
-1.726562500000000000e+00
-9.179687500000000000e-01
1.718750000000000000e+00
1.351562500000000000e+00
1.539062500000000000e+00
-1.943359375000000000e-01
1.882812500000000000e+00
-1.265625000000000000e+00
-6.601562500000000000e-01
1.687500000000000000e+00
-2.597656250000000000e-01
1.710937500000000000e+00
-1.007812500000000000e+00
-8.125000000000000000e-01
1.718750000000000000e+00
2.296875000000000000e+00
-1.171875000000000000e+00
-1.562500000000000000e+00
-3.515625000000000000e-01
-1.101562500000000000e+00
-1.218750000000000000e+00
-2.294921875000000000e-01
1.320312500000000000e+00
1.429687500000000000e+00
4.863281250000000000e-01
1.585937500000000000e+00
1.539062500000000000e+00
1.210937500000000000e+00
1.000000000000000000e+00
2.015625000000000000e+00
1.023437500000000000e+00
7.929687500000000000e-01
-1.070312500000000000e+00
-2.296875000000000000e+00
-4.472656250000000000e-01
-5.195312500000000000e-01
7.304687500000000000e-01
1.539062500000000000e+00
-1.710937500000000000e+00
-7.656250000000000000e-01
2.296875000000000000e+00
1.664062500000000000e+00
6.562500000000000000e-01
1.437500000000000000e+00
-5.351562500000000000e-01
-1.875000000000000000e-01
-1.203125000000000000e+00
1.156250000000000000e+00
1.476562500000000000e+00
-8.554687500000000000e-01
-4.531250000000000000e-01
-1.250000000000000000e+00
2.539062500000000000e-02
-1.320312500000000000e+00
-2.859375000000000000e+00
-7.695312500000000000e-01
-1.039062500000000000e+00
1.923828125000000000e-01
-8.750000000000000000e-01
-6.210937500000000000e-01
-1.562500000000000000e+00
7.460937500000000000e-01
-2.562500000000000000e+00
-5.468750000000000000e-01
1.492187500000000000e+00
-1.343750000000000000e+00
-1.884765625000000000e-01
2.218750000000000000e+00
-8.554687500000000000e-01
1.007812500000000000e+00
-9.687500000000000000e-01
1.914062500000000000e+00
1.195312500000000000e+00
-1.230468750000000000e-01
1.414062500000000000e+00
-3.964843750000000000e-01
1.914062500000000000e+00
2.062500000000000000e+00
1.132812500000000000e+00
-1.054687500000000000e+00
1.296875000000000000e+00
9.912109375000000000e-02
-7.070312500000000000e-01
5.742187500000000000e-01
1.710937500000000000e+00
1.125000000000000000e+00
6.562500000000000000e-01
-9.101562500000000000e-01
7.500000000000000000e-01
1.335937500000000000e+00
-1.023437500000000000e+00
9.882812500000000000e-01
1.804687500000000000e+00
9.375000000000000000e-01
-1.843750000000000000e+00
3.027343750000000000e-01
-2.171875000000000000e+00
-1.328125000000000000e+00
-8.281250000000000000e-01
5.781250000000000000e-01
-1.304687500000000000e+00
-1.186523437500000000e-01
-2.832031250000000000e-01
3.730468750000000000e-01
9.882812500000000000e-01
-9.521484375000000000e-02
-1.375000000000000000e+00
9.882812500000000000e-01
6.757812500000000000e-01
-1.054687500000000000e+00
9.179687500000000000e-01
-1.171875000000000000e+00
1.437500000000000000e+00
-3.691406250000000000e-01
1.593750000000000000e+00
-4.433593750000000000e-01
1.195312500000000000e+00
6.367187500000000000e-01
-2.312500000000000000e+00
-1.093750000000000000e+00
7.812500000000000000e-02
6.054687500000000000e-01
-6.225585937500000000e-02
-3.671875000000000000e+00
-1.218750000000000000e+00
-7.500000000000000000e-01
-1.710937500000000000e+00
-2.046875000000000000e+00
1.710937500000000000e+00
-6.523437500000000000e-01
-3.203125000000000000e-01
-7.539062500000000000e-01
1.748046875000000000e-01
-5.039062500000000000e-01
-1.398437500000000000e+00
-4.980468750000000000e-01
1.203125000000000000e+00
-1.695312500000000000e+00
-1.148437500000000000e+00
1.664062500000000000e+00
1.312500000000000000e+00
2.109375000000000000e+00
-3.125000000000000000e-01
-4.628906250000000000e-01
-1.117187500000000000e+00
-9.179687500000000000e-01
-5.820312500000000000e-01
-7.929687500000000000e-01
-1.507812500000000000e+00
-3.671875000000000000e+00
-1.125000000000000000e+00
-2.500000000000000000e-01
-1.156250000000000000e+00
1.328125000000000000e+00
1.210937500000000000e+00
-1.523437500000000000e+00
-1.031250000000000000e+00
-4.394531250000000000e-01
-5.820312500000000000e-01
-1.000000000000000000e+00
-6.601562500000000000e-01
-1.179687500000000000e+00
-7.187500000000000000e-01
1.000000000000000000e+00
7.382812500000000000e-01
-8.554687500000000000e-01
-1.070312500000000000e+00
-3.750000000000000000e-01
-1.335937500000000000e+00
-1.437500000000000000e+00
-8.750000000000000000e-01
-7.695312500000000000e-01
9.843750000000000000e-01
-7.812500000000000000e-01
-1.820312500000000000e+00
1.195312500000000000e+00
-1.750000000000000000e+00
1.242187500000000000e+00
9.101562500000000000e-01
3.417968750000000000e-01
-1.273437500000000000e+00
-1.259765625000000000e-01
-7.929687500000000000e-01
2.021484375000000000e-01
-5.664062500000000000e-01
3.437500000000000000e-01
1.000000000000000000e+00
-9.335937500000000000e-01
-8.945312500000000000e-01
1.226562500000000000e+00
1.195312500000000000e+00
-1.562500000000000000e+00
7.304687500000000000e-01
-8.398437500000000000e-01
1.601562500000000000e+00
8.281250000000000000e-01
2.431640625000000000e-01
1.039062500000000000e+00
2.890625000000000000e-01
1.531250000000000000e+00
1.226562500000000000e+00
8.125000000000000000e-01
1.718750000000000000e+00
4.550781250000000000e-01
2.250000000000000000e+00
-1.320312500000000000e+00
-5.937500000000000000e-01
1.218750000000000000e+00
-5.351562500000000000e-01
5.507812500000000000e-01
-5.039062500000000000e-01
9.687500000000000000e-01
1.210937500000000000e+00
9.687500000000000000e-01
-1.367187500000000000e+00
-1.335937500000000000e+00
7.695312500000000000e-01
7.617187500000000000e-01
-1.125000000000000000e+00
-1.250000000000000000e+00
7.187500000000000000e-01
1.539062500000000000e+00
1.562500000000000000e+00
-3.578125000000000000e+00
-9.648437500000000000e-01
-7.851562500000000000e-01
6.289062500000000000e-01
9.726562500000000000e-01
-1.414062500000000000e+00
5.781250000000000000e-01
1.187500000000000000e+00
1.601562500000000000e+00
2.062500000000000000e+00
-2.015625000000000000e+00
-3.453125000000000000e+00
8.203125000000000000e-02
-2.531250000000000000e+00
-1.625000000000000000e+00
3.808593750000000000e-02
-1.429687500000000000e+00
1.492187500000000000e+00
1.147460937500000000e-01
6.875000000000000000e-01
-1.281250000000000000e+00
1.718750000000000000e+00
3.710937500000000000e-02
3.671875000000000000e+00
-1.320312500000000000e+00
-1.539062500000000000e+00
-9.687500000000000000e-01
5.195312500000000000e-01
5.541992187500000000e-02
6.523437500000000000e-01
-3.417968750000000000e-01
-1.648437500000000000e+00
2.312500000000000000e+00
-2.500000000000000000e+00
-4.589843750000000000e-01
-4.406250000000000000e+00
-3.691406250000000000e-01
-1.273437500000000000e+00
-3.937500000000000000e+00
1.023437500000000000e+00
1.148437500000000000e+00
-4.531250000000000000e-01
4.296875000000000000e-01
-9.179687500000000000e-01
-2.015625000000000000e+00
1.351562500000000000e+00
6.875000000000000000e-01
-9.414062500000000000e-01
1.273437500000000000e+00
1.414062500000000000e+00
-3.735351562500000000e-02
1.054687500000000000e+00
-7.812500000000000000e-01
7.617187500000000000e-01
-2.197265625000000000e-01
-1.054687500000000000e+00
-1.250000000000000000e+00
1.156250000000000000e+00
1.468750000000000000e+00
-1.171875000000000000e+00
