2.636718750000000000e-01
4.418945312500000000e-02
-1.945312500000000000e+00
1.617187500000000000e+00
-5.000000000000000000e-01
1.476562500000000000e+00
1.601562500000000000e+00
1.187500000000000000e+00
-1.164062500000000000e+00
-1.445312500000000000e+00
1.664062500000000000e+00
1.437500000000000000e+00
2.125000000000000000e+00
6.054687500000000000e-01
1.500000000000000000e+00
9.335937500000000000e-01
-6.914062500000000000e-01
1.164062500000000000e+00
1.218750000000000000e+00
-1.335937500000000000e+00
-3.730468750000000000e-01
2.953125000000000000e+00
-5.031250000000000000e+00
-8.125000000000000000e-01
1.312500000000000000e+00
7.773437500000000000e-01
-3.140625000000000000e+00
-8.867187500000000000e-01
-4.687500000000000000e-02
-1.343750000000000000e+00
2.015625000000000000e+00
1.750000000000000000e+00
1.710937500000000000e+00
-6.875000000000000000e-01
-1.069335937500000000e-01
-1.750000000000000000e+00
1.328125000000000000e+00
-6.835937500000000000e-01
4.160156250000000000e-01
-1.476562500000000000e+00
-3.496093750000000000e-01
2.484375000000000000e+00
1.078125000000000000e+00
-6.367187500000000000e-01
-1.539062500000000000e+00
1.664062500000000000e+00
1.398437500000000000e+00
-1.865234375000000000e-01
1.398437500000000000e+00
1.437500000000000000e+00
-6.601562500000000000e-01
-1.554687500000000000e+00
2.000000000000000000e+00
-1.265625000000000000e+00
1.539062500000000000e+00
1.039062500000000000e+00
-7.656250000000000000e-01
-2.015625000000000000e+00
2.734375000000000000e-01
1.101562500000000000e+00
-1.195312500000000000e+00
1.375000000000000000e+00
-3.339843750000000000e-01
2.562500000000000000e+00
2.062500000000000000e+00
-2.080078125000000000e-01
1.648437500000000000e+00
-3.457031250000000000e-01
-1.767578125000000000e-01
1.085937500000000000e+00
-1.835937500000000000e+00
2.062500000000000000e+00
-7.714843750000000000e-02
-1.632812500000000000e+00
2.640625000000000000e+00
4.589843750000000000e-01
2.625000000000000000e+00
1.687500000000000000e+00
2.234375000000000000e+00
2.294921875000000000e-01
2.875000000000000000e+00
1.250000000000000000e+00
-1.460937500000000000e+00
-1.148437500000000000e+00
-2.515625000000000000e+00
1.656250000000000000e+00
7.304687500000000000e-01
1.789062500000000000e+00
1.070312500000000000e+00
-2.156250000000000000e+00
-9.804687500000000000e-01
9.804687500000000000e-01
-2.046875000000000000e+00
-2.343750000000000000e-01
1.156250000000000000e+00
-1.023437500000000000e+00
2.000000000000000000e+00
1.335937500000000000e+00
-4.238281250000000000e-01
1.335937500000000000e+00
1.429687500000000000e+00
-1.781250000000000000e+00
-1.382812500000000000e+00
1.992187500000000000e+00
2.109375000000000000e+00
2.234375000000000000e+00
-1.962890625000000000e-01
2.125000000000000000e+00
-1.218750000000000000e+00
-6.289062500000000000e-01
2.562500000000000000e+00
-2.519531250000000000e-01
1.601562500000000000e+00
-1.148437500000000000e+00
-9.062500000000000000e-01
2.484375000000000000e+00
1.687500000000000000e+00
-1.375000000000000000e+00
-1.507812500000000000e+00
-5.703125000000000000e-01
-1.210937500000000000e+00
-1.375000000000000000e+00
-4.707031250000000000e-01
1.875000000000000000e+00
1.625000000000000000e+00
9.687500000000000000e-01
2.109375000000000000e+00
2.437500000000000000e+00
1.835937500000000000e+00
1.171875000000000000e+00
2.078125000000000000e+00
9.492187500000000000e-01
1.179687500000000000e+00
-1.234375000000000000e+00
-1.960937500000000000e+00
-5.781250000000000000e-01
-4.472656250000000000e-01
1.492187500000000000e+00
2.015625000000000000e+00
-1.625000000000000000e+00
-8.242187500000000000e-01
2.250000000000000000e+00
2.390625000000000000e+00
1.054687500000000000e+00
2.062500000000000000e+00
-6.835937500000000000e-01
1.117187500000000000e+00
-1.210937500000000000e+00
1.781250000000000000e+00
2.125000000000000000e+00
5.312500000000000000e-01
-3.808593750000000000e-01
-1.250000000000000000e+00
3.242187500000000000e-01
-1.257812500000000000e+00
-2.015625000000000000e+00
-7.070312500000000000e-01
-9.179687500000000000e-01
4.199218750000000000e-01
-8.710937500000000000e-01
-7.343750000000000000e-01
-1.218750000000000000e+00
9.375000000000000000e-01
-2.734375000000000000e+00
-3.847656250000000000e-01
2.250000000000000000e+00
-1.351562500000000000e+00
-2.753906250000000000e-01
2.437500000000000000e+00
-1.343750000000000000e+00
1.351562500000000000e+00
-1.367187500000000000e+00
2.640625000000000000e+00
1.835937500000000000e+00
-2.392578125000000000e-01
2.078125000000000000e+00
-3.886718750000000000e-01
2.453125000000000000e+00
1.914062500000000000e+00
1.718750000000000000e+00
-6.494140625000000000e-02
1.976562500000000000e+00
-1.601562500000000000e-01
-8.125000000000000000e-01
6.289062500000000000e-01
2.546875000000000000e+00
1.585937500000000000e+00
8.906250000000000000e-01
-5.156250000000000000e-01
1.039062500000000000e+00
1.960937500000000000e+00
-9.570312500000000000e-01
1.539062500000000000e+00
2.468750000000000000e+00
1.343750000000000000e+00
-7.070312500000000000e-01
3.417968750000000000e-01
-1.210937500000000000e+00
-1.351562500000000000e+00
-1.000000000000000000e+00
8.554687500000000000e-01
-1.787109375000000000e-01
-9.814453125000000000e-02
-2.597656250000000000e-01
2.910156250000000000e-01
1.601562500000000000e+00
-3.906250000000000000e-01
-1.468750000000000000e+00
1.562500000000000000e+00
1.273437500000000000e+00
-1.117187500000000000e+00
1.460937500000000000e+00
-1.179687500000000000e+00
1.835937500000000000e+00
-2.460937500000000000e-01
2.578125000000000000e+00
6.210937500000000000e-01
1.835937500000000000e+00
6.289062500000000000e-01
-1.187500000000000000e+00
-1.234375000000000000e+00
2.421875000000000000e-01
9.414062500000000000e-01
-1.357421875000000000e-01
-3.078125000000000000e+00
-1.539062500000000000e+00
-9.375000000000000000e-01
-1.851562500000000000e+00
-1.234375000000000000e+00
2.187500000000000000e+00
-9.882812500000000000e-01
1.101562500000000000e+00
1.015625000000000000e-01
2.968750000000000000e-01
-4.589843750000000000e-01
-1.351562500000000000e+00
-6.030273437500000000e-02
1.773437500000000000e+00
-1.976562500000000000e+00
-1.148437500000000000e+00
2.265625000000000000e+00
1.101562500000000000e+00
1.179687500000000000e+00
3.535156250000000000e-01
-3.847656250000000000e-01
-1.226562500000000000e+00
-8.867187500000000000e-01
-4.843750000000000000e-01
-1.039062500000000000e+00
-1.500000000000000000e+00
-2.812500000000000000e+00
-1.273437500000000000e+00
1.085937500000000000e+00
-1.187500000000000000e+00
1.843750000000000000e+00
1.585937500000000000e+00
-1.585937500000000000e+00
-1.460937500000000000e+00
-4.316406250000000000e-01
-4.003906250000000000e-01
-9.648437500000000000e-01
-8.554687500000000000e-01
-1.164062500000000000e+00
-2.099609375000000000e-01
1.218750000000000000e+00
7.187500000000000000e-01
-8.593750000000000000e-01
-1.132812500000000000e+00
-3.769531250000000000e-01
-1.375000000000000000e+00
-1.687500000000000000e+00
-7.929687500000000000e-01
-8.281250000000000000e-01
1.328125000000000000e+00
-8.007812500000000000e-01
-1.789062500000000000e+00
1.835937500000000000e+00
-5.859375000000000000e-01
1.710937500000000000e+00
1.648437500000000000e+00
1.070312500000000000e+00
-1.320312500000000000e+00
-2.255859375000000000e-01
-8.554687500000000000e-01
2.001953125000000000e-01
-6.484375000000000000e-01
6.992187500000000000e-01
1.460937500000000000e+00
-9.804687500000000000e-01
-1.039062500000000000e+00
1.507812500000000000e+00
1.710937500000000000e+00
-2.281250000000000000e+00
9.101562500000000000e-01
-8.632812500000000000e-01
2.015625000000000000e+00
1.320312500000000000e+00
2.001953125000000000e-01
1.414062500000000000e+00
4.531250000000000000e-01
1.695312500000000000e+00
1.101562500000000000e+00
1.976562500000000000e+00
2.328125000000000000e+00
9.882812500000000000e-01
2.703125000000000000e+00
-1.351562500000000000e+00
1.875000000000000000e-01
1.289062500000000000e+00
-4.062500000000000000e-01
9.960937500000000000e-01
-5.625000000000000000e-01
1.289062500000000000e+00
1.710937500000000000e+00
1.414062500000000000e+00
-1.382812500000000000e+00
-1.296875000000000000e+00
1.398437500000000000e+00
1.250000000000000000e+00
-1.351562500000000000e+00
-1.398437500000000000e+00
1.296875000000000000e+00
2.234375000000000000e+00
1.812500000000000000e+00
-3.359375000000000000e+00
-1.000000000000000000e+00
-5.859375000000000000e-01
5.273437500000000000e-01
1.312500000000000000e+00
-1.523437500000000000e+00
8.632812500000000000e-01
1.539062500000000000e+00
2.218750000000000000e+00
2.328125000000000000e+00
-2.359375000000000000e+00
-3.500000000000000000e+00
-5.706787109375000000e-03
-1.414062500000000000e+00
-1.523437500000000000e+00
5.395507812500000000e-02
-1.625000000000000000e+00
2.171875000000000000e+00
7.929687500000000000e-01
1.101562500000000000e+00
-1.289062500000000000e+00
2.515625000000000000e+00
9.814453125000000000e-02
3.312500000000000000e+00
-1.304687500000000000e+00
-1.617187500000000000e+00
-9.570312500000000000e-01
1.101562500000000000e+00
-8.544921875000000000e-03
1.476562500000000000e+00
-3.417968750000000000e-01
-1.296875000000000000e+00
1.835937500000000000e+00
-1.812500000000000000e+00
-4.531250000000000000e-01
-4.531250000000000000e+00
-4.707031250000000000e-01
-1.500000000000000000e+00
-3.390625000000000000e+00
1.664062500000000000e+00
1.562500000000000000e+00
-4.980468750000000000e-01
8.867187500000000000e-01
-1.226562500000000000e+00
-2.328125000000000000e+00
1.992187500000000000e+00
1.304687500000000000e+00
-8.632812500000000000e-01
1.789062500000000000e+00
2.296875000000000000e+00
-5.688476562500000000e-02
1.539062500000000000e+00
-7.539062500000000000e-01
1.031250000000000000e+00
-7.812500000000000000e-03
-1.085937500000000000e+00
-1.281250000000000000e+00
1.664062500000000000e+00
9.882812500000000000e-01
-1.196289062500000000e-01
