1.810000000000000000e+02
-1.575000000000000000e+01
-2.312500000000000000e+01
4.675000000000000000e+01
-1.281250000000000000e+01
-1.987500000000000000e+01
1.750000000000000000e+01
3.625000000000000000e+01
-1.331250000000000000e+01
-6.625000000000000000e+00
2.412500000000000000e+01
4.843750000000000000e+00
2.390625000000000000e+00
6.000000000000000000e+00
4.200000000000000000e+01
2.512500000000000000e+01
-2.687500000000000000e+01
3.037500000000000000e+01
1.570000000000000000e+02
4.628906250000000000e-01
-1.725000000000000000e+01
-5.750000000000000000e+00
1.225000000000000000e+02
-8.000000000000000000e+00
3.600000000000000000e+01
3.625000000000000000e+01
1.080000000000000000e+02
-1.300000000000000000e+01
4.687500000000000000e-01
-2.500000000000000000e+01
8.400000000000000000e+01
-3.300000000000000000e+01
4.725000000000000000e+01
-2.662500000000000000e+01
5.703125000000000000e-01
-1.275000000000000000e+01
-6.125000000000000000e+00
-2.234375000000000000e+00
4.150000000000000000e+01
-1.737500000000000000e+01
-1.962500000000000000e+01
7.550000000000000000e+01
-8.554687500000000000e-01
-1.962500000000000000e+01
-1.281250000000000000e+01
6.156250000000000000e+00
7.468750000000000000e+00
-2.562500000000000000e+01
-1.100000000000000000e+01
8.800000000000000000e+01
-2.921875000000000000e+00
-3.875000000000000000e+00
-2.037500000000000000e+01
-1.750000000000000000e+01
5.125000000000000000e+01
1.205000000000000000e+02
-3.675000000000000000e+01
1.790000000000000000e+02
-4.906250000000000000e+00
2.612500000000000000e+01
-8.687500000000000000e+00
8.320312500000000000e-01
4.140625000000000000e-01
4.225000000000000000e+01
9.187500000000000000e+00
-2.437500000000000000e+01
7.750000000000000000e+01
-2.237500000000000000e+01
-1.150000000000000000e+01
-4.675000000000000000e+01
1.179687500000000000e+00
-1.875000000000000000e+01
-4.125000000000000000e+00
-3.700000000000000000e+01
-2.387500000000000000e+01
-2.912500000000000000e+01
4.375000000000000000e+01
5.781250000000000000e+00
3.675000000000000000e+01
1.476562500000000000e+00
5.218750000000000000e+00
3.475000000000000000e+01
-1.887500000000000000e+01
-7.625000000000000000e+00
-2.887500000000000000e+01
-1.375000000000000000e+01
1.290000000000000000e+02
6.950000000000000000e+01
3.000000000000000000e+01
-8.437500000000000000e+00
-8.250000000000000000e+00
-2.587500000000000000e+01
-3.037500000000000000e+01
9.619140625000000000e-02
-2.900000000000000000e+01
-1.612500000000000000e+01
1.840000000000000000e+02
4.150000000000000000e+01
-1.118750000000000000e+01
-4.812500000000000000e+00
1.115000000000000000e+02
-9.750000000000000000e+00
-1.368750000000000000e+01
2.359375000000000000e+00
9.750000000000000000e+01
4.600000000000000000e+01
-5.593750000000000000e+00
-2.792968750000000000e-01
-6.468750000000000000e+00
-3.859375000000000000e+00
7.950000000000000000e+01
-2.050000000000000000e+01
-1.075000000000000000e+01
-7.406250000000000000e+00
-7.968750000000000000e+00
3.037500000000000000e+01
-7.750000000000000000e+01
-1.200000000000000000e+01
-9.062500000000000000e+00
-4.968750000000000000e+00
-1.812500000000000000e+01
-5.468750000000000000e+00
-2.262500000000000000e+01
2.550000000000000000e+01
-1.025000000000000000e+01
5.200000000000000000e+01
1.987500000000000000e+01
1.065000000000000000e+02
4.825000000000000000e+01
-1.100000000000000000e+01
-8.937500000000000000e+00
-4.700000000000000000e+01
1.850000000000000000e+01
-1.775000000000000000e+01
1.610000000000000000e+02
-1.168750000000000000e+01
-5.625000000000000000e+00
7.650000000000000000e+01
1.912500000000000000e+01
-2.137500000000000000e+01
1.250000000000000000e+00
-1.887500000000000000e+01
4.600000000000000000e+01
2.037500000000000000e+01
3.725000000000000000e+01
-1.281250000000000000e+01
1.235000000000000000e+02
-2.912500000000000000e+01
5.400000000000000000e+01
4.100000000000000000e+01
1.730000000000000000e+02
-1.800000000000000000e+01
-1.150000000000000000e+01
2.162500000000000000e+01
-1.206250000000000000e+01
1.205000000000000000e+02
-2.237500000000000000e+01
-4.062500000000000000e+00
-1.043750000000000000e+01
-1.700000000000000000e+01
-1.179687500000000000e+00
5.200000000000000000e+01
2.650000000000000000e+01
1.160000000000000000e+02
-2.984375000000000000e+00
8.550000000000000000e+01
-4.718750000000000000e+00
-2.392578125000000000e-01
1.757812500000000000e+00
-1.862500000000000000e+01
4.125000000000000000e+00
1.937500000000000000e+00
4.775000000000000000e+01
6.125000000000000000e+01
-1.762500000000000000e+01
4.875000000000000000e+01
4.316406250000000000e-01
1.550000000000000000e+01
-7.343750000000000000e+00
4.425000000000000000e+01
9.850000000000000000e+01
5.725000000000000000e+01
-3.425000000000000000e+01
-8.437500000000000000e+00
-4.275000000000000000e+01
1.015000000000000000e+02
1.281250000000000000e+01
3.687500000000000000e+00
-2.237500000000000000e+01
6.000000000000000000e+00
4.050000000000000000e+01
-9.062500000000000000e+00
7.000000000000000000e+01
4.425000000000000000e+01
2.000000000000000000e+01
1.440000000000000000e+02
1.875000000000000000e+00
1.690000000000000000e+02
-8.812500000000000000e+00
-5.968750000000000000e+00
3.437500000000000000e+00
1.255000000000000000e+02
-5.750000000000000000e+00
-2.437500000000000000e+01
-2.796875000000000000e+00
9.350000000000000000e+01
-4.275000000000000000e+01
-1.812500000000000000e+01
4.225000000000000000e+01
6.400000000000000000e+01
-1.218750000000000000e+01
6.400000000000000000e+01
-1.143750000000000000e+01
6.500000000000000000e+00
-1.175000000000000000e+01
9.350000000000000000e+01
1.065000000000000000e+02
2.600000000000000000e+01
-7.650000000000000000e+01
1.700000000000000000e+02
-2.531250000000000000e+00
-3.125000000000000000e+00
1.081250000000000000e+01
-3.171875000000000000e+00
1.290000000000000000e+02
-1.481250000000000000e+01
-3.546875000000000000e+00
-1.293750000000000000e+01
8.650000000000000000e+01
-7.531250000000000000e+00
-1.318750000000000000e+01
1.510000000000000000e+02
1.520000000000000000e+02
-2.343750000000000000e-01
-4.343750000000000000e+00
-8.437500000000000000e+00
-3.325000000000000000e+01
1.612500000000000000e+01
-1.850000000000000000e+01
-3.546875000000000000e+00
1.962500000000000000e+01
-1.593750000000000000e+00
-6.750000000000000000e+01
-1.481250000000000000e+01
-7.031250000000000000e+00
-2.171875000000000000e+00
-7.187500000000000000e-01
-9.187500000000000000e+00
-7.968750000000000000e-01
-1.093750000000000000e+01
1.710000000000000000e+02
-1.725000000000000000e+01
1.510000000000000000e+02
-7.250000000000000000e+00
2.687500000000000000e+01
-7.375000000000000000e+00
-2.200000000000000000e+01
-3.275000000000000000e+01
-2.162500000000000000e+01
-3.137500000000000000e+01
-4.000000000000000000e+01
-2.212500000000000000e+01
-6.125000000000000000e+00
-1.887500000000000000e+01
-2.562500000000000000e+01
-5.585937500000000000e-01
-2.487500000000000000e+01
-3.187500000000000000e+00
-4.316406250000000000e-01
-8.562500000000000000e+00
-1.131250000000000000e+01
-5.468750000000000000e+00
-1.762500000000000000e+01
2.800000000000000000e+01
-4.156250000000000000e+00
9.850000000000000000e+01
6.100000000000000000e+01
1.600000000000000000e+02
2.462500000000000000e+01
6.950000000000000000e+01
4.275000000000000000e+01
-8.312500000000000000e+00
-2.950000000000000000e+01
-3.703125000000000000e+00
-1.862500000000000000e+01
-1.507812500000000000e+00
4.625000000000000000e+01
2.350000000000000000e+01
-6.601562500000000000e-01
-1.612500000000000000e+01
2.359375000000000000e+00
2.362500000000000000e+01
-9.312500000000000000e+00
-2.262500000000000000e+01
-1.081250000000000000e+01
2.437500000000000000e+01
5.500000000000000000e+01
-2.762500000000000000e+01
4.725000000000000000e+01
-8.062500000000000000e+00
7.031250000000000000e-01
-1.650000000000000000e+01
1.245000000000000000e+02
5.400000000000000000e+01
4.725000000000000000e+01
1.018750000000000000e+01
-7.343750000000000000e-01
1.340000000000000000e+02
3.339843750000000000e-01
-1.181250000000000000e+01
4.275000000000000000e+01
-1.493750000000000000e+01
-3.050000000000000000e+01
4.925000000000000000e+01
1.425000000000000000e+01
-2.637500000000000000e+01
-9.187500000000000000e+00
7.450000000000000000e+01
4.400000000000000000e+01
-6.906250000000000000e+00
-1.518750000000000000e+01
5.525000000000000000e+01
3.450000000000000000e+01
1.875000000000000000e+00
8.050000000000000000e+01
-2.162500000000000000e+01
-2.625000000000000000e+00
-2.587500000000000000e+01
3.328125000000000000e+00
-2.462500000000000000e+01
7.000000000000000000e+00
7.531250000000000000e+00
1.912500000000000000e+01
-1.085937500000000000e+00
-1.543750000000000000e+01
1.380000000000000000e+02
-9.562500000000000000e+00
1.650000000000000000e+02
3.525000000000000000e+01
-2.862500000000000000e+01
-2.890625000000000000e+00
4.000000000000000000e+01
2.850000000000000000e+01
4.925000000000000000e+01
-5.218750000000000000e+00
6.650000000000000000e+01
-2.600000000000000000e+01
-3.425000000000000000e+01
-1.006250000000000000e+01
2.950000000000000000e+01
-1.612500000000000000e+01
6.125000000000000000e+01
-2.287500000000000000e+01
9.350000000000000000e+01
-1.600000000000000000e+01
5.525000000000000000e+01
-3.100000000000000000e+01
8.050000000000000000e+01
-2.762500000000000000e+01
1.175000000000000000e+02
-7.156250000000000000e+00
-3.750000000000000000e+00
1.120000000000000000e+02
6.750000000000000000e+01
3.640625000000000000e+00
-1.037500000000000000e+01
5.125000000000000000e+01
-1.804687500000000000e+00
-3.162500000000000000e+01
4.325000000000000000e+01
6.500000000000000000e+01
-1.525000000000000000e+01
2.200000000000000000e+01
1.200000000000000000e+02
-1.762500000000000000e+01
3.000000000000000000e+01
-3.350000000000000000e+01
7.843750000000000000e+00
-8.062500000000000000e+00
-2.203125000000000000e+00
-2.912500000000000000e+01
4.800000000000000000e+01
-1.912500000000000000e+01
1.265000000000000000e+02
