7.250000000000000000e+00
-3.769531250000000000e-01
-3.171875000000000000e+00
3.828125000000000000e+00
1.533203125000000000e-01
1.812500000000000000e+00
3.390625000000000000e+00
3.046875000000000000e+00
-1.976562500000000000e+00
-1.085937500000000000e+00
3.484375000000000000e+00
2.203125000000000000e+00
3.171875000000000000e+00
1.320312500000000000e+00
3.625000000000000000e+00
2.703125000000000000e+00
-2.828125000000000000e+00
3.000000000000000000e+00
7.906250000000000000e+00
-2.421875000000000000e+00
-6.494140625000000000e-02
3.140625000000000000e+00
-1.468750000000000000e+00
-1.539062500000000000e+00
3.171875000000000000e+00
2.546875000000000000e+00
4.941406250000000000e-01
4.667968750000000000e-01
-3.105468750000000000e-01
-2.421875000000000000e+00
5.718750000000000000e+00
1.796875000000000000e-01
4.125000000000000000e+00
-1.382812500000000000e+00
1.523437500000000000e-01
-1.429687500000000000e+00
1.351562500000000000e+00
-1.015625000000000000e+00
2.250000000000000000e+00
-3.734375000000000000e+00
5.898437500000000000e-01
6.031250000000000000e+00
1.460937500000000000e+00
-1.804687500000000000e+00
1.250000000000000000e-01
3.078125000000000000e+00
1.914062500000000000e+00
-2.234375000000000000e+00
1.187500000000000000e+00
4.843750000000000000e+00
-1.289062500000000000e+00
-1.351562500000000000e+00
2.062500000000000000e+00
-2.312500000000000000e+00
4.093750000000000000e+00
5.968750000000000000e+00
-2.875000000000000000e+00
3.609375000000000000e+00
3.437500000000000000e-01
2.734375000000000000e+00
-2.078125000000000000e+00
2.359375000000000000e+00
-5.468750000000000000e-01
5.406250000000000000e+00
3.234375000000000000e+00
-1.265625000000000000e+00
4.906250000000000000e+00
-1.179687500000000000e+00
-1.250000000000000000e+00
1.320312500000000000e+00
-1.585937500000000000e+00
3.312500000000000000e+00
-9.179687500000000000e-01
-2.703125000000000000e+00
2.578125000000000000e+00
-1.562500000000000000e+00
5.281250000000000000e+00
2.734375000000000000e+00
4.718750000000000000e+00
6.132812500000000000e-01
4.093750000000000000e+00
3.375000000000000000e+00
-1.687500000000000000e+00
-1.375000000000000000e+00
-4.750000000000000000e+00
2.265625000000000000e+00
6.406250000000000000e+00
4.781250000000000000e+00
2.812500000000000000e+00
-4.902343750000000000e-01
-1.773437500000000000e+00
5.156250000000000000e-01
-5.625000000000000000e+00
-6.523437500000000000e-01
1.533203125000000000e-01
-1.875000000000000000e+00
1.018750000000000000e+01
3.296875000000000000e+00
1.437500000000000000e+00
1.687500000000000000e+00
6.093750000000000000e+00
-5.351562500000000000e-01
-2.203125000000000000e+00
2.625000000000000000e+00
6.343750000000000000e+00
5.093750000000000000e+00
-4.628906250000000000e-01
2.656250000000000000e+00
-4.160156250000000000e-01
-1.468750000000000000e+00
6.343750000000000000e+00
-3.906250000000000000e-03
7.656250000000000000e-01
-3.437500000000000000e+00
-7.812500000000000000e-01
5.093750000000000000e+00
-1.242187500000000000e+00
-2.625000000000000000e+00
-5.507812500000000000e-01
-5.820312500000000000e-01
-2.375000000000000000e+00
-1.591796875000000000e-01
-1.000000000000000000e+00
3.937500000000000000e+00
2.140625000000000000e+00
3.171875000000000000e+00
3.796875000000000000e+00
7.125000000000000000e+00
4.281250000000000000e+00
1.539062500000000000e+00
2.109375000000000000e+00
-6.914062500000000000e-01
2.828125000000000000e+00
-1.898437500000000000e+00
1.812500000000000000e+00
-1.687500000000000000e+00
-1.101562500000000000e+00
4.968750000000000000e+00
3.625000000000000000e+00
-2.734375000000000000e+00
-8.085937500000000000e-01
1.664062500000000000e+00
5.343750000000000000e+00
2.703125000000000000e+00
4.468750000000000000e+00
-7.070312500000000000e-01
6.656250000000000000e+00
-1.445312500000000000e+00
4.718750000000000000e+00
4.843750000000000000e+00
6.843750000000000000e+00
1.298828125000000000e-01
-1.429687500000000000e+00
1.835937500000000000e+00
-4.418945312500000000e-02
2.296875000000000000e+00
-1.156250000000000000e+00
-1.343750000000000000e+00
1.117187500000000000e+00
-7.304687500000000000e-01
-1.648437500000000000e+00
-1.455078125000000000e-01
2.328125000000000000e+00
-3.144531250000000000e-01
-7.851562500000000000e-01
6.156250000000000000e+00
-1.507812500000000000e+00
-2.988281250000000000e-01
2.921875000000000000e+00
-2.312500000000000000e+00
2.203125000000000000e+00
-2.359375000000000000e+00
5.625000000000000000e+00
4.687500000000000000e+00
-3.984375000000000000e-01
4.531250000000000000e+00
-1.196289062500000000e-01
4.093750000000000000e+00
2.125000000000000000e+00
4.031250000000000000e+00
4.031250000000000000e+00
4.750000000000000000e+00
-1.710937500000000000e+00
-2.062500000000000000e+00
-1.503906250000000000e-01
7.156250000000000000e+00
2.953125000000000000e+00
1.351562500000000000e+00
-3.222656250000000000e-01
2.109375000000000000e+00
4.156250000000000000e+00
-9.570312500000000000e-01
4.156250000000000000e+00
5.125000000000000000e+00
2.828125000000000000e+00
4.656250000000000000e+00
4.863281250000000000e-01
4.968750000000000000e+00
-8.007812500000000000e-01
-3.964843750000000000e-01
1.562500000000000000e+00
4.625000000000000000e+00
-2.031250000000000000e-01
-8.593750000000000000e-02
7.031250000000000000e-01
4.937500000000000000e+00
-3.171875000000000000e+00
-9.257812500000000000e-01
4.000000000000000000e+00
3.890625000000000000e+00
-1.476562500000000000e+00
4.406250000000000000e+00
-4.062500000000000000e-01
2.875000000000000000e+00
1.513671875000000000e-01
7.156250000000000000e+00
4.875000000000000000e+00
4.093750000000000000e+00
2.636718750000000000e-01
5.156250000000000000e+00
-1.320312500000000000e+00
1.132812500000000000e+00
1.898437500000000000e+00
-8.125000000000000000e-01
1.070312500000000000e+00
-2.125000000000000000e+00
-2.296875000000000000e+00
-9.023437500000000000e-01
2.171875000000000000e+00
3.328125000000000000e+00
-1.750000000000000000e+00
7.250000000000000000e+00
5.875000000000000000e+00
5.507812500000000000e-01
-8.007812500000000000e-01
1.298828125000000000e-01
-1.109375000000000000e+00
3.734375000000000000e+00
-3.671875000000000000e+00
5.297851562500000000e-02
4.281250000000000000e+00
4.824218750000000000e-01
-2.796875000000000000e+00
2.734375000000000000e+00
-7.187500000000000000e-01
-1.375000000000000000e+00
-1.787109375000000000e-01
2.265625000000000000e-01
-1.937500000000000000e+00
-3.393554687500000000e-02
3.109375000000000000e+00
-2.000000000000000000e+00
7.875000000000000000e+00
-6.679687500000000000e-01
3.546875000000000000e+00
2.750000000000000000e+00
-2.078125000000000000e+00
-3.171875000000000000e+00
-5.234375000000000000e-01
-4.687500000000000000e-02
-2.234375000000000000e+00
-3.609375000000000000e+00
-1.210937500000000000e+00
2.138671875000000000e-01
1.171875000000000000e+00
8.906250000000000000e-01
-1.656250000000000000e+00
-1.726562500000000000e+00
-9.726562500000000000e-01
-1.435546875000000000e-01
-1.226562500000000000e+00
-5.820312500000000000e-01
-1.250000000000000000e+00
3.046875000000000000e+00
-1.398437500000000000e+00
9.375000000000000000e-01
4.750000000000000000e+00
5.156250000000000000e+00
3.812500000000000000e+00
5.156250000000000000e+00
3.703125000000000000e+00
-3.750000000000000000e-01
-2.328125000000000000e+00
-5.898437500000000000e-01
-9.882812500000000000e-01
-1.039062500000000000e+00
2.328125000000000000e+00
3.015625000000000000e+00
-1.695312500000000000e+00
-1.648437500000000000e+00
2.015625000000000000e+00
3.500000000000000000e+00
-5.750000000000000000e+00
7.539062500000000000e-01
-5.859375000000000000e-01
3.453125000000000000e+00
3.515625000000000000e+00
-3.339843750000000000e-01
3.203125000000000000e+00
1.257812500000000000e+00
2.062500000000000000e+00
3.183593750000000000e-01
7.656250000000000000e+00
5.062500000000000000e+00
3.171875000000000000e+00
4.531250000000000000e+00
-8.554687500000000000e-01
5.406250000000000000e+00
9.257812500000000000e-01
-1.320312500000000000e+00
3.203125000000000000e+00
-7.226562500000000000e-01
8.945312500000000000e-01
4.062500000000000000e+00
2.953125000000000000e+00
-1.960937500000000000e+00
-3.637695312500000000e-02
4.687500000000000000e+00
3.453125000000000000e+00
-1.523437500000000000e+00
-1.757812500000000000e+00
3.687500000000000000e+00
4.843750000000000000e+00
2.281250000000000000e+00
-9.492187500000000000e-01
-1.507812500000000000e+00
-5.898437500000000000e-01
1.250000000000000000e-01
2.250000000000000000e+00
-2.359375000000000000e+00
1.742187500000000000e+00
2.421875000000000000e+00
4.218750000000000000e+00
3.046875000000000000e+00
-3.750000000000000000e+00
3.496093750000000000e-01
1.225585937500000000e-01
4.406250000000000000e+00
-7.851562500000000000e-01
-1.976562500000000000e+00
-8.125000000000000000e-01
4.656250000000000000e+00
1.437500000000000000e+00
3.000000000000000000e+00
-9.570312500000000000e-01
5.750000000000000000e+00
1.689453125000000000e-01
2.015625000000000000e+00
-5.195312500000000000e-01
-1.351562500000000000e+00
5.737304687500000000e-02
3.546875000000000000e+00
-1.718750000000000000e-01
5.312500000000000000e+00
-1.054687500000000000e+00
2.656250000000000000e-01
2.265625000000000000e-01
1.492187500000000000e+00
-1.101562500000000000e+00
-1.554687500000000000e+00
-2.812500000000000000e-01
-2.859375000000000000e+00
6.132812500000000000e-01
4.875000000000000000e+00
2.593750000000000000e+00
-9.687500000000000000e-01
2.984375000000000000e+00
-1.054687500000000000e+00
-3.671875000000000000e+00
4.187500000000000000e+00
4.656250000000000000e+00
2.001953125000000000e-01
3.484375000000000000e+00
7.500000000000000000e+00
-3.378906250000000000e-01
3.609375000000000000e+00
-2.828125000000000000e+00
2.046875000000000000e+00
1.773437500000000000e+00
-1.218750000000000000e+00
-2.109375000000000000e+00
4.250000000000000000e+00
-1.281250000000000000e+00
4.468750000000000000e+00
