3.203125000000000000e+00
5.590820312500000000e-02
-2.875000000000000000e+00
2.687500000000000000e+00
-1.023437500000000000e+00
6.982421875000000000e-02
1.937500000000000000e+00
1.835937500000000000e+00
-1.835937500000000000e+00
-2.015625000000000000e+00
2.312500000000000000e+00
2.250000000000000000e+00
2.703125000000000000e+00
9.414062500000000000e-01
2.421875000000000000e+00
1.437500000000000000e+00
-2.093750000000000000e+00
2.078125000000000000e+00
3.703125000000000000e+00
-4.785156250000000000e-01
-5.351562500000000000e-01
1.875000000000000000e+00
-4.312500000000000000e+00
-8.789062500000000000e-01
2.390625000000000000e+00
1.789062500000000000e+00
-2.921875000000000000e+00
-1.218750000000000000e+00
1.070312500000000000e+00
-2.484375000000000000e+00
3.625000000000000000e+00
-5.312500000000000000e-01
3.078125000000000000e+00
-1.265625000000000000e+00
-9.531250000000000000e-01
-1.882812500000000000e+00
-7.617187500000000000e-02
7.568359375000000000e-02
1.039062500000000000e+00
-4.375000000000000000e-01
-6.835937500000000000e-01
4.156250000000000000e+00
2.484375000000000000e+00
-1.132812500000000000e+00
-2.453125000000000000e+00
1.554687500000000000e+00
1.500000000000000000e+00
5.703125000000000000e-01
5.507812500000000000e-01
2.640625000000000000e+00
3.378906250000000000e-01
-2.046875000000000000e+00
5.820312500000000000e-01
-2.093750000000000000e+00
3.046875000000000000e+00
2.625000000000000000e+00
5.444335937500000000e-02
5.742187500000000000e-01
9.843750000000000000e-01
1.968750000000000000e+00
-2.949218750000000000e-01
1.585937500000000000e+00
7.812500000000000000e-01
3.687500000000000000e+00
2.921875000000000000e+00
-1.474609375000000000e-01
3.250000000000000000e+00
-5.937500000000000000e-01
1.257812500000000000e+00
8.398437500000000000e-01
-2.265625000000000000e+00
1.789062500000000000e+00
8.242187500000000000e-01
-2.234375000000000000e+00
2.015625000000000000e+00
-1.960937500000000000e+00
4.031250000000000000e+00
1.664062500000000000e+00
3.546875000000000000e+00
8.867187500000000000e-01
2.953125000000000000e+00
1.906250000000000000e+00
-1.437500000000000000e+00
-9.804687500000000000e-01
-3.062500000000000000e+00
8.085937500000000000e-01
2.171875000000000000e+00
3.046875000000000000e+00
1.398437500000000000e+00
-3.109375000000000000e+00
-2.558593750000000000e-01
2.265625000000000000e+00
-3.203125000000000000e+00
8.476562500000000000e-01
-5.507812500000000000e-01
-2.437500000000000000e+00
5.218750000000000000e+00
2.359375000000000000e+00
-1.726562500000000000e+00
1.039062500000000000e+00
2.953125000000000000e+00
-2.140625000000000000e+00
-2.203125000000000000e+00
1.914062500000000000e+00
3.578125000000000000e+00
3.640625000000000000e+00
-6.484375000000000000e-01
1.585937500000000000e+00
-1.257812500000000000e+00
4.062500000000000000e-01
4.156250000000000000e+00
-1.539062500000000000e+00
5.703125000000000000e-01
-7.656250000000000000e-01
-1.320312500000000000e+00
3.875000000000000000e+00
-6.992187500000000000e-01
-1.617187500000000000e+00
-1.468750000000000000e+00
-1.117187500000000000e+00
-2.437500000000000000e+00
-2.031250000000000000e+00
-6.640625000000000000e-01
2.453125000000000000e+00
1.289062500000000000e+00
1.460937500000000000e+00
2.921875000000000000e+00
4.250000000000000000e+00
2.953125000000000000e+00
1.156250000000000000e+00
1.101562500000000000e+00
2.177734375000000000e-01
1.789062500000000000e+00
-1.679687500000000000e+00
6.210937500000000000e-01
-2.871093750000000000e-01
3.300781250000000000e-01
2.796875000000000000e+00
3.046875000000000000e+00
-2.515625000000000000e+00
7.812500000000000000e-02
9.570312500000000000e-01
3.500000000000000000e+00
1.351562500000000000e+00
3.078125000000000000e+00
-1.625000000000000000e+00
3.375000000000000000e+00
-8.085937500000000000e-01
2.828125000000000000e+00
3.078125000000000000e+00
3.828125000000000000e+00
-9.375000000000000000e-01
-1.835937500000000000e+00
-5.590820312500000000e-02
-1.429687500000000000e+00
9.130859375000000000e-02
-9.843750000000000000e-01
-3.183593750000000000e-01
-5.981445312500000000e-02
-1.523437500000000000e+00
3.515625000000000000e-01
5.234375000000000000e-01
1.789062500000000000e+00
-1.335937500000000000e+00
9.531250000000000000e-01
3.937500000000000000e+00
-1.914062500000000000e+00
1.728515625000000000e-01
1.875000000000000000e+00
-2.359375000000000000e+00
1.882812500000000000e+00
-1.148437500000000000e+00
4.000000000000000000e+00
3.171875000000000000e+00
1.474609375000000000e-01
3.546875000000000000e+00
7.343750000000000000e-01
2.640625000000000000e+00
4.516601562500000000e-02
2.625000000000000000e+00
1.414062500000000000e+00
3.250000000000000000e+00
3.007812500000000000e-01
3.222656250000000000e-01
1.156250000000000000e+00
4.375000000000000000e+00
2.171875000000000000e+00
1.031250000000000000e+00
-1.437500000000000000e+00
1.367187500000000000e+00
2.703125000000000000e+00
-6.250000000000000000e-01
2.796875000000000000e+00
3.875000000000000000e+00
2.140625000000000000e+00
1.468750000000000000e+00
-2.968750000000000000e-01
6.992187500000000000e-01
-1.648437500000000000e+00
-9.687500000000000000e-01
9.335937500000000000e-01
2.343750000000000000e+00
-7.851562500000000000e-01
-1.406250000000000000e+00
6.835937500000000000e-01
3.125000000000000000e+00
-2.675781250000000000e-01
-1.492187500000000000e+00
2.796875000000000000e+00
2.546875000000000000e+00
-1.726562500000000000e+00
2.828125000000000000e+00
-2.000000000000000000e+00
1.562500000000000000e+00
-1.414062500000000000e+00
4.562500000000000000e+00
3.046875000000000000e+00
2.671875000000000000e+00
-6.367187500000000000e-01
9.375000000000000000e-01
-1.375000000000000000e+00
7.929687500000000000e-01
1.476562500000000000e+00
3.066406250000000000e-01
-1.507812500000000000e+00
-2.468750000000000000e+00
3.088378906250000000e-02
-1.906250000000000000e+00
9.375000000000000000e-02
1.445312500000000000e+00
-1.585937500000000000e+00
4.093750000000000000e+00
2.187500000000000000e+00
-3.750000000000000000e-01
-2.675781250000000000e-01
-1.820312500000000000e+00
-8.320312500000000000e-01
2.046875000000000000e+00
-3.125000000000000000e+00
-1.968750000000000000e+00
3.453125000000000000e+00
6.132812500000000000e-01
-1.687500000000000000e+00
1.357421875000000000e-01
7.851562500000000000e-01
-3.144531250000000000e-01
-4.956054687500000000e-02
-9.375000000000000000e-01
-2.187500000000000000e-01
-1.789062500000000000e+00
-1.312500000000000000e+00
-2.437500000000000000e+00
3.328125000000000000e+00
-1.937500000000000000e+00
2.750000000000000000e+00
7.695312500000000000e-01
-2.515625000000000000e+00
-2.765625000000000000e+00
-1.164062500000000000e+00
-1.195312500000000000e+00
-2.000000000000000000e+00
3.027343750000000000e-01
-1.843750000000000000e+00
-3.750000000000000000e-01
1.468750000000000000e+00
-8.398437500000000000e-02
-1.750000000000000000e+00
-1.132812500000000000e-01
9.492187500000000000e-01
-1.531250000000000000e+00
-8.867187500000000000e-01
-3.593750000000000000e-01
-1.710937500000000000e+00
2.296875000000000000e+00
-3.144531250000000000e-01
-3.750000000000000000e-01
3.296875000000000000e+00
1.929687500000000000e+00
2.484375000000000000e+00
2.671875000000000000e+00
2.406250000000000000e+00
-1.351562500000000000e+00
1.679687500000000000e+00
-1.367187500000000000e+00
1.164062500000000000e+00
-4.628906250000000000e-01
1.507812500000000000e+00
1.992187500000000000e+00
-1.101562500000000000e+00
-1.882812500000000000e+00
1.789062500000000000e+00
2.234375000000000000e+00
-2.046875000000000000e+00
1.406250000000000000e+00
-1.882812500000000000e+00
3.125000000000000000e+00
2.250000000000000000e+00
3.886718750000000000e-01
2.703125000000000000e+00
1.125000000000000000e+00
1.148437500000000000e+00
3.457031250000000000e-01
4.187500000000000000e+00
3.765625000000000000e+00
1.976562500000000000e+00
2.687500000000000000e+00
-1.375000000000000000e+00
1.539062500000000000e+00
5.976562500000000000e-01
3.066406250000000000e-01
2.031250000000000000e+00
5.859375000000000000e-01
1.203125000000000000e+00
2.859375000000000000e+00
1.835937500000000000e+00
-1.960937500000000000e+00
-2.218750000000000000e+00
2.796875000000000000e+00
1.937500000000000000e+00
-1.781250000000000000e+00
-3.015625000000000000e+00
2.250000000000000000e+00
3.203125000000000000e+00
1.507812500000000000e+00
-2.203125000000000000e+00
-1.898437500000000000e+00
1.689453125000000000e-01
7.968750000000000000e-01
1.476562500000000000e+00
-2.484375000000000000e+00
1.507812500000000000e+00
2.484375000000000000e+00
2.375000000000000000e+00
1.773437500000000000e+00
-3.015625000000000000e+00
-3.250000000000000000e+00
3.906250000000000000e-01
1.171875000000000000e+00
1.000976562500000000e-01
-6.601562500000000000e-01
-2.265625000000000000e+00
2.937500000000000000e+00
2.765625000000000000e+00
2.234375000000000000e+00
-1.335937500000000000e+00
4.187500000000000000e+00
-6.787109375000000000e-02
1.054687500000000000e+00
-1.468750000000000000e+00
-4.241943359375000000e-03
-2.000000000000000000e+00
2.109375000000000000e+00
-1.445312500000000000e-01
2.937500000000000000e+00
-5.078125000000000000e-01
4.238281250000000000e-01
-2.949218750000000000e-01
-4.687500000000000000e-01
-1.195312500000000000e+00
-3.796875000000000000e+00
-5.507812500000000000e-01
-3.769531250000000000e-01
-2.031250000000000000e+00
2.828125000000000000e+00
1.789062500000000000e+00
6.054687500000000000e-01
1.335937500000000000e+00
-1.835937500000000000e+00
-2.796875000000000000e+00
3.000000000000000000e+00
2.312500000000000000e+00
-1.273437500000000000e+00
2.421875000000000000e+00
4.218750000000000000e+00
-3.261718750000000000e-01
2.265625000000000000e+00
-9.062500000000000000e-01
1.601562500000000000e+00
-1.904296875000000000e-01
-7.812500000000000000e-01
-2.390625000000000000e+00
2.765625000000000000e+00
-5.200195312500000000e-02
2.031250000000000000e+00
