-8.281250000000000000e-01
-2.478027343750000000e-02
-1.804687500000000000e+00
1.132812500000000000e+00
-4.824218750000000000e-01
9.804687500000000000e-01
1.054687500000000000e+00
7.070312500000000000e-01
-1.093750000000000000e+00
-1.437500000000000000e+00
1.164062500000000000e+00
1.343750000000000000e+00
1.710937500000000000e+00
4.121093750000000000e-01
1.000000000000000000e+00
4.199218750000000000e-01
-2.929687500000000000e-02
7.695312500000000000e-01
2.500000000000000000e-01
-9.570312500000000000e-01
-2.490234375000000000e-01
2.734375000000000000e+00
-5.000000000000000000e+00
-6.210937500000000000e-01
9.257812500000000000e-01
3.847656250000000000e-01
-3.296875000000000000e+00
-8.867187500000000000e-01
2.890625000000000000e-01
-1.226562500000000000e+00
1.335937500000000000e+00
1.679687500000000000e+00
1.281250000000000000e+00
-7.656250000000000000e-01
-3.027343750000000000e-01
-1.523437500000000000e+00
1.132812500000000000e+00
-7.070312500000000000e-01
9.375000000000000000e-02
-7.617187500000000000e-01
-1.640625000000000000e-01
1.820312500000000000e+00
1.093750000000000000e+00
-5.156250000000000000e-01
-1.625000000000000000e+00
1.117187500000000000e+00
1.195312500000000000e+00
1.347656250000000000e-01
1.179687500000000000e+00
8.906250000000000000e-01
-3.730468750000000000e-01
-1.500000000000000000e+00
1.687500000000000000e+00
-8.437500000000000000e-01
1.093750000000000000e+00
1.953125000000000000e-01
-2.441406250000000000e-02
-2.703125000000000000e+00
4.902343750000000000e-01
7.695312500000000000e-01
-9.335937500000000000e-01
9.804687500000000000e-01
-1.000976562500000000e-01
1.898437500000000000e+00
1.601562500000000000e+00
8.056640625000000000e-02
1.007812500000000000e+00
-4.277343750000000000e-01
4.160156250000000000e-01
7.226562500000000000e-01
-1.625000000000000000e+00
1.500000000000000000e+00
3.261718750000000000e-01
-1.687500000000000000e+00
2.453125000000000000e+00
6.171875000000000000e-01
1.914062500000000000e+00
1.210937500000000000e+00
1.593750000000000000e+00
4.062500000000000000e-01
2.312500000000000000e+00
7.460937500000000000e-01
-1.437500000000000000e+00
-9.648437500000000000e-01
-2.140625000000000000e+00
1.242187500000000000e+00
-1.845703125000000000e-01
1.179687500000000000e+00
5.820312500000000000e-01
-2.125000000000000000e+00
-6.523437500000000000e-01
1.046875000000000000e+00
-1.312500000000000000e+00
3.125000000000000000e-02
1.242187500000000000e+00
-8.437500000000000000e-01
5.117187500000000000e-01
8.945312500000000000e-01
-9.257812500000000000e-01
1.000000000000000000e+00
6.445312500000000000e-01
-1.750000000000000000e+00
-1.007812500000000000e+00
1.726562500000000000e+00
1.312500000000000000e+00
1.648437500000000000e+00
-3.203125000000000000e-01
1.812500000000000000e+00
-1.179687500000000000e+00
-3.574218750000000000e-01
1.742187500000000000e+00
-5.273437500000000000e-01
1.414062500000000000e+00
-7.226562500000000000e-01
-6.757812500000000000e-01
1.789062500000000000e+00
1.960937500000000000e+00
-1.226562500000000000e+00
-1.539062500000000000e+00
-4.707031250000000000e-01
-1.257812500000000000e+00
-1.406250000000000000e+00
-2.714843750000000000e-01
1.281250000000000000e+00
1.242187500000000000e+00
4.531250000000000000e-01
1.648437500000000000e+00
1.570312500000000000e+00
1.289062500000000000e+00
8.632812500000000000e-01
1.750000000000000000e+00
7.187500000000000000e-01
7.695312500000000000e-01
-1.093750000000000000e+00
-1.976562500000000000e+00
-2.158203125000000000e-01
-3.085937500000000000e-01
7.382812500000000000e-01
1.679687500000000000e+00
-1.726562500000000000e+00
-7.070312500000000000e-01
1.937500000000000000e+00
1.710937500000000000e+00
5.742187500000000000e-01
1.476562500000000000e+00
-5.039062500000000000e-01
-1.562500000000000000e-02
-9.101562500000000000e-01
1.164062500000000000e+00
1.406250000000000000e+00
-4.218750000000000000e-01
-2.988281250000000000e-01
-1.429687500000000000e+00
-1.445312500000000000e-01
-1.242187500000000000e+00
-2.578125000000000000e+00
-4.687500000000000000e-01
-7.148437500000000000e-01
3.144531250000000000e-01
-1.062500000000000000e+00
-3.261718750000000000e-01
-1.289062500000000000e+00
7.929687500000000000e-01
-2.484375000000000000e+00
-2.001953125000000000e-01
1.562500000000000000e+00
-1.367187500000000000e+00
-1.074218750000000000e-01
2.109375000000000000e+00
-9.804687500000000000e-01
1.054687500000000000e+00
-8.398437500000000000e-01
1.992187500000000000e+00
1.250000000000000000e+00
6.494140625000000000e-02
1.500000000000000000e+00
-1.406250000000000000e-01
1.843750000000000000e+00
1.679687500000000000e+00
1.179687500000000000e+00
-9.375000000000000000e-01
1.367187500000000000e+00
2.500000000000000000e-01
-2.753906250000000000e-01
7.929687500000000000e-01
1.726562500000000000e+00
1.148437500000000000e+00
6.875000000000000000e-01
-9.335937500000000000e-01
7.187500000000000000e-01
1.343750000000000000e+00
-8.164062500000000000e-01
1.039062500000000000e+00
1.882812500000000000e+00
9.804687500000000000e-01
-1.585937500000000000e+00
1.132812500000000000e-01
-2.015625000000000000e+00
-1.406250000000000000e+00
-8.476562500000000000e-01
5.390625000000000000e-01
-1.023437500000000000e+00
-3.281250000000000000e-01
-5.273437500000000000e-01
6.367187500000000000e-01
1.054687500000000000e+00
5.566406250000000000e-02
-1.312500000000000000e+00
1.007812500000000000e+00
7.382812500000000000e-01
-1.195312500000000000e+00
1.007812500000000000e+00
-1.195312500000000000e+00
1.304687500000000000e+00
-5.742187500000000000e-01
1.695312500000000000e+00
-1.357421875000000000e-01
1.273437500000000000e+00
3.515625000000000000e-01
-2.046875000000000000e+00
-1.093750000000000000e+00
4.062500000000000000e-01
5.898437500000000000e-01
1.718750000000000000e-01
-3.421875000000000000e+00
-1.429687500000000000e+00
-4.316406250000000000e-01
-1.687500000000000000e+00
-1.851562500000000000e+00
1.507812500000000000e+00
-8.242187500000000000e-01
-1.562500000000000000e-02
-5.664062500000000000e-01
-6.176757812500000000e-02
-4.843750000000000000e-01
-1.476562500000000000e+00
-2.656250000000000000e-01
1.156250000000000000e+00
-1.960937500000000000e+00
-1.476562500000000000e+00
1.750000000000000000e+00
1.304687500000000000e+00
1.664062500000000000e+00
-3.222656250000000000e-01
-2.304687500000000000e-01
-9.218750000000000000e-01
-8.945312500000000000e-01
-5.429687500000000000e-01
-5.429687500000000000e-01
-1.523437500000000000e+00
-3.421875000000000000e+00
-1.414062500000000000e+00
-1.196289062500000000e-01
-1.210937500000000000e+00
1.367187500000000000e+00
8.750000000000000000e-01
-1.664062500000000000e+00
-1.226562500000000000e+00
-6.601562500000000000e-01
-6.093750000000000000e-01
-9.492187500000000000e-01
-2.773437500000000000e-01
-1.242187500000000000e+00
-7.187500000000000000e-01
9.804687500000000000e-01
5.234375000000000000e-01
-1.007812500000000000e+00
-8.242187500000000000e-01
4.614257812500000000e-02
-1.445312500000000000e+00
-1.093750000000000000e+00
-8.320312500000000000e-01
-9.843750000000000000e-01
1.039062500000000000e+00
-4.375000000000000000e-01
-1.648437500000000000e+00
1.281250000000000000e+00
-1.492187500000000000e+00
1.203125000000000000e+00
9.218750000000000000e-01
4.531250000000000000e-01
-1.328125000000000000e+00
5.312500000000000000e-01
-7.773437500000000000e-01
6.367187500000000000e-01
-3.125000000000000000e-01
4.394531250000000000e-01
9.570312500000000000e-01
-8.867187500000000000e-01
-1.101562500000000000e+00
1.210937500000000000e+00
1.156250000000000000e+00
-1.328125000000000000e+00
9.179687500000000000e-01
-8.125000000000000000e-01
1.742187500000000000e+00
8.593750000000000000e-01
6.875000000000000000e-01
1.187500000000000000e+00
4.746093750000000000e-01
1.429687500000000000e+00
1.039062500000000000e+00
9.570312500000000000e-01
1.835937500000000000e+00
5.000000000000000000e-01
2.187500000000000000e+00
-1.289062500000000000e+00
-5.195312500000000000e-01
1.117187500000000000e+00
-2.216796875000000000e-01
6.132812500000000000e-01
-5.273437500000000000e-02
8.632812500000000000e-01
1.242187500000000000e+00
9.492187500000000000e-01
-1.414062500000000000e+00
-1.367187500000000000e+00
8.906250000000000000e-01
7.500000000000000000e-01
-1.187500000000000000e+00
-1.304687500000000000e+00
7.617187500000000000e-01
1.562500000000000000e+00
1.500000000000000000e+00
-3.421875000000000000e+00
-1.179687500000000000e+00
-5.820312500000000000e-01
8.867187500000000000e-01
9.414062500000000000e-01
-1.445312500000000000e+00
6.757812500000000000e-01
1.320312500000000000e+00
1.562500000000000000e+00
1.875000000000000000e+00
-2.140625000000000000e+00
-3.453125000000000000e+00
3.378906250000000000e-01
-2.171875000000000000e+00
-1.460937500000000000e+00
-2.111816406250000000e-02
-1.523437500000000000e+00
1.460937500000000000e+00
3.574218750000000000e-01
7.617187500000000000e-01
-1.281250000000000000e+00
1.851562500000000000e+00
-7.476806640625000000e-03
3.265625000000000000e+00
-1.312500000000000000e+00
-1.250000000000000000e+00
-8.945312500000000000e-01
5.468750000000000000e-01
-1.289062500000000000e-01
7.070312500000000000e-01
-3.144531250000000000e-01
-1.445312500000000000e+00
1.898437500000000000e+00
-2.296875000000000000e+00
-2.294921875000000000e-01
-4.218750000000000000e+00
-2.636718750000000000e-01
-9.882812500000000000e-01
-3.734375000000000000e+00
1.062500000000000000e+00
1.132812500000000000e+00
-3.250122070312500000e-03
3.750000000000000000e-01
-9.179687500000000000e-01
-2.218750000000000000e+00
1.414062500000000000e+00
6.367187500000000000e-01
-8.789062500000000000e-01
1.289062500000000000e+00
1.398437500000000000e+00
-2.421875000000000000e-01
1.015625000000000000e+00
-5.937500000000000000e-01
7.773437500000000000e-01
-2.001953125000000000e-01
-1.000000000000000000e+00
-1.304687500000000000e+00
1.164062500000000000e+00
1.382812500000000000e+00
-9.414062500000000000e-01
