1.640000000000000000e+02
-1.400000000000000000e+01
-2.200000000000000000e+01
4.250000000000000000e+01
-1.243750000000000000e+01
-1.875000000000000000e+01
1.581250000000000000e+01
3.275000000000000000e+01
-1.231250000000000000e+01
-6.218750000000000000e+00
2.200000000000000000e+01
4.593750000000000000e+00
2.328125000000000000e+00
5.031250000000000000e+00
3.800000000000000000e+01
2.262500000000000000e+01
-2.537500000000000000e+01
2.762500000000000000e+01
1.430000000000000000e+02
5.429687500000000000e-01
-1.662500000000000000e+01
-5.156250000000000000e+00
1.095000000000000000e+02
-7.031250000000000000e+00
3.300000000000000000e+01
3.225000000000000000e+01
9.650000000000000000e+01
-1.193750000000000000e+01
9.101562500000000000e-01
-2.300000000000000000e+01
7.650000000000000000e+01
-3.187500000000000000e+01
4.325000000000000000e+01
-2.537500000000000000e+01
-3.906250000000000000e-01
-1.125000000000000000e+01
-6.375000000000000000e+00
-2.921875000000000000e+00
3.725000000000000000e+01
-1.581250000000000000e+01
-1.812500000000000000e+01
6.850000000000000000e+01
-2.812500000000000000e-01
-1.787500000000000000e+01
-1.231250000000000000e+01
5.406250000000000000e+00
6.750000000000000000e+00
-2.262500000000000000e+01
-1.043750000000000000e+01
7.950000000000000000e+01
-2.875000000000000000e+00
-3.640625000000000000e+00
-1.862500000000000000e+01
-1.568750000000000000e+01
4.700000000000000000e+01
1.095000000000000000e+02
-3.275000000000000000e+01
1.610000000000000000e+02
-3.390625000000000000e+00
2.362500000000000000e+01
-8.687500000000000000e+00
7.656250000000000000e-01
6.875000000000000000e-01
3.900000000000000000e+01
8.437500000000000000e+00
-2.162500000000000000e+01
7.050000000000000000e+01
-2.037500000000000000e+01
-1.050000000000000000e+01
-4.300000000000000000e+01
5.976562500000000000e-01
-1.750000000000000000e+01
-3.359375000000000000e+00
-3.475000000000000000e+01
-2.212500000000000000e+01
-2.937500000000000000e+01
3.975000000000000000e+01
5.031250000000000000e+00
3.325000000000000000e+01
2.328125000000000000e+00
4.906250000000000000e+00
3.137500000000000000e+01
-1.687500000000000000e+01
-5.968750000000000000e+00
-2.712500000000000000e+01
-1.381250000000000000e+01
1.165000000000000000e+02
6.300000000000000000e+01
2.700000000000000000e+01
-7.656250000000000000e+00
-6.718750000000000000e+00
-2.200000000000000000e+01
-2.800000000000000000e+01
5.156250000000000000e-01
-2.737500000000000000e+01
-1.568750000000000000e+01
1.680000000000000000e+02
3.750000000000000000e+01
-1.118750000000000000e+01
-4.281250000000000000e+00
1.005000000000000000e+02
-8.750000000000000000e+00
-1.325000000000000000e+01
2.500000000000000000e+00
8.850000000000000000e+01
4.175000000000000000e+01
-5.625000000000000000e+00
5.200195312500000000e-02
-5.718750000000000000e+00
-3.359375000000000000e+00
7.250000000000000000e+01
-1.962500000000000000e+01
-9.187500000000000000e+00
-6.968750000000000000e+00
-7.500000000000000000e+00
2.800000000000000000e+01
-7.200000000000000000e+01
-1.150000000000000000e+01
-8.437500000000000000e+00
-4.875000000000000000e+00
-1.762500000000000000e+01
-5.125000000000000000e+00
-2.162500000000000000e+01
2.262500000000000000e+01
-8.937500000000000000e+00
4.675000000000000000e+01
1.850000000000000000e+01
9.750000000000000000e+01
4.400000000000000000e+01
-9.937500000000000000e+00
-7.968750000000000000e+00
-4.300000000000000000e+01
1.650000000000000000e+01
-1.700000000000000000e+01
1.450000000000000000e+02
-9.937500000000000000e+00
-5.250000000000000000e+00
6.950000000000000000e+01
1.762500000000000000e+01
-2.037500000000000000e+01
1.843750000000000000e+00
-1.750000000000000000e+01
4.175000000000000000e+01
1.850000000000000000e+01
3.375000000000000000e+01
-1.268750000000000000e+01
1.120000000000000000e+02
-2.712500000000000000e+01
4.900000000000000000e+01
3.750000000000000000e+01
1.570000000000000000e+02
-1.737500000000000000e+01
-1.100000000000000000e+01
1.912500000000000000e+01
-1.118750000000000000e+01
1.085000000000000000e+02
-2.050000000000000000e+01
-4.187500000000000000e+00
-1.031250000000000000e+01
-1.662500000000000000e+01
-8.125000000000000000e-01
4.625000000000000000e+01
2.400000000000000000e+01
1.035000000000000000e+02
-2.765625000000000000e+00
7.850000000000000000e+01
-4.718750000000000000e+00
5.820312500000000000e-01
1.726562500000000000e+00
-1.762500000000000000e+01
3.609375000000000000e+00
2.484375000000000000e+00
4.375000000000000000e+01
5.600000000000000000e+01
-1.506250000000000000e+01
4.425000000000000000e+01
1.000000000000000000e+00
1.431250000000000000e+01
-7.875000000000000000e+00
4.000000000000000000e+01
8.850000000000000000e+01
5.200000000000000000e+01
-3.062500000000000000e+01
-7.281250000000000000e+00
-3.875000000000000000e+01
9.250000000000000000e+01
1.143750000000000000e+01
3.265625000000000000e+00
-2.012500000000000000e+01
5.593750000000000000e+00
3.625000000000000000e+01
-9.062500000000000000e+00
6.325000000000000000e+01
4.050000000000000000e+01
1.812500000000000000e+01
1.290000000000000000e+02
1.601562500000000000e+00
1.530000000000000000e+02
-8.250000000000000000e+00
-5.343750000000000000e+00
3.125000000000000000e+00
1.135000000000000000e+02
-5.125000000000000000e+00
-2.362500000000000000e+01
-1.500000000000000000e+00
8.450000000000000000e+01
-4.000000000000000000e+01
-1.662500000000000000e+01
3.875000000000000000e+01
5.775000000000000000e+01
-1.206250000000000000e+01
5.875000000000000000e+01
-1.075000000000000000e+01
5.593750000000000000e+00
-1.193750000000000000e+01
8.450000000000000000e+01
9.650000000000000000e+01
2.362500000000000000e+01
-7.100000000000000000e+01
1.530000000000000000e+02
-2.125000000000000000e+00
-2.015625000000000000e+00
9.625000000000000000e+00
-3.062500000000000000e+00
1.160000000000000000e+02
-1.431250000000000000e+01
-2.484375000000000000e+00
-1.131250000000000000e+01
7.650000000000000000e+01
-7.531250000000000000e+00
-1.231250000000000000e+01
1.360000000000000000e+02
1.370000000000000000e+02
-6.328125000000000000e-01
-4.031250000000000000e+00
-7.875000000000000000e+00
-3.112500000000000000e+01
1.431250000000000000e+01
-1.687500000000000000e+01
-3.703125000000000000e+00
1.800000000000000000e+01
-1.101562500000000000e+00
-6.450000000000000000e+01
-1.431250000000000000e+01
-6.375000000000000000e+00
-1.718750000000000000e+00
-1.040039062500000000e-01
-8.125000000000000000e+00
-9.912109375000000000e-02
-9.937500000000000000e+00
1.520000000000000000e+02
-1.612500000000000000e+01
1.370000000000000000e+02
-6.906250000000000000e+00
2.437500000000000000e+01
-7.593750000000000000e+00
-2.087500000000000000e+01
-2.962500000000000000e+01
-1.987500000000000000e+01
-3.000000000000000000e+01
-3.775000000000000000e+01
-1.962500000000000000e+01
-6.031250000000000000e+00
-1.737500000000000000e+01
-2.350000000000000000e+01
-5.664062500000000000e-01
-2.362500000000000000e+01
-2.203125000000000000e+00
-1.000976562500000000e-01
-7.718750000000000000e+00
-9.187500000000000000e+00
-4.281250000000000000e+00
-1.687500000000000000e+01
2.537500000000000000e+01
-3.921875000000000000e+00
8.800000000000000000e+01
5.575000000000000000e+01
1.450000000000000000e+02
2.237500000000000000e+01
6.300000000000000000e+01
3.825000000000000000e+01
-7.218750000000000000e+00
-2.600000000000000000e+01
-3.390625000000000000e+00
-1.600000000000000000e+01
-7.929687500000000000e-01
4.125000000000000000e+01
2.112500000000000000e+01
-2.949218750000000000e-01
-1.600000000000000000e+01
2.281250000000000000e+00
2.112500000000000000e+01
-8.312500000000000000e+00
-2.037500000000000000e+01
-1.056250000000000000e+01
2.212500000000000000e+01
5.000000000000000000e+01
-2.462500000000000000e+01
4.275000000000000000e+01
-6.875000000000000000e+00
7.929687500000000000e-01
-1.518750000000000000e+01
1.135000000000000000e+02
4.925000000000000000e+01
4.275000000000000000e+01
8.937500000000000000e+00
-3.378906250000000000e-01
1.220000000000000000e+02
3.222656250000000000e-01
-1.031250000000000000e+01
3.875000000000000000e+01
-1.393750000000000000e+01
-2.662500000000000000e+01
4.475000000000000000e+01
1.293750000000000000e+01
-2.537500000000000000e+01
-9.062500000000000000e+00
6.800000000000000000e+01
4.000000000000000000e+01
-6.125000000000000000e+00
-1.531250000000000000e+01
4.975000000000000000e+01
3.137500000000000000e+01
1.960937500000000000e+00
7.150000000000000000e+01
-2.075000000000000000e+01
-3.109375000000000000e+00
-2.287500000000000000e+01
2.812500000000000000e+00
-2.362500000000000000e+01
6.375000000000000000e+00
7.156250000000000000e+00
1.750000000000000000e+01
-5.976562500000000000e-01
-1.468750000000000000e+01
1.225000000000000000e+02
-7.750000000000000000e+00
1.480000000000000000e+02
3.200000000000000000e+01
-2.562500000000000000e+01
-2.750000000000000000e+00
3.625000000000000000e+01
2.562500000000000000e+01
4.475000000000000000e+01
-4.750000000000000000e+00
6.100000000000000000e+01
-2.537500000000000000e+01
-3.187500000000000000e+01
-9.312500000000000000e+00
2.637500000000000000e+01
-1.531250000000000000e+01
5.525000000000000000e+01
-2.200000000000000000e+01
8.400000000000000000e+01
-1.500000000000000000e+01
5.000000000000000000e+01
-2.912500000000000000e+01
7.150000000000000000e+01
-2.562500000000000000e+01
1.040000000000000000e+02
-6.156250000000000000e+00
-2.703125000000000000e+00
9.950000000000000000e+01
6.200000000000000000e+01
3.500000000000000000e+00
-9.625000000000000000e+00
4.600000000000000000e+01
-1.789062500000000000e+00
-3.000000000000000000e+01
3.925000000000000000e+01
5.925000000000000000e+01
-1.450000000000000000e+01
2.012500000000000000e+01
1.100000000000000000e+02
-1.687500000000000000e+01
2.737500000000000000e+01
-3.000000000000000000e+01
7.000000000000000000e+00
-8.500000000000000000e+00
-2.484375000000000000e+00
-2.800000000000000000e+01
4.375000000000000000e+01
-1.837500000000000000e+01
1.145000000000000000e+02
