-1.843750000000000000e+00
1.484375000000000000e-01
-1.554687500000000000e+00
7.617187500000000000e-01
-3.437500000000000000e-01
1.281250000000000000e+00
8.164062500000000000e-01
5.000000000000000000e-01
-7.851562500000000000e-01
-1.242187500000000000e+00
8.789062500000000000e-01
1.000000000000000000e+00
1.562500000000000000e+00
2.656250000000000000e-01
6.601562500000000000e-01
1.660156250000000000e-01
3.964843750000000000e-01
4.589843750000000000e-01
-6.054687500000000000e-01
-1.093750000000000000e+00
-3.437500000000000000e-01
2.937500000000000000e+00
-5.500000000000000000e+00
-5.429687500000000000e-01
5.664062500000000000e-01
2.868652343750000000e-02
-3.640625000000000000e+00
-8.710937500000000000e-01
-5.688476562500000000e-02
-8.632812500000000000e-01
7.695312500000000000e-01
2.312500000000000000e+00
8.320312500000000000e-01
-5.664062500000000000e-01
-1.098632812500000000e-01
-1.460937500000000000e+00
1.476562500000000000e+00
-8.242187500000000000e-01
-1.298828125000000000e-01
-8.242187500000000000e-01
-2.539062500000000000e-01
1.242187500000000000e+00
7.656250000000000000e-01
-2.343750000000000000e-01
-1.460937500000000000e+00
1.023437500000000000e+00
1.125000000000000000e+00
3.637695312500000000e-02
1.351562500000000000e+00
3.847656250000000000e-01
-5.039062500000000000e-01
-1.398437500000000000e+00
2.000000000000000000e+00
-5.507812500000000000e-01
6.250000000000000000e-01
-4.003906250000000000e-01
-1.435546875000000000e-01
-3.609375000000000000e+00
2.451171875000000000e-01
4.472656250000000000e-01
-9.882812500000000000e-01
8.476562500000000000e-01
-3.808593750000000000e-01
1.476562500000000000e+00
1.343750000000000000e+00
1.279296875000000000e-01
4.589843750000000000e-01
-2.236328125000000000e-01
1.054687500000000000e-01
7.226562500000000000e-01
-1.460937500000000000e+00
1.351562500000000000e+00
1.000976562500000000e-01
-1.398437500000000000e+00
2.546875000000000000e+00
1.257812500000000000e+00
1.476562500000000000e+00
1.164062500000000000e+00
1.187500000000000000e+00
6.787109375000000000e-02
2.203125000000000000e+00
4.472656250000000000e-01
-1.296875000000000000e+00
-8.867187500000000000e-01
-1.882812500000000000e+00
1.320312500000000000e+00
-8.398437500000000000e-01
7.070312500000000000e-01
3.515625000000000000e-01
-1.945312500000000000e+00
-6.992187500000000000e-01
8.632812500000000000e-01
-7.773437500000000000e-01
-2.490234375000000000e-01
1.656250000000000000e+00
-4.589843750000000000e-01
-6.992187500000000000e-01
5.703125000000000000e-01
-9.414062500000000000e-01
1.070312500000000000e+00
2.087402343750000000e-02
-1.718750000000000000e+00
-7.851562500000000000e-01
1.726562500000000000e+00
7.304687500000000000e-01
1.164062500000000000e+00
-1.826171875000000000e-01
1.875000000000000000e+00
-1.164062500000000000e+00
-6.132812500000000000e-01
1.148437500000000000e+00
-2.929687500000000000e-01
1.757812500000000000e+00
-4.980468750000000000e-01
-5.507812500000000000e-01
1.351562500000000000e+00
2.640625000000000000e+00
-9.375000000000000000e-01
-1.539062500000000000e+00
-3.515625000000000000e-01
-8.281250000000000000e-01
-1.375000000000000000e+00
-2.031250000000000000e-01
9.687500000000000000e-01
1.273437500000000000e+00
1.982421875000000000e-01
1.320312500000000000e+00
9.179687500000000000e-01
8.867187500000000000e-01
8.242187500000000000e-01
1.992187500000000000e+00
1.085937500000000000e+00
5.351562500000000000e-01
-9.804687500000000000e-01
-2.625000000000000000e+00
-2.558593750000000000e-01
-4.746093750000000000e-01
1.962890625000000000e-01
1.312500000000000000e+00
-1.351562500000000000e+00
-1.007812500000000000e+00
2.265625000000000000e+00
1.234375000000000000e+00
3.437500000000000000e-01
1.078125000000000000e+00
-3.183593750000000000e-01
-7.773437500000000000e-01
-1.070312500000000000e+00
6.992187500000000000e-01
9.804687500000000000e-01
-1.414062500000000000e+00
-2.031250000000000000e-01
-1.164062500000000000e+00
-1.582031250000000000e-01
-1.242187500000000000e+00
-3.250000000000000000e+00
-4.863281250000000000e-01
-7.187500000000000000e-01
3.808593750000000000e-01
-9.843750000000000000e-01
-6.054687500000000000e-01
-1.664062500000000000e+00
4.707031250000000000e-01
-2.953125000000000000e+00
-5.585937500000000000e-01
9.492187500000000000e-01
-1.101562500000000000e+00
-2.041015625000000000e-01
2.156250000000000000e+00
-5.937500000000000000e-01
8.281250000000000000e-01
-7.070312500000000000e-01
1.500000000000000000e+00
7.500000000000000000e-01
-6.523132324218750000e-04
1.054687500000000000e+00
-4.687500000000000000e-01
1.695312500000000000e+00
1.929687500000000000e+00
7.968750000000000000e-01
-1.523437500000000000e+00
9.062500000000000000e-01
1.826171875000000000e-01
-5.273437500000000000e-01
6.835937500000000000e-01
1.031250000000000000e+00
8.789062500000000000e-01
6.445312500000000000e-01
-7.187500000000000000e-01
5.117187500000000000e-01
1.023437500000000000e+00
-8.281250000000000000e-01
6.328125000000000000e-01
1.398437500000000000e+00
6.445312500000000000e-01
-2.359375000000000000e+00
2.988281250000000000e-01
-2.828125000000000000e+00
-1.273437500000000000e+00
-8.554687500000000000e-01
4.472656250000000000e-01
-1.812500000000000000e+00
-1.210937500000000000e-01
-4.121093750000000000e-01
4.042968750000000000e-01
5.234375000000000000e-01
3.496093750000000000e-01
-1.289062500000000000e+00
6.054687500000000000e-01
3.125000000000000000e-01
-1.117187500000000000e+00
5.312500000000000000e-01
-1.007812500000000000e+00
1.289062500000000000e+00
-5.039062500000000000e-01
1.000000000000000000e+00
-8.281250000000000000e-01
9.179687500000000000e-01
5.039062500000000000e-01
-2.953125000000000000e+00
-9.882812500000000000e-01
1.523437500000000000e-01
3.984375000000000000e-01
2.761840820312500000e-03
-4.031250000000000000e+00
-1.117187500000000000e+00
-5.820312500000000000e-01
-1.750000000000000000e+00
-2.359375000000000000e+00
1.468750000000000000e+00
-6.523437500000000000e-01
-9.218750000000000000e-01
-1.320312500000000000e+00
3.417968750000000000e-02
-4.746093750000000000e-01
-1.375000000000000000e+00
-7.373046875000000000e-02
9.492187500000000000e-01
-1.445312500000000000e+00
-1.320312500000000000e+00
1.343750000000000000e+00
1.460937500000000000e+00
2.453125000000000000e+00
-4.589843750000000000e-01
-5.820312500000000000e-01
-1.164062500000000000e+00
-1.265625000000000000e+00
-4.941406250000000000e-01
-7.343750000000000000e-01
-1.500000000000000000e+00
-4.187500000000000000e+00
-1.062500000000000000e+00
-1.070312500000000000e+00
-1.007812500000000000e+00
1.054687500000000000e+00
9.257812500000000000e-01
-1.468750000000000000e+00
-8.710937500000000000e-01
-4.316406250000000000e-01
-5.507812500000000000e-01
-6.992187500000000000e-01
-8.837890625000000000e-02
-1.007812500000000000e+00
-6.640625000000000000e-01
8.945312500000000000e-01
6.835937500000000000e-01
-7.460937500000000000e-01
-1.023437500000000000e+00
-2.392578125000000000e-01
-1.367187500000000000e+00
-1.320312500000000000e+00
-9.570312500000000000e-01
-8.007812500000000000e-01
6.757812500000000000e-01
-4.902343750000000000e-01
-2.171875000000000000e+00
8.281250000000000000e-01
-2.328125000000000000e+00
8.906250000000000000e-01
4.394531250000000000e-01
-1.434326171875000000e-02
-1.375000000000000000e+00
3.671875000000000000e-01
-5.859375000000000000e-01
4.921875000000000000e-01
-4.062500000000000000e-01
1.435546875000000000e-01
7.148437500000000000e-01
-6.757812500000000000e-01
-8.867187500000000000e-01
1.132812500000000000e+00
8.945312500000000000e-01
-1.179687500000000000e+00
7.812500000000000000e-01
-5.898437500000000000e-01
1.398437500000000000e+00
5.312500000000000000e-01
5.976562500000000000e-01
7.773437500000000000e-01
1.289062500000000000e-01
1.507812500000000000e+00
1.312500000000000000e+00
1.069335937500000000e-01
1.296875000000000000e+00
1.562500000000000000e-01
2.000000000000000000e+00
-1.179687500000000000e+00
-1.164062500000000000e+00
1.328125000000000000e+00
-3.144531250000000000e-01
2.421875000000000000e-01
-4.902343750000000000e-01
8.593750000000000000e-01
8.281250000000000000e-01
6.757812500000000000e-01
-1.226562500000000000e+00
-1.195312500000000000e+00
3.535156250000000000e-01
4.355468750000000000e-01
-1.023437500000000000e+00
-9.023437500000000000e-01
4.003906250000000000e-01
1.125000000000000000e+00
1.539062500000000000e+00
-3.859375000000000000e+00
-9.335937500000000000e-01
-7.617187500000000000e-01
7.695312500000000000e-01
8.125000000000000000e-01
-1.226562500000000000e+00
4.218750000000000000e-01
1.070312500000000000e+00
1.351562500000000000e+00
1.960937500000000000e+00
-1.867187500000000000e+00
-3.921875000000000000e+00
2.031250000000000000e-01
-3.078125000000000000e+00
-1.843750000000000000e+00
3.339843750000000000e-01
-1.375000000000000000e+00
1.085937500000000000e+00
-6.445312500000000000e-02
4.003906250000000000e-01
-1.156250000000000000e+00
1.289062500000000000e+00
5.004882812500000000e-02
3.859375000000000000e+00
-1.250000000000000000e+00
-1.539062500000000000e+00
-6.992187500000000000e-01
2.109375000000000000e-01
-1.030273437500000000e-01
1.367187500000000000e-01
-1.904296875000000000e-01
-1.882812500000000000e+00
2.421875000000000000e+00
-2.812500000000000000e+00
2.832031250000000000e-02
-4.718750000000000000e+00
-2.988281250000000000e-01
-1.132812500000000000e+00
-4.281250000000000000e+00
5.859375000000000000e-01
9.882812500000000000e-01
-3.652343750000000000e-01
1.357421875000000000e-01
-7.656250000000000000e-01
-2.062500000000000000e+00
1.070312500000000000e+00
2.138671875000000000e-01
-8.593750000000000000e-01
1.007812500000000000e+00
6.367187500000000000e-01
-1.601562500000000000e-01
6.914062500000000000e-01
-5.117187500000000000e-01
5.585937500000000000e-01
-3.457031250000000000e-01
-8.867187500000000000e-01
-1.000000000000000000e+00
7.226562500000000000e-01
1.812500000000000000e+00
-1.617187500000000000e+00
