-2.597656250000000000e-01
7.851562500000000000e-01
-1.812500000000000000e+00
1.312500000000000000e+00
-6.835937500000000000e-01
1.062500000000000000e+00
1.062500000000000000e+00
9.687500000000000000e-01
-7.617187500000000000e-01
-1.335937500000000000e+00
1.289062500000000000e+00
9.062500000000000000e-01
2.046875000000000000e+00
2.294921875000000000e-01
1.070312500000000000e+00
5.781250000000000000e-01
-1.054687500000000000e+00
8.789062500000000000e-01
1.117187500000000000e+00
-1.164062500000000000e+00
-8.554687500000000000e-01
2.531250000000000000e+00
-6.093750000000000000e+00
-9.218750000000000000e-01
9.570312500000000000e-01
5.000000000000000000e-01
-3.875000000000000000e+00
-1.351562500000000000e+00
-1.337890625000000000e-01
-1.179687500000000000e+00
1.750000000000000000e+00
1.070312500000000000e+00
1.406250000000000000e+00
-8.007812500000000000e-01
-2.871093750000000000e-01
-1.835937500000000000e+00
8.867187500000000000e-01
-1.806640625000000000e-01
1.191406250000000000e-01
-1.273437500000000000e+00
-1.117187500000000000e+00
2.062500000000000000e+00
1.039062500000000000e+00
-2.792968750000000000e-01
-1.929687500000000000e+00
1.273437500000000000e+00
9.531250000000000000e-01
2.343750000000000000e-02
1.109375000000000000e+00
1.101562500000000000e+00
-5.156250000000000000e-01
-1.687500000000000000e+00
1.875000000000000000e+00
-9.023437500000000000e-01
1.273437500000000000e+00
8.710937500000000000e-01
-5.625000000000000000e-01
-2.468750000000000000e+00
4.316406250000000000e-01
7.382812500000000000e-01
-9.960937500000000000e-01
1.078125000000000000e+00
-3.378906250000000000e-01
2.203125000000000000e+00
2.015625000000000000e+00
-1.088867187500000000e-01
1.351562500000000000e+00
6.445312500000000000e-01
-1.845703125000000000e-01
5.703125000000000000e-01
-1.664062500000000000e+00
1.125000000000000000e+00
4.370117187500000000e-02
-1.585937500000000000e+00
1.875000000000000000e+00
-4.277343750000000000e-01
2.265625000000000000e+00
1.351562500000000000e+00
1.968750000000000000e+00
-8.007812500000000000e-02
2.562500000000000000e+00
8.437500000000000000e-01
-4.218750000000000000e-01
-7.773437500000000000e-01
-2.171875000000000000e+00
8.867187500000000000e-01
-2.609252929687500000e-03
1.375000000000000000e+00
6.250000000000000000e-01
-2.421875000000000000e+00
-4.316406250000000000e-01
1.343750000000000000e+00
-1.257812500000000000e+00
-2.910156250000000000e-01
7.656250000000000000e-01
-1.125000000000000000e+00
1.210937500000000000e+00
1.023437500000000000e+00
-1.562500000000000000e+00
1.273437500000000000e+00
1.023437500000000000e+00
-2.187500000000000000e+00
-1.820312500000000000e+00
1.851562500000000000e+00
1.757812500000000000e+00
1.851562500000000000e+00
7.568359375000000000e-02
1.851562500000000000e+00
-1.351562500000000000e+00
-5.898437500000000000e-01
2.140625000000000000e+00
-9.726562500000000000e-01
1.750000000000000000e+00
2.451171875000000000e-01
-1.070312500000000000e+00
2.234375000000000000e+00
1.132812500000000000e+00
-4.980468750000000000e-01
-1.781250000000000000e+00
-4.843750000000000000e-01
-9.492187500000000000e-01
-1.757812500000000000e+00
-4.765625000000000000e-01
1.210937500000000000e+00
1.523437500000000000e+00
6.523437500000000000e-01
1.789062500000000000e+00
2.078125000000000000e+00
1.507812500000000000e+00
1.054687500000000000e+00
1.898437500000000000e+00
1.210937500000000000e+00
8.437500000000000000e-01
-1.351562500000000000e+00
-1.382812500000000000e+00
-6.015625000000000000e-01
-1.230468750000000000e-01
1.000000000000000000e+00
1.664062500000000000e+00
-1.046875000000000000e+00
-1.226562500000000000e+00
1.945312500000000000e+00
1.812500000000000000e+00
5.664062500000000000e-01
1.648437500000000000e+00
-1.210937500000000000e+00
6.054687500000000000e-01
-1.296875000000000000e+00
1.445312500000000000e+00
1.664062500000000000e+00
3.437500000000000000e-01
-7.500000000000000000e-01
-9.570312500000000000e-01
-2.373046875000000000e-01
-1.539062500000000000e+00
-2.234375000000000000e+00
-9.531250000000000000e-01
-5.664062500000000000e-01
-3.247070312500000000e-02
-1.132812500000000000e+00
-8.437500000000000000e-01
-6.289062500000000000e-01
5.742187500000000000e-01
-2.890625000000000000e+00
-4.277343750000000000e-01
1.882812500000000000e+00
-1.250000000000000000e+00
-1.865234375000000000e-01
2.000000000000000000e+00
-1.117187500000000000e+00
8.750000000000000000e-01
-8.164062500000000000e-01
2.265625000000000000e+00
1.460937500000000000e+00
-2.656250000000000000e-01
1.875000000000000000e+00
-4.941406250000000000e-01
2.125000000000000000e+00
6.445312500000000000e-01
1.218750000000000000e+00
-6.523437500000000000e-01
1.523437500000000000e+00
-3.007812500000000000e-01
-7.695312500000000000e-01
3.613281250000000000e-01
2.109375000000000000e+00
1.218750000000000000e+00
5.273437500000000000e-01
3.964843750000000000e-01
7.187500000000000000e-01
1.531250000000000000e+00
-8.085937500000000000e-01
1.343750000000000000e+00
2.078125000000000000e+00
8.554687500000000000e-01
-1.257812500000000000e+00
2.314453125000000000e-01
-2.078125000000000000e+00
-1.164062500000000000e+00
-1.000000000000000000e+00
6.875000000000000000e-01
-3.750000000000000000e-01
-2.990722656250000000e-02
-6.679687500000000000e-01
-1.376953125000000000e-01
1.351562500000000000e+00
1.484375000000000000e-01
-1.679687500000000000e+00
1.226562500000000000e+00
1.023437500000000000e+00
-1.320312500000000000e+00
1.132812500000000000e+00
-1.429687500000000000e+00
1.312500000000000000e+00
-9.062500000000000000e-01
2.109375000000000000e+00
5.429687500000000000e-01
1.171875000000000000e+00
-4.199218750000000000e-01
-2.125000000000000000e+00
-8.710937500000000000e-01
-1.728515625000000000e-01
7.304687500000000000e-01
-2.617187500000000000e-01
-3.734375000000000000e+00
-1.242187500000000000e+00
-7.656250000000000000e-01
-2.156250000000000000e+00
-1.773437500000000000e+00
1.414062500000000000e+00
-6.210937500000000000e-01
8.242187500000000000e-01
-2.343750000000000000e-01
2.041015625000000000e-01
3.393554687500000000e-02
-1.539062500000000000e+00
-5.218505859375000000e-03
1.265625000000000000e+00
-1.429687500000000000e+00
-1.281250000000000000e+00
1.976562500000000000e+00
9.179687500000000000e-01
2.148437500000000000e-01
-2.470703125000000000e-01
-7.773437500000000000e-01
-1.226562500000000000e+00
-1.148437500000000000e+00
-7.968750000000000000e-01
-1.093750000000000000e+00
-1.789062500000000000e+00
-4.156250000000000000e+00
-9.687500000000000000e-01
1.669921875000000000e-01
-1.195312500000000000e+00
1.562500000000000000e+00
1.273437500000000000e+00
-1.414062500000000000e+00
-1.195312500000000000e+00
-2.597656250000000000e-01
-9.257812500000000000e-01
-9.960937500000000000e-01
2.929687500000000000e-02
-1.125000000000000000e+00
-8.349609375000000000e-02
1.007812500000000000e+00
5.195312500000000000e-01
-7.617187500000000000e-01
-9.414062500000000000e-01
-2.333984375000000000e-01
-1.507812500000000000e+00
-1.750000000000000000e+00
-6.289062500000000000e-01
-9.531250000000000000e-01
1.015625000000000000e+00
-3.750000000000000000e-01
-1.992187500000000000e+00
1.593750000000000000e+00
-1.085937500000000000e+00
1.335937500000000000e+00
1.039062500000000000e+00
6.562500000000000000e-01
-1.601562500000000000e+00
3.125000000000000000e-01
-4.843750000000000000e-01
7.968750000000000000e-01
-6.523437500000000000e-01
3.906250000000000000e-01
1.070312500000000000e+00
-3.593750000000000000e-01
-1.179687500000000000e+00
1.539062500000000000e+00
1.218750000000000000e+00
-1.414062500000000000e+00
9.531250000000000000e-01
-1.101562500000000000e+00
1.718750000000000000e+00
9.570312500000000000e-01
-1.337890625000000000e-01
1.234375000000000000e+00
-3.247070312500000000e-02
1.476562500000000000e+00
1.093750000000000000e+00
1.437500000000000000e+00
1.875000000000000000e+00
7.500000000000000000e-01
1.820312500000000000e+00
-1.000000000000000000e+00
-1.845703125000000000e-01
1.070312500000000000e+00
1.689453125000000000e-01
6.367187500000000000e-01
-1.117187500000000000e+00
1.710937500000000000e+00
1.257812500000000000e+00
8.945312500000000000e-01
-1.632812500000000000e+00
-1.648437500000000000e+00
9.492187500000000000e-01
8.437500000000000000e-01
-1.445312500000000000e+00
-1.593750000000000000e+00
9.804687500000000000e-01
1.664062500000000000e+00
1.679687500000000000e+00
-3.625000000000000000e+00
-1.031250000000000000e+00
-6.367187500000000000e-01
2.675781250000000000e-01
8.867187500000000000e-01
-1.648437500000000000e+00
5.234375000000000000e-01
1.351562500000000000e+00
1.695312500000000000e+00
2.046875000000000000e+00
-2.015625000000000000e+00
-4.468750000000000000e+00
-2.656250000000000000e-01
-2.031250000000000000e+00
-1.070312500000000000e+00
1.539062500000000000e+00
-1.601562500000000000e+00
1.601562500000000000e+00
1.148437500000000000e+00
8.476562500000000000e-01
-1.093750000000000000e+00
2.078125000000000000e+00
-4.082031250000000000e-01
2.562500000000000000e+00
-1.539062500000000000e+00
-1.093750000000000000e+00
-1.437500000000000000e+00
8.554687500000000000e-01
3.906250000000000000e-02
1.203125000000000000e+00
-4.062500000000000000e-01
-9.062500000000000000e-01
1.148437500000000000e+00
-2.296875000000000000e+00
-2.158203125000000000e-01
-5.500000000000000000e+00
-8.320312500000000000e-01
-1.039062500000000000e+00
-4.218750000000000000e+00
1.257812500000000000e+00
1.398437500000000000e+00
-8.242187500000000000e-01
3.496093750000000000e-01
-1.406250000000000000e+00
-2.406250000000000000e+00
1.679687500000000000e+00
9.492187500000000000e-01
-1.289062500000000000e+00
1.500000000000000000e+00
1.851562500000000000e+00
-1.650390625000000000e-01
1.054687500000000000e+00
7.812500000000000000e-02
7.187500000000000000e-01
-5.351562500000000000e-01
-5.507812500000000000e-01
-1.367187500000000000e+00
1.195312500000000000e+00
1.093750000000000000e+00
-4.433593750000000000e-01
