5.000000000000000000e+01
-2.765625000000000000e+00
-8.812500000000000000e+00
1.468750000000000000e+01
-3.687500000000000000e+00
-6.375000000000000000e+00
6.500000000000000000e+00
1.075000000000000000e+01
-4.281250000000000000e+00
-2.687500000000000000e+00
8.687500000000000000e+00
3.796875000000000000e+00
3.500000000000000000e+00
2.078125000000000000e+00
1.318750000000000000e+01
8.125000000000000000e+00
-1.106250000000000000e+01
1.025000000000000000e+01
4.400000000000000000e+01
-2.597656250000000000e-01
-5.156250000000000000e+00
-1.328125000000000000e+00
2.687500000000000000e+01
-1.914062500000000000e+00
1.181250000000000000e+01
1.025000000000000000e+01
2.362500000000000000e+01
-2.687500000000000000e+00
2.734375000000000000e+00
-8.312500000000000000e+00
2.537500000000000000e+01
-1.331250000000000000e+01
1.581250000000000000e+01
-9.250000000000000000e+00
-2.687500000000000000e+00
-2.734375000000000000e+00
-3.109375000000000000e+00
6.445312500000000000e-01
1.131250000000000000e+01
-5.593750000000000000e+00
-4.343750000000000000e+00
2.300000000000000000e+01
4.031250000000000000e+00
-5.906250000000000000e+00
-3.750000000000000000e+00
2.750000000000000000e+00
3.171875000000000000e+00
-4.968750000000000000e+00
-3.296875000000000000e+00
2.462500000000000000e+01
1.117187500000000000e+00
-1.875000000000000000e+00
-6.000000000000000000e+00
-6.531250000000000000e+00
1.700000000000000000e+01
3.300000000000000000e+01
-8.875000000000000000e+00
4.575000000000000000e+01
1.882812500000000000e+00
8.562500000000000000e+00
-1.726562500000000000e+00
1.812500000000000000e+00
2.234375000000000000e+00
1.581250000000000000e+01
4.968750000000000000e+00
-5.250000000000000000e+00
2.287500000000000000e+01
-5.312500000000000000e+00
2.734375000000000000e-01
-1.056250000000000000e+01
-1.179687500000000000e+00
-2.171875000000000000e+00
1.093750000000000000e+00
-1.250000000000000000e+01
-5.656250000000000000e+00
-1.531250000000000000e+01
1.481250000000000000e+01
2.640625000000000000e+00
1.318750000000000000e+01
2.937500000000000000e+00
3.890625000000000000e+00
1.100000000000000000e+01
-4.625000000000000000e+00
-1.460937500000000000e+00
-1.168750000000000000e+01
-4.125000000000000000e+00
3.475000000000000000e+01
2.037500000000000000e+01
8.812500000000000000e+00
-2.515625000000000000e+00
-1.343750000000000000e+00
-1.398437500000000000e+00
-1.256250000000000000e+01
1.648437500000000000e+00
-1.043750000000000000e+01
-7.156250000000000000e+00
5.225000000000000000e+01
1.231250000000000000e+01
-4.281250000000000000e+00
-4.316406250000000000e-01
3.112500000000000000e+01
-2.187500000000000000e+00
-6.343750000000000000e+00
2.187500000000000000e+00
2.787500000000000000e+01
1.581250000000000000e+01
-3.109375000000000000e+00
6.406250000000000000e-01
-1.710937500000000000e+00
-6.132812500000000000e-01
2.437500000000000000e+01
-8.062500000000000000e+00
-3.109375000000000000e+00
-2.109375000000000000e+00
-2.437500000000000000e+00
1.250000000000000000e+01
-2.337500000000000000e+01
-5.406250000000000000e+00
-1.929687500000000000e+00
-2.984375000000000000e+00
-8.312500000000000000e+00
-1.906250000000000000e+00
-7.875000000000000000e+00
8.625000000000000000e+00
-1.273437500000000000e+00
1.381250000000000000e+01
8.250000000000000000e+00
3.112500000000000000e+01
1.506250000000000000e+01
-1.265625000000000000e+00
-2.750000000000000000e+00
-1.256250000000000000e+01
6.500000000000000000e+00
-6.531250000000000000e+00
4.075000000000000000e+01
-2.515625000000000000e+00
-9.882812500000000000e-01
2.200000000000000000e+01
8.312500000000000000e+00
-8.187500000000000000e+00
1.289062500000000000e+00
-6.718750000000000000e+00
1.481250000000000000e+01
6.531250000000000000e+00
1.268750000000000000e+01
-5.093750000000000000e+00
3.525000000000000000e+01
-9.000000000000000000e+00
1.700000000000000000e+01
1.331250000000000000e+01
4.875000000000000000e+01
-5.750000000000000000e+00
-4.406250000000000000e+00
4.218750000000000000e+00
-2.765625000000000000e+00
3.162500000000000000e+01
-6.906250000000000000e+00
-9.687500000000000000e-01
-2.828125000000000000e+00
-6.843750000000000000e+00
6.445312500000000000e-01
1.450000000000000000e+01
8.937500000000000000e+00
2.600000000000000000e+01
8.007812500000000000e-01
2.550000000000000000e+01
-2.109375000000000000e+00
2.156250000000000000e+00
1.281250000000000000e+00
-7.843750000000000000e+00
2.828125000000000000e+00
1.039062500000000000e+00
1.637500000000000000e+01
1.887500000000000000e+01
-2.671875000000000000e+00
1.581250000000000000e+01
2.562500000000000000e+00
6.656250000000000000e+00
-4.250000000000000000e+00
1.331250000000000000e+01
2.700000000000000000e+01
1.787500000000000000e+01
-7.593750000000000000e+00
-1.437500000000000000e+00
-8.437500000000000000e+00
3.037500000000000000e+01
5.281250000000000000e+00
1.750000000000000000e+00
-5.250000000000000000e+00
3.578125000000000000e+00
1.181250000000000000e+01
-3.203125000000000000e+00
2.012500000000000000e+01
1.543750000000000000e+01
7.125000000000000000e+00
3.725000000000000000e+01
-6.289062500000000000e-01
4.300000000000000000e+01
-2.796875000000000000e+00
-9.492187500000000000e-01
1.656250000000000000e+00
3.425000000000000000e+01
-2.671875000000000000e+00
-9.062500000000000000e+00
1.632812500000000000e+00
2.637500000000000000e+01
-1.368750000000000000e+01
-4.375000000000000000e+00
1.406250000000000000e+01
1.862500000000000000e+01
-5.156250000000000000e+00
1.962500000000000000e+01
-3.500000000000000000e+00
2.265625000000000000e+00
-5.843750000000000000e+00
2.837500000000000000e+01
3.087500000000000000e+01
9.250000000000000000e+00
-2.025000000000000000e+01
4.375000000000000000e+01
-4.121093750000000000e-01
2.234375000000000000e+00
4.156250000000000000e+00
-3.183593750000000000e-01
3.150000000000000000e+01
-6.593750000000000000e+00
1.562500000000000000e-02
-2.187500000000000000e+00
2.162500000000000000e+01
-1.710937500000000000e+00
-4.218750000000000000e+00
4.325000000000000000e+01
4.075000000000000000e+01
-2.109375000000000000e+00
-5.273437500000000000e-01
-1.898437500000000000e+00
-8.937500000000000000e+00
5.750000000000000000e+00
-7.781250000000000000e+00
-2.109375000000000000e+00
9.187500000000000000e+00
-2.617187500000000000e-01
-2.500000000000000000e+01
-2.421875000000000000e+00
-7.500000000000000000e-01
2.832031250000000000e-01
1.179687500000000000e+00
-1.882812500000000000e+00
1.250000000000000000e-01
-2.515625000000000000e+00
4.050000000000000000e+01
-7.250000000000000000e+00
4.275000000000000000e+01
-2.750000000000000000e+00
9.250000000000000000e+00
-2.359375000000000000e+00
-8.437500000000000000e+00
-1.100000000000000000e+01
-7.406250000000000000e+00
-1.050000000000000000e+01
-1.318750000000000000e+01
-5.156250000000000000e+00
-2.937500000000000000e+00
-4.093750000000000000e+00
-3.984375000000000000e+00
-1.187500000000000000e+00
-9.937500000000000000e+00
4.277343750000000000e-01
2.437500000000000000e+00
-1.289062500000000000e+00
-4.589843750000000000e-01
-3.027343750000000000e-01
-6.750000000000000000e+00
1.000000000000000000e+01
-1.140625000000000000e+00
2.387500000000000000e+01
1.962500000000000000e+01
4.200000000000000000e+01
9.187500000000000000e+00
2.037500000000000000e+01
1.343750000000000000e+01
-9.179687500000000000e-01
-3.703125000000000000e+00
-1.468750000000000000e+00
-2.703125000000000000e+00
-5.200195312500000000e-02
1.268750000000000000e+01
7.375000000000000000e+00
-7.070312500000000000e-01
-7.406250000000000000e+00
1.898437500000000000e+00
7.968750000000000000e+00
-4.843750000000000000e+00
-1.812500000000000000e+00
-4.218750000000000000e+00
9.250000000000000000e+00
1.556250000000000000e+01
-6.000000000000000000e+00
1.450000000000000000e+01
1.132812500000000000e+00
5.898437500000000000e-01
-5.187500000000000000e+00
3.625000000000000000e+01
1.750000000000000000e+01
1.393750000000000000e+01
4.843750000000000000e+00
1.875000000000000000e-01
3.550000000000000000e+01
-6.015625000000000000e-01
2.216796875000000000e-01
1.281250000000000000e+01
-3.765625000000000000e+00
-4.906250000000000000e+00
1.518750000000000000e+01
5.843750000000000000e+00
-9.562500000000000000e+00
-3.171875000000000000e+00
2.212500000000000000e+01
1.318750000000000000e+01
-2.328125000000000000e+00
-7.531250000000000000e+00
1.531250000000000000e+01
1.156250000000000000e+01
1.398437500000000000e+00
1.862500000000000000e+01
-8.562500000000000000e+00
6.875000000000000000e-01
-4.375000000000000000e+00
2.031250000000000000e+00
-1.056250000000000000e+01
3.562500000000000000e+00
4.843750000000000000e+00
7.218750000000000000e+00
1.132812500000000000e+00
-7.593750000000000000e+00
3.000000000000000000e+01
-8.242187500000000000e-01
4.300000000000000000e+01
1.100000000000000000e+01
-7.781250000000000000e+00
-1.437500000000000000e+00
1.250000000000000000e+01
1.043750000000000000e+01
1.468750000000000000e+01
-1.257812500000000000e+00
2.137500000000000000e+01
-7.718750000000000000e+00
-1.100000000000000000e+01
-2.625000000000000000e+00
8.000000000000000000e+00
-4.875000000000000000e+00
1.712500000000000000e+01
-7.656250000000000000e+00
2.612500000000000000e+01
-4.312500000000000000e+00
1.600000000000000000e+01
-1.168750000000000000e+01
2.000000000000000000e+01
-8.000000000000000000e+00
2.500000000000000000e+01
-1.648437500000000000e+00
-5.156250000000000000e-01
2.687500000000000000e+01
2.000000000000000000e+01
2.875000000000000000e+00
-1.843750000000000000e+00
1.343750000000000000e+01
-1.164062500000000000e+00
-1.218750000000000000e+01
1.400000000000000000e+01
1.900000000000000000e+01
-3.875000000000000000e+00
7.656250000000000000e+00
3.425000000000000000e+01
-6.250000000000000000e+00
1.031250000000000000e+01
-8.000000000000000000e+00
4.062500000000000000e+00
-1.976562500000000000e+00
2.187500000000000000e-01
-1.131250000000000000e+01
1.550000000000000000e+01
-8.062500000000000000e+00
3.400000000000000000e+01
