7.187500000000000000e-01
4.160156250000000000e-01
-2.031250000000000000e+00
1.539062500000000000e+00
-4.531250000000000000e-01
6.367187500000000000e-01
1.210937500000000000e+00
1.179687500000000000e+00
-1.062500000000000000e+00
-1.593750000000000000e+00
1.437500000000000000e+00
1.375000000000000000e+00
2.140625000000000000e+00
4.062500000000000000e-01
1.343750000000000000e+00
6.250000000000000000e-01
-8.242187500000000000e-01
1.203125000000000000e+00
1.710937500000000000e+00
-9.648437500000000000e-01
-3.613281250000000000e-01
2.390625000000000000e+00
-5.062500000000000000e+00
-2.656250000000000000e-01
1.304687500000000000e+00
7.304687500000000000e-01
-3.375000000000000000e+00
-9.960937500000000000e-01
5.273437500000000000e-01
-1.625000000000000000e+00
1.960937500000000000e+00
5.781250000000000000e-01
1.750000000000000000e+00
-8.437500000000000000e-01
-8.710937500000000000e-01
-1.664062500000000000e+00
7.382812500000000000e-01
-4.355468750000000000e-01
4.003906250000000000e-01
-7.929687500000000000e-01
-4.238281250000000000e-01
2.359375000000000000e+00
1.437500000000000000e+00
-3.574218750000000000e-01
-1.757812500000000000e+00
1.210937500000000000e+00
1.101562500000000000e+00
2.539062500000000000e-01
9.179687500000000000e-01
1.398437500000000000e+00
5.834960937500000000e-02
-1.773437500000000000e+00
1.304687500000000000e+00
-1.015625000000000000e+00
1.625000000000000000e+00
1.273437500000000000e+00
7.470703125000000000e-02
-1.351562500000000000e+00
7.148437500000000000e-01
1.007812500000000000e+00
-4.785156250000000000e-01
1.000000000000000000e+00
2.080078125000000000e-01
2.515625000000000000e+00
2.078125000000000000e+00
8.789062500000000000e-02
1.664062500000000000e+00
3.491210937500000000e-02
7.187500000000000000e-01
6.132812500000000000e-01
-1.687500000000000000e+00
1.320312500000000000e+00
4.433593750000000000e-01
-1.570312500000000000e+00
2.187500000000000000e+00
-8.164062500000000000e-01
2.453125000000000000e+00
1.289062500000000000e+00
2.109375000000000000e+00
3.300781250000000000e-01
2.734375000000000000e+00
9.687500000000000000e-01
-7.343750000000000000e-01
-4.980468750000000000e-01
-2.437500000000000000e+00
8.164062500000000000e-01
6.367187500000000000e-01
1.664062500000000000e+00
8.632812500000000000e-01
-2.265625000000000000e+00
-3.378906250000000000e-01
1.617187500000000000e+00
-1.687500000000000000e+00
4.062500000000000000e-01
5.078125000000000000e-01
-1.460937500000000000e+00
2.078125000000000000e+00
1.289062500000000000e+00
-1.742187500000000000e+00
1.093750000000000000e+00
1.445312500000000000e+00
-1.914062500000000000e+00
-1.351562500000000000e+00
1.976562500000000000e+00
1.960937500000000000e+00
2.156250000000000000e+00
-5.742187500000000000e-01
1.726562500000000000e+00
-1.015625000000000000e+00
-3.906250000000000000e-03
2.390625000000000000e+00
-1.312500000000000000e+00
9.375000000000000000e-01
-1.337890625000000000e-01
-8.242187500000000000e-01
2.406250000000000000e+00
7.812500000000000000e-01
-8.750000000000000000e-01
-1.437500000000000000e+00
-7.500000000000000000e-01
-1.414062500000000000e+00
-1.718750000000000000e+00
-6.679687500000000000e-01
1.289062500000000000e+00
1.218750000000000000e+00
7.656250000000000000e-01
2.109375000000000000e+00
2.375000000000000000e+00
1.757812500000000000e+00
9.492187500000000000e-01
1.414062500000000000e+00
6.445312500000000000e-01
1.000000000000000000e+00
-1.304687500000000000e+00
-6.210937500000000000e-01
1.992187500000000000e-01
3.808593750000000000e-02
1.203125000000000000e+00
2.015625000000000000e+00
-1.562500000000000000e+00
-7.695312500000000000e-01
1.296875000000000000e+00
2.078125000000000000e+00
6.289062500000000000e-01
1.937500000000000000e+00
-1.156250000000000000e+00
1.218750000000000000e+00
-1.023437500000000000e+00
1.523437500000000000e+00
1.710937500000000000e+00
1.398437500000000000e+00
-4.765625000000000000e-01
-1.250000000000000000e+00
-2.451171875000000000e-01
-1.101562500000000000e+00
-1.312500000000000000e+00
-5.820312500000000000e-01
-3.691406250000000000e-01
2.714843750000000000e-01
-1.281250000000000000e+00
-3.281250000000000000e-01
-2.656250000000000000e-01
9.414062500000000000e-01
-2.265625000000000000e+00
4.272460937500000000e-02
2.171875000000000000e+00
-1.375000000000000000e+00
9.765625000000000000e-03
2.078125000000000000e+00
-1.570312500000000000e+00
1.117187500000000000e+00
-7.304687500000000000e-01
2.500000000000000000e+00
1.695312500000000000e+00
7.958984375000000000e-02
2.062500000000000000e+00
1.318359375000000000e-01
2.359375000000000000e+00
6.992187500000000000e-01
1.500000000000000000e+00
-1.171875000000000000e-01
1.898437500000000000e+00
1.875000000000000000e-01
-7.275390625000000000e-02
7.773437500000000000e-01
2.421875000000000000e+00
1.460937500000000000e+00
8.242187500000000000e-01
-6.601562500000000000e-01
9.257812500000000000e-01
1.773437500000000000e+00
-6.523437500000000000e-01
1.570312500000000000e+00
2.359375000000000000e+00
1.132812500000000000e+00
-3.906250000000000000e-01
-8.593750000000000000e-02
-1.031250000000000000e+00
-1.335937500000000000e+00
-8.085937500000000000e-01
8.007812500000000000e-01
3.125000000000000000e-01
-5.781250000000000000e-01
-1.117187500000000000e+00
3.652343750000000000e-01
1.632812500000000000e+00
-9.814453125000000000e-02
-1.312500000000000000e+00
1.476562500000000000e+00
1.289062500000000000e+00
-1.375000000000000000e+00
1.554687500000000000e+00
-1.367187500000000000e+00
1.273437500000000000e+00
-1.203125000000000000e+00
2.453125000000000000e+00
1.242187500000000000e+00
1.531250000000000000e+00
-5.820312500000000000e-01
-1.164062500000000000e+00
-8.750000000000000000e-01
4.941406250000000000e-01
7.929687500000000000e-01
1.108398437500000000e-01
-2.593750000000000000e+00
-1.742187500000000000e+00
-2.675781250000000000e-01
-2.000000000000000000e+00
-1.093750000000000000e+00
1.156250000000000000e+00
-9.414062500000000000e-01
1.664062500000000000e+00
4.863281250000000000e-01
-3.906250000000000000e-01
-2.060546875000000000e-01
-1.500000000000000000e+00
-1.640625000000000000e-01
1.304687500000000000e+00
-2.046875000000000000e+00
-1.664062500000000000e+00
2.171875000000000000e+00
1.054687500000000000e+00
-2.656250000000000000e-01
-1.875000000000000000e-01
-9.521484375000000000e-02
-7.695312500000000000e-01
-9.804687500000000000e-01
-5.664062500000000000e-01
-6.289062500000000000e-01
-1.539062500000000000e+00
-2.953125000000000000e+00
-1.632812500000000000e+00
8.593750000000000000e-01
-1.281250000000000000e+00
1.718750000000000000e+00
6.367187500000000000e-01
-1.820312500000000000e+00
-1.773437500000000000e+00
-9.257812500000000000e-01
-8.281250000000000000e-01
-1.234375000000000000e+00
3.417968750000000000e-01
-1.226562500000000000e+00
-2.988281250000000000e-01
1.023437500000000000e+00
1.245117187500000000e-01
-1.070312500000000000e+00
-4.531250000000000000e-01
4.355468750000000000e-01
-1.375000000000000000e+00
-9.726562500000000000e-01
-6.250000000000000000e-01
-1.195312500000000000e+00
1.226562500000000000e+00
-1.337890625000000000e-01
-1.257812500000000000e+00
1.914062500000000000e+00
-2.812500000000000000e-01
1.523437500000000000e+00
1.304687500000000000e+00
1.078125000000000000e+00
-1.398437500000000000e+00
1.343750000000000000e+00
-7.148437500000000000e-01
9.375000000000000000e-01
-3.964843750000000000e-01
7.031250000000000000e-01
1.226562500000000000e+00
-6.679687500000000000e-01
-1.367187500000000000e+00
1.406250000000000000e+00
1.375000000000000000e+00
-1.679687500000000000e+00
1.031250000000000000e+00
-1.179687500000000000e+00
2.046875000000000000e+00
1.226562500000000000e+00
6.601562500000000000e-01
1.601562500000000000e+00
5.468750000000000000e-01
1.351562500000000000e+00
7.343750000000000000e-01
1.914062500000000000e+00
2.250000000000000000e+00
9.179687500000000000e-01
2.109375000000000000e+00
-1.023437500000000000e+00
2.792968750000000000e-01
7.968750000000000000e-01
5.195312500000000000e-01
9.648437500000000000e-01
-2.421875000000000000e-01
1.007812500000000000e+00
1.554687500000000000e+00
1.148437500000000000e+00
-1.460937500000000000e+00
-1.531250000000000000e+00
1.406250000000000000e+00
1.085937500000000000e+00
-1.531250000000000000e+00
-1.906250000000000000e+00
1.210937500000000000e+00
1.789062500000000000e+00
1.570312500000000000e+00
-3.046875000000000000e+00
-1.375000000000000000e+00
-4.375000000000000000e-01
8.085937500000000000e-01
1.109375000000000000e+00
-1.742187500000000000e+00
8.007812500000000000e-01
1.601562500000000000e+00
1.914062500000000000e+00
1.882812500000000000e+00
-2.234375000000000000e+00
-3.671875000000000000e+00
1.152343750000000000e-01
-9.023437500000000000e-01
-6.562500000000000000e-01
-3.261566162109375000e-04
-1.648437500000000000e+00
1.773437500000000000e+00
1.523437500000000000e+00
1.101562500000000000e+00
-9.257812500000000000e-01
2.515625000000000000e+00
-5.117187500000000000e-01
2.250000000000000000e+00
-1.375000000000000000e+00
-5.039062500000000000e-01
-1.070312500000000000e+00
1.054687500000000000e+00
-1.533203125000000000e-01
1.429687500000000000e+00
8.544921875000000000e-02
-4.062500000000000000e-01
7.148437500000000000e-01
-1.500000000000000000e+00
-3.730468750000000000e-01
-4.406250000000000000e+00
-4.121093750000000000e-01
-7.773437500000000000e-01
-3.171875000000000000e+00
1.539062500000000000e+00
1.437500000000000000e+00
6.884765625000000000e-02
4.531250000000000000e-01
-1.195312500000000000e+00
-2.750000000000000000e+00
2.015625000000000000e+00
1.156250000000000000e+00
-9.804687500000000000e-01
1.664062500000000000e+00
2.187500000000000000e+00
-3.906250000000000000e-01
1.195312500000000000e+00
-4.902343750000000000e-01
9.570312500000000000e-01
-2.519531250000000000e-01
-4.843750000000000000e-01
-1.531250000000000000e+00
1.562500000000000000e+00
1.031250000000000000e+00
1.826171875000000000e-01
