1.781250000000000000e+00
8.476562500000000000e-01
-2.562500000000000000e+00
1.929687500000000000e+00
-5.351562500000000000e-01
-4.121093750000000000e-01
1.210937500000000000e+00
1.218750000000000000e+00
-1.375000000000000000e+00
-1.976562500000000000e+00
1.585937500000000000e+00
1.812500000000000000e+00
2.328125000000000000e+00
5.429687500000000000e-01
1.601562500000000000e+00
6.406250000000000000e-01
-1.539062500000000000e+00
1.445312500000000000e+00
2.468750000000000000e+00
-2.412109375000000000e-01
-4.042968750000000000e-01
1.375000000000000000e+00
-4.968750000000000000e+00
-8.476562500000000000e-01
1.632812500000000000e+00
1.062500000000000000e+00
-3.578125000000000000e+00
-1.117187500000000000e+00
1.226562500000000000e+00
-2.328125000000000000e+00
2.500000000000000000e+00
-1.257812500000000000e+00
2.234375000000000000e+00
-1.117187500000000000e+00
-1.445312500000000000e+00
-1.851562500000000000e+00
-3.652343750000000000e-01
1.328125000000000000e-01
5.195312500000000000e-01
-8.447265625000000000e-02
-5.000000000000000000e-01
3.015625000000000000e+00
2.171875000000000000e+00
-8.750000000000000000e-01
-2.015625000000000000e+00
9.492187500000000000e-01
1.000000000000000000e+00
6.093750000000000000e-01
2.236328125000000000e-01
1.812500000000000000e+00
4.238281250000000000e-01
-2.187500000000000000e+00
3.652343750000000000e-01
-1.554687500000000000e+00
2.078125000000000000e+00
1.687500000000000000e+00
9.687500000000000000e-01
-3.847656250000000000e-01
1.320312500000000000e+00
1.296875000000000000e+00
-2.087402343750000000e-02
1.132812500000000000e+00
9.335937500000000000e-01
2.953125000000000000e+00
2.453125000000000000e+00
2.578125000000000000e-01
2.203125000000000000e+00
4.609375000000000000e-01
1.562500000000000000e+00
3.339843750000000000e-01
-1.929687500000000000e+00
1.179687500000000000e+00
1.148437500000000000e+00
-2.171875000000000000e+00
1.429687500000000000e+00
-2.562500000000000000e+00
2.984375000000000000e+00
1.023437500000000000e+00
2.640625000000000000e+00
6.289062500000000000e-01
2.390625000000000000e+00
1.109375000000000000e+00
-5.312500000000000000e-01
-7.226562500000000000e-01
-2.796875000000000000e+00
-1.494140625000000000e-01
7.812500000000000000e-01
2.109375000000000000e+00
7.617187500000000000e-01
-2.578125000000000000e+00
3.144531250000000000e-01
2.312500000000000000e+00
-2.203125000000000000e+00
9.492187500000000000e-01
-6.562500000000000000e-01
-2.140625000000000000e+00
3.234375000000000000e+00
1.585937500000000000e+00
-2.406250000000000000e+00
8.398437500000000000e-01
1.835937500000000000e+00
-2.140625000000000000e+00
-2.250000000000000000e+00
1.601562500000000000e+00
2.359375000000000000e+00
2.796875000000000000e+00
-5.703125000000000000e-01
1.351562500000000000e+00
-1.140625000000000000e+00
6.132812500000000000e-01
3.000000000000000000e+00
-2.328125000000000000e+00
4.003906250000000000e-01
5.898437500000000000e-01
-8.867187500000000000e-01
2.921875000000000000e+00
-6.523437500000000000e-01
-9.492187500000000000e-01
-1.679687500000000000e+00
-7.968750000000000000e-01
-2.125000000000000000e+00
-2.015625000000000000e+00
-5.742187500000000000e-01
1.476562500000000000e+00
9.335937500000000000e-01
8.242187500000000000e-01
2.406250000000000000e+00
2.953125000000000000e+00
2.203125000000000000e+00
8.750000000000000000e-01
6.914062500000000000e-01
2.392578125000000000e-02
1.148437500000000000e+00
-1.632812500000000000e+00
8.837890625000000000e-02
6.689453125000000000e-02
6.210937500000000000e-01
1.656250000000000000e+00
2.484375000000000000e+00
-1.945312500000000000e+00
-6.445312500000000000e-01
4.121093750000000000e-01
2.437500000000000000e+00
6.601562500000000000e-01
2.234375000000000000e+00
-1.570312500000000000e+00
1.929687500000000000e+00
-2.636718750000000000e-01
1.960937500000000000e+00
2.015625000000000000e+00
2.625000000000000000e+00
-5.273437500000000000e-01
-1.789062500000000000e+00
-7.460937500000000000e-01
-1.062500000000000000e+00
-6.093750000000000000e-01
-4.453125000000000000e-01
-1.696777343750000000e-02
5.981445312500000000e-02
-1.789062500000000000e+00
2.353515625000000000e-01
6.250000000000000000e-01
1.320312500000000000e+00
-1.843750000000000000e+00
9.882812500000000000e-01
2.828125000000000000e+00
-1.976562500000000000e+00
1.088867187500000000e-01
1.500000000000000000e+00
-1.789062500000000000e+00
1.273437500000000000e+00
-3.906250000000000000e-01
3.046875000000000000e+00
2.265625000000000000e+00
3.515625000000000000e-01
2.687500000000000000e+00
8.710937500000000000e-01
1.937500000000000000e+00
-9.882812500000000000e-01
1.742187500000000000e+00
2.031250000000000000e-01
2.234375000000000000e+00
4.394531250000000000e-01
7.304687500000000000e-01
1.187500000000000000e+00
3.015625000000000000e+00
1.601562500000000000e+00
6.406250000000000000e-01
-5.976562500000000000e-01
9.492187500000000000e-01
1.875000000000000000e+00
-4.433593750000000000e-01
2.078125000000000000e+00
3.015625000000000000e+00
1.398437500000000000e+00
2.392578125000000000e-01
-5.468750000000000000e-01
-6.914062500000000000e-01
-1.414062500000000000e+00
-1.000000000000000000e+00
5.937500000000000000e-01
1.265625000000000000e+00
-1.007812500000000000e+00
-1.656250000000000000e+00
6.445312500000000000e-01
2.203125000000000000e+00
2.187500000000000000e-01
-1.554687500000000000e+00
1.906250000000000000e+00
1.695312500000000000e+00
-1.906250000000000000e+00
2.078125000000000000e+00
-1.875000000000000000e+00
8.398437500000000000e-01
-1.726562500000000000e+00
3.187500000000000000e+00
2.140625000000000000e+00
1.710937500000000000e+00
-1.085937500000000000e+00
-5.039062500000000000e-01
-9.531250000000000000e-01
6.640625000000000000e-01
9.375000000000000000e-01
3.613281250000000000e-01
-2.171875000000000000e+00
-2.265625000000000000e+00
3.906250000000000000e-01
-1.937500000000000000e+00
-7.929687500000000000e-01
4.687500000000000000e-01
-1.164062500000000000e+00
2.750000000000000000e+00
1.000000000000000000e+00
-6.992187500000000000e-01
-1.696777343750000000e-02
-1.851562500000000000e+00
1.079101562500000000e-01
1.343750000000000000e+00
-2.937500000000000000e+00
-2.328125000000000000e+00
2.765625000000000000e+00
3.691406250000000000e-01
-2.218750000000000000e+00
-2.675781250000000000e-01
4.589843750000000000e-01
-1.611328125000000000e-01
-5.976562500000000000e-01
-8.007812500000000000e-01
-8.740234375000000000e-02
-1.773437500000000000e+00
-2.546875000000000000e+00
-2.328125000000000000e+00
1.585937500000000000e+00
-1.679687500000000000e+00
2.046875000000000000e+00
-2.910156250000000000e-01
-2.234375000000000000e+00
-2.375000000000000000e+00
-1.171875000000000000e+00
-1.148437500000000000e+00
-1.460937500000000000e+00
9.492187500000000000e-01
-1.687500000000000000e+00
-4.433593750000000000e-01
1.273437500000000000e+00
-2.949218750000000000e-01
-1.593750000000000000e+00
2.119140625000000000e-01
1.320312500000000000e+00
-1.687500000000000000e+00
-2.832031250000000000e-01
-3.496093750000000000e-01
-1.929687500000000000e+00
1.656250000000000000e+00
2.636718750000000000e-01
-6.250000000000000000e-01
2.453125000000000000e+00
5.273437500000000000e-01
1.710937500000000000e+00
1.585937500000000000e+00
1.593750000000000000e+00
-1.648437500000000000e+00
2.265625000000000000e+00
-8.867187500000000000e-01
1.945312500000000000e+00
1.043701171875000000e-02
9.882812500000000000e-01
1.273437500000000000e+00
-6.679687500000000000e-01
-2.031250000000000000e+00
1.601562500000000000e+00
1.500000000000000000e+00
-9.257812500000000000e-01
1.523437500000000000e+00
-1.625000000000000000e+00
2.609375000000000000e+00
1.460937500000000000e+00
1.023437500000000000e+00
2.125000000000000000e+00
8.320312500000000000e-01
8.437500000000000000e-01
4.296875000000000000e-02
2.703125000000000000e+00
2.828125000000000000e+00
1.226562500000000000e+00
1.718750000000000000e+00
-1.070312500000000000e+00
5.117187500000000000e-01
3.378906250000000000e-01
1.101562500000000000e+00
1.273437500000000000e+00
5.156250000000000000e-01
1.242187500000000000e+00
1.976562500000000000e+00
1.093750000000000000e+00
-2.031250000000000000e+00
-2.046875000000000000e+00
1.867187500000000000e+00
1.164062500000000000e+00
-1.976562500000000000e+00
-2.687500000000000000e+00
1.460937500000000000e+00
2.203125000000000000e+00
1.304687500000000000e+00
-2.500000000000000000e+00
-2.046875000000000000e+00
3.125000000000000000e-02
1.164062500000000000e+00
9.062500000000000000e-01
-2.140625000000000000e+00
1.156250000000000000e+00
2.078125000000000000e+00
1.687500000000000000e+00
1.250000000000000000e+00
-2.640625000000000000e+00
-3.500000000000000000e+00
3.730468750000000000e-01
1.043701171875000000e-02
2.929687500000000000e-01
4.531250000000000000e-01
-2.015625000000000000e+00
1.875000000000000000e+00
2.390625000000000000e+00
1.554687500000000000e+00
-1.179687500000000000e+00
3.125000000000000000e+00
-3.906250000000000000e-01
5.195312500000000000e-01
-1.617187500000000000e+00
5.541992187500000000e-02
-1.351562500000000000e+00
1.343750000000000000e+00
-2.187500000000000000e-01
1.898437500000000000e+00
-4.765625000000000000e-01
4.375000000000000000e-01
-7.656250000000000000e-01
-1.031250000000000000e+00
-2.197265625000000000e-01
-4.093750000000000000e+00
-6.679687500000000000e-01
1.601562500000000000e-01
-2.796875000000000000e+00
1.960937500000000000e+00
1.375000000000000000e+00
7.695312500000000000e-01
5.781250000000000000e-01
-1.414062500000000000e+00
-3.171875000000000000e+00
2.265625000000000000e+00
1.375000000000000000e+00
-1.187500000000000000e+00
1.812500000000000000e+00
2.703125000000000000e+00
-7.773437500000000000e-01
1.414062500000000000e+00
1.054687500000000000e-01
1.132812500000000000e+00
-4.355468750000000000e-01
-6.367187500000000000e-01
-2.109375000000000000e+00
1.867187500000000000e+00
3.339843750000000000e-01
8.437500000000000000e-01
