-6.250000000000000000e-02
7.812500000000000000e-01
-2.375000000000000000e+00
1.476562500000000000e+00
-5.976562500000000000e-01
3.125000000000000000e-01
1.117187500000000000e+00
1.062500000000000000e+00
-1.304687500000000000e+00
-1.835937500000000000e+00
1.343750000000000000e+00
1.500000000000000000e+00
2.296875000000000000e+00
3.769531250000000000e-01
1.312500000000000000e+00
4.160156250000000000e-01
-7.148437500000000000e-01
1.085937500000000000e+00
8.242187500000000000e-01
-6.562500000000000000e-01
-3.828125000000000000e-01
1.875000000000000000e+00
-5.906250000000000000e+00
-8.945312500000000000e-01
1.242187500000000000e+00
7.070312500000000000e-01
-4.343750000000000000e+00
-1.429687500000000000e+00
5.781250000000000000e-01
-1.945312500000000000e+00
1.773437500000000000e+00
3.222656250000000000e-01
1.648437500000000000e+00
-9.257812500000000000e-01
-7.695312500000000000e-01
-1.835937500000000000e+00
1.455078125000000000e-01
5.981445312500000000e-02
2.392578125000000000e-01
-4.531250000000000000e-01
-8.242187500000000000e-01
2.296875000000000000e+00
1.843750000000000000e+00
-6.054687500000000000e-01
-2.125000000000000000e+00
1.039062500000000000e+00
1.195312500000000000e+00
1.650390625000000000e-01
6.093750000000000000e-01
1.101562500000000000e+00
1.435546875000000000e-01
-2.078125000000000000e+00
1.023437500000000000e+00
-1.265625000000000000e+00
1.398437500000000000e+00
6.523437500000000000e-01
7.929687500000000000e-01
-2.171875000000000000e+00
6.210937500000000000e-01
9.257812500000000000e-01
-6.982421875000000000e-02
9.843750000000000000e-01
2.773437500000000000e-01
2.515625000000000000e+00
2.281250000000000000e+00
1.904296875000000000e-01
1.476562500000000000e+00
4.667968750000000000e-01
1.031250000000000000e+00
8.085937500000000000e-01
-1.718750000000000000e+00
1.281250000000000000e+00
8.281250000000000000e-01
-1.789062500000000000e+00
1.976562500000000000e+00
-6.445312500000000000e-01
2.546875000000000000e+00
1.195312500000000000e+00
2.171875000000000000e+00
-1.166992187500000000e-01
2.546875000000000000e+00
7.617187500000000000e-01
-8.945312500000000000e-01
-7.304687500000000000e-01
-2.609375000000000000e+00
5.625000000000000000e-01
-3.183593750000000000e-01
1.562500000000000000e+00
6.640625000000000000e-01
-2.750000000000000000e+00
2.404785156250000000e-02
1.929687500000000000e+00
-1.562500000000000000e+00
4.433593750000000000e-01
1.455078125000000000e-01
-1.625000000000000000e+00
1.437500000000000000e+00
1.273437500000000000e+00
-2.328125000000000000e+00
1.007812500000000000e+00
8.867187500000000000e-01
-2.328125000000000000e+00
-1.867187500000000000e+00
1.773437500000000000e+00
1.656250000000000000e+00
2.125000000000000000e+00
-1.865234375000000000e-01
1.632812500000000000e+00
-1.242187500000000000e+00
2.773437500000000000e-01
2.265625000000000000e+00
-1.601562500000000000e+00
1.015625000000000000e+00
4.121093750000000000e-01
-7.343750000000000000e-01
2.359375000000000000e+00
8.476562500000000000e-01
-4.277343750000000000e-01
-1.804687500000000000e+00
-5.937500000000000000e-01
-1.539062500000000000e+00
-1.976562500000000000e+00
-3.515625000000000000e-01
1.273437500000000000e+00
1.156250000000000000e+00
5.898437500000000000e-01
2.078125000000000000e+00
2.062500000000000000e+00
1.687500000000000000e+00
1.007812500000000000e+00
1.351562500000000000e+00
9.492187500000000000e-01
9.023437500000000000e-01
-1.468750000000000000e+00
-1.710937500000000000e+00
-7.226562500000000000e-02
1.826171875000000000e-01
9.882812500000000000e-01
2.171875000000000000e+00
-1.445312500000000000e+00
-9.687500000000000000e-01
1.585937500000000000e+00
2.000000000000000000e+00
4.941406250000000000e-01
1.835937500000000000e+00
-1.343750000000000000e+00
6.875000000000000000e-01
-5.312500000000000000e-01
1.414062500000000000e+00
1.664062500000000000e+00
8.007812500000000000e-01
-6.445312500000000000e-01
-1.531250000000000000e+00
-4.121093750000000000e-01
-1.398437500000000000e+00
-2.093750000000000000e+00
-4.628906250000000000e-01
-4.370117187500000000e-02
-9.094238281250000000e-03
-1.398437500000000000e+00
-2.792968750000000000e-01
-3.828125000000000000e-01
8.437500000000000000e-01
-2.984375000000000000e+00
4.511718750000000000e-01
2.062500000000000000e+00
-1.781250000000000000e+00
-2.597656250000000000e-01
1.843750000000000000e+00
-1.437500000000000000e+00
1.195312500000000000e+00
-6.562500000000000000e-01
2.484375000000000000e+00
1.687500000000000000e+00
-5.932617187500000000e-02
2.171875000000000000e+00
1.923828125000000000e-01
2.125000000000000000e+00
-1.289062500000000000e-01
1.414062500000000000e+00
-7.773437500000000000e-01
1.789062500000000000e+00
2.519531250000000000e-01
2.812500000000000000e-01
1.398437500000000000e+00
2.109375000000000000e+00
1.460937500000000000e+00
7.304687500000000000e-01
-8.125000000000000000e-01
7.226562500000000000e-01
1.664062500000000000e+00
-3.593750000000000000e-01
1.531250000000000000e+00
2.515625000000000000e+00
1.101562500000000000e+00
-1.085937500000000000e+00
-1.914062500000000000e-01
-2.156250000000000000e+00
-1.335937500000000000e+00
-9.882812500000000000e-01
6.367187500000000000e-01
-1.093750000000000000e-01
-5.195312500000000000e-01
-1.226562500000000000e+00
1.250000000000000000e-01
1.500000000000000000e+00
8.242187500000000000e-01
-1.562500000000000000e+00
1.312500000000000000e+00
1.093750000000000000e+00
-1.679687500000000000e+00
1.351562500000000000e+00
-1.812500000000000000e+00
1.195312500000000000e+00
-1.429687500000000000e+00
2.203125000000000000e+00
9.257812500000000000e-01
1.523437500000000000e+00
-2.868652343750000000e-02
-2.046875000000000000e+00
-9.492187500000000000e-01
1.982421875000000000e-01
7.851562500000000000e-01
1.132812500000000000e-01
-3.390625000000000000e+00
-1.835937500000000000e+00
-2.080078125000000000e-01
-2.296875000000000000e+00
-1.687500000000000000e+00
7.656250000000000000e-01
-1.023437500000000000e+00
1.234375000000000000e+00
-5.156250000000000000e-01
-2.636718750000000000e-01
-1.650390625000000000e-01
-1.960937500000000000e+00
1.347656250000000000e-01
1.375000000000000000e+00
-2.375000000000000000e+00
-2.000000000000000000e+00
2.343750000000000000e+00
7.617187500000000000e-01
8.349609375000000000e-02
-4.941406250000000000e-01
-1.336669921875000000e-02
-6.601562500000000000e-01
-1.007812500000000000e+00
-9.687500000000000000e-01
-5.937500000000000000e-01
-1.898437500000000000e+00
-3.953125000000000000e+00
-1.914062500000000000e+00
4.418945312500000000e-02
-1.562500000000000000e+00
1.750000000000000000e+00
1.127929687500000000e-01
-2.000000000000000000e+00
-1.929687500000000000e+00
-6.679687500000000000e-01
-8.906250000000000000e-01
-1.187500000000000000e+00
9.492187500000000000e-01
-1.570312500000000000e+00
-7.500000000000000000e-01
1.054687500000000000e+00
8.789062500000000000e-02
-1.132812500000000000e+00
-3.144531250000000000e-01
6.875000000000000000e-01
-1.789062500000000000e+00
-8.085937500000000000e-01
-7.070312500000000000e-01
-1.617187500000000000e+00
1.187500000000000000e+00
4.199218750000000000e-02
-1.851562500000000000e+00
1.789062500000000000e+00
-1.000000000000000000e+00
1.351562500000000000e+00
1.039062500000000000e+00
9.687500000000000000e-01
-1.960937500000000000e+00
1.898437500000000000e+00
-7.695312500000000000e-01
1.492187500000000000e+00
-2.890625000000000000e-01
5.898437500000000000e-01
1.125000000000000000e+00
-6.601562500000000000e-01
-1.617187500000000000e+00
1.593750000000000000e+00
1.304687500000000000e+00
-1.125000000000000000e+00
1.468750000000000000e+00
-1.468750000000000000e+00
2.234375000000000000e+00
1.148437500000000000e+00
5.820312500000000000e-01
1.539062500000000000e+00
1.523437500000000000e-01
1.148437500000000000e+00
6.875000000000000000e-01
1.437500000000000000e+00
2.234375000000000000e+00
7.304687500000000000e-01
1.976562500000000000e+00
-1.023437500000000000e+00
-7.460937500000000000e-01
7.617187500000000000e-01
7.773437500000000000e-01
8.125000000000000000e-01
2.656250000000000000e-01
1.210937500000000000e+00
1.507812500000000000e+00
8.867187500000000000e-01
-1.585937500000000000e+00
-1.976562500000000000e+00
1.125000000000000000e+00
8.867187500000000000e-01
-1.835937500000000000e+00
-2.140625000000000000e+00
1.085937500000000000e+00
1.812500000000000000e+00
1.445312500000000000e+00
-3.453125000000000000e+00
-1.585937500000000000e+00
3.125000000000000000e-02
6.054687500000000000e-01
9.882812500000000000e-01
-1.679687500000000000e+00
9.218750000000000000e-01
1.781250000000000000e+00
1.648437500000000000e+00
1.601562500000000000e+00
-2.359375000000000000e+00
-4.718750000000000000e+00
-3.295898437500000000e-02
-1.773437500000000000e+00
-7.539062500000000000e-01
2.812500000000000000e-01
-1.875000000000000000e+00
1.695312500000000000e+00
1.648437500000000000e+00
1.039062500000000000e+00
-1.117187500000000000e+00
2.500000000000000000e+00
8.349609375000000000e-02
1.906250000000000000e+00
-1.679687500000000000e+00
-8.593750000000000000e-01
-1.437500000000000000e+00
8.789062500000000000e-01
-1.826171875000000000e-01
1.078125000000000000e+00
-4.082031250000000000e-01
-7.187500000000000000e-01
6.757812500000000000e-01
-2.109375000000000000e+00
-1.767578125000000000e-01
-5.156250000000000000e+00
-7.226562500000000000e-01
-5.156250000000000000e-01
-4.031250000000000000e+00
1.320312500000000000e+00
1.375000000000000000e+00
4.433593750000000000e-01
4.394531250000000000e-01
-1.460937500000000000e+00
-2.859375000000000000e+00
1.937500000000000000e+00
7.656250000000000000e-01
-1.367187500000000000e+00
1.585937500000000000e+00
1.710937500000000000e+00
-4.980468750000000000e-01
1.164062500000000000e+00
-1.279296875000000000e-01
8.554687500000000000e-01
-7.382812500000000000e-01
-6.132812500000000000e-01
-1.625000000000000000e+00
1.335937500000000000e+00
1.031250000000000000e+00
-3.261718750000000000e-01
