1.187500000000000000e+00
6.367187500000000000e-01
-2.484375000000000000e+00
1.898437500000000000e+00
-1.070312500000000000e+00
-4.531250000000000000e-01
1.132812500000000000e+00
1.304687500000000000e+00
-1.445312500000000000e+00
-2.078125000000000000e+00
1.523437500000000000e+00
1.648437500000000000e+00
2.328125000000000000e+00
5.273437500000000000e-01
1.523437500000000000e+00
6.289062500000000000e-01
-1.570312500000000000e+00
1.437500000000000000e+00
2.234375000000000000e+00
-1.215820312500000000e-01
-5.976562500000000000e-01
1.585937500000000000e+00
-5.656250000000000000e+00
-5.898437500000000000e-01
1.664062500000000000e+00
1.085937500000000000e+00
-4.093750000000000000e+00
-1.664062500000000000e+00
9.687500000000000000e-01
-2.187500000000000000e+00
2.500000000000000000e+00
-6.601562500000000000e-01
2.203125000000000000e+00
-1.242187500000000000e+00
-1.289062500000000000e+00
-2.000000000000000000e+00
-4.843750000000000000e-01
1.923828125000000000e-01
5.078125000000000000e-01
2.470703125000000000e-01
-1.195312500000000000e+00
2.953125000000000000e+00
2.046875000000000000e+00
-5.429687500000000000e-01
-2.828125000000000000e+00
9.062500000000000000e-01
1.187500000000000000e+00
7.304687500000000000e-01
2.656250000000000000e-01
1.601562500000000000e+00
5.937500000000000000e-01
-2.296875000000000000e+00
4.316406250000000000e-01
-1.382812500000000000e+00
2.140625000000000000e+00
1.507812500000000000e+00
7.031250000000000000e-01
-9.335937500000000000e-01
8.242187500000000000e-01
1.320312500000000000e+00
2.158203125000000000e-01
1.023437500000000000e+00
8.125000000000000000e-01
2.656250000000000000e+00
2.500000000000000000e+00
1.079101562500000000e-01
2.187500000000000000e+00
1.191406250000000000e-01
1.460937500000000000e+00
4.277343750000000000e-01
-2.109375000000000000e+00
6.757812500000000000e-01
8.945312500000000000e-01
-1.726562500000000000e+00
1.625000000000000000e+00
-1.804687500000000000e+00
3.000000000000000000e+00
1.117187500000000000e+00
2.578125000000000000e+00
3.574218750000000000e-01
2.500000000000000000e+00
1.085937500000000000e+00
-6.406250000000000000e-01
-5.781250000000000000e-01
-2.234375000000000000e+00
9.619140625000000000e-02
5.234375000000000000e-01
2.000000000000000000e+00
7.656250000000000000e-01
-3.500000000000000000e+00
3.671875000000000000e-01
2.234375000000000000e+00
-1.601562500000000000e+00
9.218750000000000000e-01
-4.921875000000000000e-01
-2.359375000000000000e+00
2.734375000000000000e+00
1.648437500000000000e+00
-3.046875000000000000e+00
8.242187500000000000e-01
1.593750000000000000e+00
-2.593750000000000000e+00
-2.062500000000000000e+00
1.742187500000000000e+00
2.328125000000000000e+00
2.562500000000000000e+00
-6.054687500000000000e-01
1.242187500000000000e+00
-1.375000000000000000e+00
8.085937500000000000e-01
2.921875000000000000e+00
-2.109375000000000000e+00
6.132812500000000000e-01
7.304687500000000000e-01
-1.210937500000000000e+00
2.921875000000000000e+00
-3.906250000000000000e-01
-6.132812500000000000e-01
-1.750000000000000000e+00
-9.726562500000000000e-01
-1.937500000000000000e+00
-2.515625000000000000e+00
-4.765625000000000000e-01
1.320312500000000000e+00
9.531250000000000000e-01
7.304687500000000000e-01
2.234375000000000000e+00
2.875000000000000000e+00
2.062500000000000000e+00
8.945312500000000000e-01
8.710937500000000000e-01
7.187500000000000000e-01
1.070312500000000000e+00
-1.500000000000000000e+00
4.902343750000000000e-01
2.792968750000000000e-01
5.976562500000000000e-01
1.523437500000000000e+00
2.359375000000000000e+00
-1.898437500000000000e+00
-2.275390625000000000e-01
8.281250000000000000e-01
2.359375000000000000e+00
5.625000000000000000e-01
2.125000000000000000e+00
-1.875000000000000000e+00
1.570312500000000000e+00
-3.691406250000000000e-01
1.773437500000000000e+00
1.937500000000000000e+00
2.312500000000000000e+00
-1.070312500000000000e+00
-1.570312500000000000e+00
-7.343750000000000000e-01
-1.632812500000000000e+00
-1.101562500000000000e+00
-7.382812500000000000e-01
2.929687500000000000e-02
-3.652343750000000000e-01
-1.710937500000000000e+00
3.378906250000000000e-01
6.171875000000000000e-01
1.226562500000000000e+00
-1.718750000000000000e+00
1.000000000000000000e+00
2.687500000000000000e+00
-1.875000000000000000e+00
1.196289062500000000e-01
1.476562500000000000e+00
-1.898437500000000000e+00
1.226562500000000000e+00
-4.316406250000000000e-01
2.937500000000000000e+00
2.187500000000000000e+00
7.177734375000000000e-02
2.703125000000000000e+00
6.367187500000000000e-01
2.046875000000000000e+00
-7.968750000000000000e-01
1.773437500000000000e+00
-5.200195312500000000e-02
2.234375000000000000e+00
5.507812500000000000e-01
6.015625000000000000e-01
1.054687500000000000e+00
2.921875000000000000e+00
1.554687500000000000e+00
7.929687500000000000e-01
-1.226562500000000000e+00
8.242187500000000000e-01
1.875000000000000000e+00
-3.535156250000000000e-01
2.046875000000000000e+00
2.921875000000000000e+00
1.375000000000000000e+00
-1.826171875000000000e-01
-4.863281250000000000e-01
-1.148437500000000000e+00
-1.601562500000000000e+00
-1.062500000000000000e+00
6.601562500000000000e-01
9.531250000000000000e-01
-8.437500000000000000e-01
-1.710937500000000000e+00
2.158203125000000000e-01
2.187500000000000000e+00
9.257812500000000000e-01
-1.601562500000000000e+00
1.812500000000000000e+00
1.687500000000000000e+00
-1.867187500000000000e+00
1.976562500000000000e+00
-2.265625000000000000e+00
9.062500000000000000e-01
-1.976562500000000000e+00
3.000000000000000000e+00
1.898437500000000000e+00
1.648437500000000000e+00
-1.343750000000000000e+00
-1.148437500000000000e+00
-1.117187500000000000e+00
3.437500000000000000e-01
1.000000000000000000e+00
2.851562500000000000e-01
-2.765625000000000000e+00
-2.125000000000000000e+00
4.218750000000000000e-01
-2.421875000000000000e+00
-1.031250000000000000e+00
3.769531250000000000e-01
-1.265625000000000000e+00
2.406250000000000000e+00
7.773437500000000000e-01
-6.757812500000000000e-01
6.500244140625000000e-03
-2.203125000000000000e+00
-7.382812500000000000e-01
1.148437500000000000e+00
-2.531250000000000000e+00
-2.296875000000000000e+00
2.609375000000000000e+00
8.164062500000000000e-01
-1.375000000000000000e+00
-8.437500000000000000e-01
5.937500000000000000e-01
-1.298828125000000000e-01
-4.902343750000000000e-01
-1.343750000000000000e+00
-8.593750000000000000e-02
-2.125000000000000000e+00
-3.437500000000000000e+00
-2.125000000000000000e+00
9.023437500000000000e-01
-1.992187500000000000e+00
2.078125000000000000e+00
-8.935546875000000000e-02
-2.265625000000000000e+00
-2.187500000000000000e+00
-1.085937500000000000e+00
-1.429687500000000000e+00
-1.835937500000000000e+00
1.601562500000000000e+00
-1.820312500000000000e+00
-6.523437500000000000e-01
1.070312500000000000e+00
-2.753906250000000000e-01
-1.406250000000000000e+00
2.070312500000000000e-01
1.101562500000000000e+00
-1.789062500000000000e+00
-7.148437500000000000e-01
-4.003906250000000000e-01
-1.773437500000000000e+00
1.562500000000000000e+00
1.298828125000000000e-01
-9.218750000000000000e-01
2.437500000000000000e+00
2.714843750000000000e-01
1.625000000000000000e+00
1.328125000000000000e+00
1.406250000000000000e+00
-1.812500000000000000e+00
2.656250000000000000e+00
-1.140625000000000000e+00
1.726562500000000000e+00
-4.667968750000000000e-01
9.648437500000000000e-01
1.281250000000000000e+00
-5.976562500000000000e-01
-1.750000000000000000e+00
1.562500000000000000e+00
1.382812500000000000e+00
-7.812500000000000000e-01
1.117187500000000000e+00
-2.062500000000000000e+00
2.500000000000000000e+00
1.539062500000000000e+00
4.628906250000000000e-01
2.187500000000000000e+00
4.218750000000000000e-01
9.218750000000000000e-01
4.902343750000000000e-01
2.390625000000000000e+00
2.796875000000000000e+00
1.164062500000000000e+00
1.710937500000000000e+00
-1.187500000000000000e+00
1.689453125000000000e-01
5.156250000000000000e-01
8.554687500000000000e-01
1.226562500000000000e+00
4.902343750000000000e-01
9.179687500000000000e-01
1.960937500000000000e+00
1.031250000000000000e+00
-1.750000000000000000e+00
-2.609375000000000000e+00
1.718750000000000000e+00
1.117187500000000000e+00
-1.882812500000000000e+00
-3.000000000000000000e+00
1.500000000000000000e+00
2.078125000000000000e+00
1.289062500000000000e+00
-2.921875000000000000e+00
-1.773437500000000000e+00
9.130859375000000000e-02
7.226562500000000000e-01
9.570312500000000000e-01
-2.171875000000000000e+00
9.648437500000000000e-01
1.906250000000000000e+00
1.562500000000000000e+00
1.382812500000000000e+00
-2.453125000000000000e+00
-4.406250000000000000e+00
1.826171875000000000e-01
-5.742187500000000000e-01
2.021484375000000000e-01
1.533203125000000000e-01
-2.312500000000000000e+00
1.867187500000000000e+00
2.500000000000000000e+00
1.500000000000000000e+00
-1.164062500000000000e+00
3.078125000000000000e+00
-4.902343750000000000e-01
8.554687500000000000e-01
-1.718750000000000000e+00
4.277343750000000000e-01
-2.250000000000000000e+00
1.328125000000000000e+00
-2.551269531250000000e-02
1.750000000000000000e+00
-1.787109375000000000e-01
3.027343750000000000e-01
-3.007812500000000000e-01
-1.539062500000000000e+00
-8.398437500000000000e-01
-4.968750000000000000e+00
-6.757812500000000000e-01
2.148437500000000000e-01
-3.437500000000000000e+00
1.789062500000000000e+00
1.335937500000000000e+00
7.304687500000000000e-01
4.121093750000000000e-01
-1.835937500000000000e+00
-2.515625000000000000e+00
2.265625000000000000e+00
1.281250000000000000e+00
-1.507812500000000000e+00
1.750000000000000000e+00
2.703125000000000000e+00
-1.328125000000000000e-01
1.328125000000000000e+00
-2.031250000000000000e-01
1.085937500000000000e+00
-9.687500000000000000e-01
-3.886718750000000000e-01
-2.109375000000000000e+00
1.875000000000000000e+00
6.679687500000000000e-01
6.601562500000000000e-01
