3.125000000000000000e+00
7.070312500000000000e-01
-2.703125000000000000e+00
2.281250000000000000e+00
-1.132812500000000000e+00
-1.085937500000000000e+00
1.125000000000000000e+00
1.562500000000000000e+00
-1.507812500000000000e+00
-2.171875000000000000e+00
1.695312500000000000e+00
1.687500000000000000e+00
2.328125000000000000e+00
5.625000000000000000e-01
1.812500000000000000e+00
8.320312500000000000e-01
-2.453125000000000000e+00
1.773437500000000000e+00
4.093750000000000000e+00
2.343750000000000000e-02
-8.554687500000000000e-01
1.023437500000000000e+00
-4.843750000000000000e+00
-7.929687500000000000e-01
1.945312500000000000e+00
1.351562500000000000e+00
-3.265625000000000000e+00
-1.726562500000000000e+00
1.273437500000000000e+00
-2.578125000000000000e+00
3.328125000000000000e+00
-2.234375000000000000e+00
2.703125000000000000e+00
-1.625000000000000000e+00
-1.835937500000000000e+00
-2.046875000000000000e+00
-9.804687500000000000e-01
2.373046875000000000e-01
8.789062500000000000e-01
1.015625000000000000e-01
-1.382812500000000000e+00
3.640625000000000000e+00
2.046875000000000000e+00
-7.812500000000000000e-01
-2.937500000000000000e+00
7.773437500000000000e-01
9.179687500000000000e-01
5.273437500000000000e-01
-2.275390625000000000e-01
2.453125000000000000e+00
6.328125000000000000e-01
-2.421875000000000000e+00
-7.031250000000000000e-02
-1.492187500000000000e+00
2.750000000000000000e+00
2.812500000000000000e+00
5.468750000000000000e-01
9.531250000000000000e-01
1.195312500000000000e+00
1.570312500000000000e+00
1.962890625000000000e-01
1.023437500000000000e+00
1.117187500000000000e+00
3.078125000000000000e+00
2.562500000000000000e+00
-4.614257812500000000e-02
2.953125000000000000e+00
3.457031250000000000e-01
1.500000000000000000e+00
-2.216796875000000000e-01
-2.078125000000000000e+00
2.138671875000000000e-01
9.804687500000000000e-01
-2.140625000000000000e+00
8.281250000000000000e-01
-3.578125000000000000e+00
3.296875000000000000e+00
8.554687500000000000e-01
2.921875000000000000e+00
6.445312500000000000e-01
2.359375000000000000e+00
1.429687500000000000e+00
-7.861328125000000000e-02
-4.160156250000000000e-01
-2.609375000000000000e+00
-7.304687500000000000e-01
1.726562500000000000e+00
2.609375000000000000e+00
9.414062500000000000e-01
-3.375000000000000000e+00
6.328125000000000000e-01
2.281250000000000000e+00
-2.109375000000000000e+00
1.148437500000000000e+00
-1.304687500000000000e+00
-2.921875000000000000e+00
4.656250000000000000e+00
1.914062500000000000e+00
-3.375000000000000000e+00
6.601562500000000000e-01
2.750000000000000000e+00
-2.687500000000000000e+00
-2.578125000000000000e+00
1.523437500000000000e+00
3.250000000000000000e+00
3.078125000000000000e+00
-7.929687500000000000e-01
1.054687500000000000e+00
-1.351562500000000000e+00
9.062500000000000000e-01
3.703125000000000000e+00
-2.921875000000000000e+00
9.228515625000000000e-02
1.007812500000000000e+00
-1.406250000000000000e+00
3.328125000000000000e+00
-2.046875000000000000e+00
-6.992187500000000000e-01
-1.867187500000000000e+00
-9.648437500000000000e-01
-2.390625000000000000e+00
-2.531250000000000000e+00
-8.554687500000000000e-01
1.281250000000000000e+00
7.304687500000000000e-01
1.093750000000000000e+00
2.468750000000000000e+00
4.000000000000000000e+00
2.515625000000000000e+00
7.070312500000000000e-01
3.359375000000000000e-01
-1.015625000000000000e-01
1.226562500000000000e+00
-1.812500000000000000e+00
2.515625000000000000e+00
2.304687500000000000e-01
7.343750000000000000e-01
2.187500000000000000e+00
2.546875000000000000e+00
-2.046875000000000000e+00
-3.457031250000000000e-01
-2.087402343750000000e-02
2.656250000000000000e+00
6.562500000000000000e-01
2.484375000000000000e+00
-2.375000000000000000e+00
2.875000000000000000e+00
-2.753906250000000000e-01
2.359375000000000000e+00
2.265625000000000000e+00
4.250000000000000000e+00
-1.304687500000000000e+00
-1.750000000000000000e+00
-1.023437500000000000e+00
-1.531250000000000000e+00
3.281250000000000000e-01
-8.554687500000000000e-01
1.074218750000000000e-01
-5.703125000000000000e-01
-2.046875000000000000e+00
3.261718750000000000e-01
1.656250000000000000e+00
1.562500000000000000e+00
-6.875000000000000000e-01
1.117187500000000000e+00
3.609375000000000000e+00
-2.046875000000000000e+00
2.910156250000000000e-01
1.101562500000000000e+00
-2.031250000000000000e+00
1.085937500000000000e+00
-4.663085937500000000e-02
3.437500000000000000e+00
2.750000000000000000e+00
1.118164062500000000e-01
3.171875000000000000e+00
9.570312500000000000e-01
1.914062500000000000e+00
-1.875000000000000000e+00
2.046875000000000000e+00
8.906250000000000000e-01
2.671875000000000000e+00
2.558593750000000000e-01
6.562500000000000000e-01
5.351562500000000000e-01
3.984375000000000000e+00
1.593750000000000000e+00
5.664062500000000000e-01
-9.804687500000000000e-01
9.570312500000000000e-01
2.062500000000000000e+00
-4.472656250000000000e-01
2.734375000000000000e+00
3.312500000000000000e+00
1.460937500000000000e+00
1.156250000000000000e+00
-7.617187500000000000e-01
3.964843750000000000e-01
-1.468750000000000000e+00
-1.070312500000000000e+00
6.132812500000000000e-01
2.328125000000000000e+00
-1.062500000000000000e+00
-2.171875000000000000e+00
3.222656250000000000e-01
3.046875000000000000e+00
2.871093750000000000e-01
-1.750000000000000000e+00
2.265625000000000000e+00
2.328125000000000000e+00
-2.140625000000000000e+00
2.703125000000000000e+00
-2.453125000000000000e+00
4.863281250000000000e-01
-2.421875000000000000e+00
3.890625000000000000e+00
3.078125000000000000e+00
1.718750000000000000e+00
-2.671875000000000000e+00
3.847656250000000000e-01
-9.101562500000000000e-01
4.218750000000000000e-01
1.062500000000000000e+00
2.421875000000000000e-01
-1.562500000000000000e+00
-2.312500000000000000e+00
5.742187500000000000e-01
-2.437500000000000000e+00
-1.513671875000000000e-01
-1.914062500000000000e-01
-1.281250000000000000e+00
4.093750000000000000e+00
2.359375000000000000e+00
-1.062500000000000000e+00
2.968750000000000000e-01
-2.250000000000000000e+00
-8.593750000000000000e-01
1.140625000000000000e+00
-2.859375000000000000e+00
-2.484375000000000000e+00
2.890625000000000000e+00
4.082031250000000000e-01
-3.875000000000000000e+00
-8.125000000000000000e-01
4.785156250000000000e-01
1.572265625000000000e-01
-3.046875000000000000e-01
-1.289062500000000000e+00
-3.125000000000000000e-02
-2.171875000000000000e+00
-2.140625000000000000e+00
-2.375000000000000000e+00
2.437500000000000000e+00
-2.062500000000000000e+00
2.265625000000000000e+00
-5.273437500000000000e-01
-2.421875000000000000e+00
-2.609375000000000000e+00
-1.296875000000000000e+00
-1.773437500000000000e+00
-2.250000000000000000e+00
1.445312500000000000e+00
-1.976562500000000000e+00
-6.054687500000000000e-01
8.945312500000000000e-01
-5.234375000000000000e-01
-1.835937500000000000e+00
5.468750000000000000e-01
1.468750000000000000e+00
-1.789062500000000000e+00
-4.589843750000000000e-01
-1.796875000000000000e-01
-2.171875000000000000e+00
1.898437500000000000e+00
3.984375000000000000e-01
1.826171875000000000e-01
3.171875000000000000e+00
1.875000000000000000e+00
1.945312500000000000e+00
1.960937500000000000e+00
1.835937500000000000e+00
-1.789062500000000000e+00
2.703125000000000000e+00
-1.070312500000000000e+00
1.875000000000000000e+00
-2.187500000000000000e-01
1.398437500000000000e+00
1.343750000000000000e+00
-4.687500000000000000e-01
-2.203125000000000000e+00
1.585937500000000000e+00
1.507812500000000000e+00
-7.187500000000000000e-01
9.492187500000000000e-01
-2.328125000000000000e+00
2.703125000000000000e+00
1.914062500000000000e+00
4.628906250000000000e-01
2.671875000000000000e+00
6.562500000000000000e-01
6.562500000000000000e-01
-1.225585937500000000e-01
3.687500000000000000e+00
3.296875000000000000e+00
1.625000000000000000e+00
1.351562500000000000e+00
-1.000000000000000000e+00
1.601562500000000000e+00
9.619140625000000000e-02
1.257812500000000000e+00
1.625000000000000000e+00
2.949218750000000000e-01
7.929687500000000000e-01
2.312500000000000000e+00
1.101562500000000000e+00
-2.203125000000000000e+00
-2.765625000000000000e+00
2.500000000000000000e+00
1.460937500000000000e+00
-2.109375000000000000e+00
-3.562500000000000000e+00
1.914062500000000000e+00
2.312500000000000000e+00
1.156250000000000000e+00
-1.976562500000000000e+00
-2.312500000000000000e+00
-4.687500000000000000e-02
6.835937500000000000e-01
7.226562500000000000e-01
-2.609375000000000000e+00
1.007812500000000000e+00
1.929687500000000000e+00
1.601562500000000000e+00
1.085937500000000000e+00
-2.625000000000000000e+00
-3.250000000000000000e+00
1.533203125000000000e-01
1.117187500000000000e+00
1.164062500000000000e+00
2.138671875000000000e-01
-2.265625000000000000e+00
2.031250000000000000e+00
3.000000000000000000e+00
1.929687500000000000e+00
-1.179687500000000000e+00
3.687500000000000000e+00
-1.195312500000000000e+00
-5.117187500000000000e-01
-1.914062500000000000e+00
1.117187500000000000e+00
-2.375000000000000000e+00
1.898437500000000000e+00
-2.080078125000000000e-01
2.671875000000000000e+00
-5.156250000000000000e-01
1.445312500000000000e+00
-1.562500000000000000e+00
-5.781250000000000000e-01
-8.945312500000000000e-01
-4.156250000000000000e+00
-8.320312500000000000e-01
5.820312500000000000e-01
-2.437500000000000000e+00
2.484375000000000000e+00
1.304687500000000000e+00
6.914062500000000000e-01
5.820312500000000000e-01
-1.835937500000000000e+00
-3.125000000000000000e+00
2.609375000000000000e+00
1.976562500000000000e+00
-1.726562500000000000e+00
1.976562500000000000e+00
3.937500000000000000e+00
-5.156250000000000000e-01
1.492187500000000000e+00
-5.200195312500000000e-02
1.226562500000000000e+00
-8.867187500000000000e-01
-2.001953125000000000e-01
-2.578125000000000000e+00
2.390625000000000000e+00
-1.191406250000000000e-01
1.914062500000000000e+00
