-1.195312500000000000e+00
5.273437500000000000e-01
-1.718750000000000000e+00
1.023437500000000000e+00
-4.121093750000000000e-01
8.007812500000000000e-01
9.882812500000000000e-01
7.968750000000000000e-01
-1.000000000000000000e+00
-1.539062500000000000e+00
1.117187500000000000e+00
1.289062500000000000e+00
1.976562500000000000e+00
4.160156250000000000e-01
8.632812500000000000e-01
2.656250000000000000e-01
1.416015625000000000e-01
7.382812500000000000e-01
-2.187500000000000000e-01
-1.070312500000000000e+00
-1.708984375000000000e-01
2.453125000000000000e+00
-5.593750000000000000e+00
-4.472656250000000000e-01
8.476562500000000000e-01
3.535156250000000000e-01
-4.000000000000000000e+00
-1.046875000000000000e+00
3.593750000000000000e-01
-1.375000000000000000e+00
1.023437500000000000e+00
1.273437500000000000e+00
1.148437500000000000e+00
-3.261718750000000000e-01
-6.875000000000000000e-01
-1.710937500000000000e+00
8.750000000000000000e-01
-4.453125000000000000e-01
2.929687500000000000e-02
-3.847656250000000000e-01
-3.437500000000000000e-01
1.554687500000000000e+00
1.187500000000000000e+00
-3.261718750000000000e-01
-1.656250000000000000e+00
1.039062500000000000e+00
1.085937500000000000e+00
1.953125000000000000e-01
1.000000000000000000e+00
5.585937500000000000e-01
-1.884765625000000000e-01
-1.773437500000000000e+00
1.539062500000000000e+00
-7.617187500000000000e-01
9.218750000000000000e-01
-1.435546875000000000e-01
5.195312500000000000e-01
-2.984375000000000000e+00
4.785156250000000000e-01
7.070312500000000000e-01
-3.769531250000000000e-01
9.335937500000000000e-01
1.108398437500000000e-01
1.875000000000000000e+00
1.804687500000000000e+00
2.158203125000000000e-01
8.125000000000000000e-01
1.943359375000000000e-01
6.835937500000000000e-01
8.398437500000000000e-01
-1.656250000000000000e+00
1.460937500000000000e+00
4.375000000000000000e-01
-1.195312500000000000e+00
2.437500000000000000e+00
7.568359375000000000e-02
1.898437500000000000e+00
1.117187500000000000e+00
1.539062500000000000e+00
1.503906250000000000e-01
2.453125000000000000e+00
5.859375000000000000e-01
-9.179687500000000000e-01
-7.460937500000000000e-01
-2.062500000000000000e+00
8.867187500000000000e-01
-7.187500000000000000e-01
9.570312500000000000e-01
5.117187500000000000e-01
-2.265625000000000000e+00
-3.964843750000000000e-01
1.367187500000000000e+00
-1.117187500000000000e+00
2.431640625000000000e-01
1.085937500000000000e+00
-1.054687500000000000e+00
6.787109375000000000e-02
8.398437500000000000e-01
-1.554687500000000000e+00
1.007812500000000000e+00
2.294921875000000000e-01
-1.976562500000000000e+00
-1.039062500000000000e+00
1.812500000000000000e+00
9.257812500000000000e-01
1.476562500000000000e+00
-4.238281250000000000e-01
1.757812500000000000e+00
-1.179687500000000000e+00
-9.130859375000000000e-02
1.523437500000000000e+00
-9.687500000000000000e-01
1.210937500000000000e+00
-1.157226562500000000e-01
-5.937500000000000000e-01
1.773437500000000000e+00
1.937500000000000000e+00
-8.125000000000000000e-01
-1.648437500000000000e+00
-6.054687500000000000e-01
-1.062500000000000000e+00
-1.632812500000000000e+00
-1.376953125000000000e-01
1.054687500000000000e+00
1.179687500000000000e+00
3.183593750000000000e-01
1.789062500000000000e+00
1.210937500000000000e+00
1.210937500000000000e+00
8.945312500000000000e-01
1.593750000000000000e+00
9.882812500000000000e-01
6.992187500000000000e-01
-9.570312500000000000e-01
-2.312500000000000000e+00
6.250000000000000000e-02
-5.444335937500000000e-02
4.121093750000000000e-01
1.656250000000000000e+00
-1.289062500000000000e+00
-1.031250000000000000e+00
1.601562500000000000e+00
1.500000000000000000e+00
3.847656250000000000e-01
1.414062500000000000e+00
-8.085937500000000000e-01
-1.806640625000000000e-01
-2.470703125000000000e-01
9.335937500000000000e-01
1.187500000000000000e+00
-5.820312500000000000e-01
-2.343750000000000000e-01
-1.367187500000000000e+00
-4.042968750000000000e-01
-1.164062500000000000e+00
-2.703125000000000000e+00
-2.451171875000000000e-01
-3.085937500000000000e-01
3.300781250000000000e-01
-9.687500000000000000e-01
-3.906250000000000000e-01
-8.906250000000000000e-01
6.679687500000000000e-01
-3.078125000000000000e+00
-2.893066406250000000e-02
1.257812500000000000e+00
-1.476562500000000000e+00
-2.636718750000000000e-01
2.078125000000000000e+00
-9.257812500000000000e-01
1.023437500000000000e+00
-8.125000000000000000e-01
1.867187500000000000e+00
1.070312500000000000e+00
3.906250000000000000e-03
1.437500000000000000e+00
-4.467773437500000000e-02
1.781250000000000000e+00
9.179687500000000000e-01
1.039062500000000000e+00
-1.195312500000000000e+00
1.257812500000000000e+00
4.550781250000000000e-01
-3.247070312500000000e-02
1.023437500000000000e+00
1.312500000000000000e+00
1.226562500000000000e+00
7.070312500000000000e-01
-9.531250000000000000e-01
6.757812500000000000e-01
1.304687500000000000e+00
-4.843750000000000000e-01
9.179687500000000000e-01
1.812500000000000000e+00
8.789062500000000000e-01
-1.835937500000000000e+00
-1.230468750000000000e-01
-2.578125000000000000e+00
-1.382812500000000000e+00
-9.179687500000000000e-01
5.898437500000000000e-01
-1.148437500000000000e+00
-5.742187500000000000e-01
-6.250000000000000000e-01
2.753906250000000000e-01
7.500000000000000000e-01
7.617187500000000000e-01
-1.406250000000000000e+00
8.554687500000000000e-01
5.742187500000000000e-01
-1.210937500000000000e+00
8.125000000000000000e-01
-1.343750000000000000e+00
1.117187500000000000e+00
-7.304687500000000000e-01
1.335937500000000000e+00
-9.619140625000000000e-02
1.164062500000000000e+00
2.578125000000000000e-01
-2.703125000000000000e+00
-1.054687500000000000e+00
1.269531250000000000e-01
6.054687500000000000e-01
2.451171875000000000e-01
-3.671875000000000000e+00
-1.437500000000000000e+00
-2.714843750000000000e-01
-1.945312500000000000e+00
-1.835937500000000000e+00
1.125000000000000000e+00
-8.632812500000000000e-01
-1.015625000000000000e-01
-1.179687500000000000e+00
-2.832031250000000000e-01
-2.832031250000000000e-01
-1.679687500000000000e+00
3.750000000000000000e-01
1.070312500000000000e+00
-2.000000000000000000e+00
-1.750000000000000000e+00
1.757812500000000000e+00
1.093750000000000000e+00
1.218750000000000000e+00
-1.669921875000000000e-01
-2.138671875000000000e-01
-8.710937500000000000e-01
-1.304687500000000000e+00
-6.601562500000000000e-01
-5.781250000000000000e-01
-1.625000000000000000e+00
-4.031250000000000000e+00
-1.437500000000000000e+00
-7.148437500000000000e-01
-1.250000000000000000e+00
1.375000000000000000e+00
4.375000000000000000e-01
-1.539062500000000000e+00
-1.312500000000000000e+00
-6.406250000000000000e-01
-2.314453125000000000e-01
-5.742187500000000000e-01
5.351562500000000000e-01
-1.304687500000000000e+00
-4.531250000000000000e-01
1.085937500000000000e+00
2.255859375000000000e-01
-6.328125000000000000e-01
-5.312500000000000000e-01
3.593750000000000000e-01
-1.617187500000000000e+00
-9.648437500000000000e-01
-8.632812500000000000e-01
-1.023437500000000000e+00
8.867187500000000000e-01
-1.386718750000000000e-01
-2.015625000000000000e+00
1.164062500000000000e+00
-1.820312500000000000e+00
1.101562500000000000e+00
5.898437500000000000e-01
4.765625000000000000e-01
-1.562500000000000000e+00
1.312500000000000000e+00
-7.460937500000000000e-01
1.039062500000000000e+00
-2.910156250000000000e-01
3.457031250000000000e-01
9.179687500000000000e-01
-8.007812500000000000e-01
-1.007812500000000000e+00
1.335937500000000000e+00
1.070312500000000000e+00
-1.312500000000000000e+00
1.054687500000000000e+00
-9.375000000000000000e-01
1.750000000000000000e+00
7.617187500000000000e-01
7.968750000000000000e-01
1.132812500000000000e+00
3.964843750000000000e-01
1.367187500000000000e+00
8.281250000000000000e-01
5.039062500000000000e-01
1.687500000000000000e+00
3.906250000000000000e-01
1.937500000000000000e+00
-1.210937500000000000e+00
-1.117187500000000000e+00
9.843750000000000000e-01
2.812500000000000000e-01
4.589843750000000000e-01
6.787109375000000000e-02
8.750000000000000000e-01
1.101562500000000000e+00
8.632812500000000000e-01
-1.070312500000000000e+00
-1.554687500000000000e+00
6.171875000000000000e-01
6.406250000000000000e-01
-1.500000000000000000e+00
-1.375000000000000000e+00
6.601562500000000000e-01
1.398437500000000000e+00
1.539062500000000000e+00
-3.625000000000000000e+00
-1.039062500000000000e+00
-2.949218750000000000e-01
7.929687500000000000e-01
9.804687500000000000e-01
-1.164062500000000000e+00
6.992187500000000000e-01
1.304687500000000000e+00
1.562500000000000000e+00
1.742187500000000000e+00
-1.937500000000000000e+00
-4.187500000000000000e+00
1.318359375000000000e-01
-2.515625000000000000e+00
-1.242187500000000000e+00
2.636718750000000000e-01
-1.632812500000000000e+00
1.242187500000000000e+00
7.304687500000000000e-01
6.093750000000000000e-01
-1.195312500000000000e+00
1.773437500000000000e+00
1.176757812500000000e-01
2.875000000000000000e+00
-1.414062500000000000e+00
-1.054687500000000000e+00
-8.632812500000000000e-01
4.375000000000000000e-01
1.337890625000000000e-01
3.671875000000000000e-01
-7.910156250000000000e-02
-1.203125000000000000e+00
1.335937500000000000e+00
-2.265625000000000000e+00
3.149414062500000000e-02
-4.843750000000000000e+00
-4.550781250000000000e-01
-8.750000000000000000e-01
-4.031250000000000000e+00
8.554687500000000000e-01
1.257812500000000000e+00
1.718750000000000000e-01
1.279296875000000000e-01
-1.039062500000000000e+00
-2.328125000000000000e+00
1.429687500000000000e+00
3.085937500000000000e-01
-9.687500000000000000e-01
1.320312500000000000e+00
8.945312500000000000e-01
-1.069335937500000000e-01
8.125000000000000000e-01
-2.187500000000000000e-01
7.695312500000000000e-01
-3.105468750000000000e-01
-7.773437500000000000e-01
-9.882812500000000000e-01
9.882812500000000000e-01
1.468750000000000000e+00
-1.148437500000000000e+00
