-7.929687500000000000e-01
4.121093750000000000e-01
-2.062500000000000000e+00
1.265625000000000000e+00
-5.976562500000000000e-01
7.304687500000000000e-01
1.132812500000000000e+00
8.554687500000000000e-01
-1.179687500000000000e+00
-1.687500000000000000e+00
1.250000000000000000e+00
1.468750000000000000e+00
2.000000000000000000e+00
4.687500000000000000e-01
1.101562500000000000e+00
4.277343750000000000e-01
-3.222656250000000000e-01
9.023437500000000000e-01
1.367187500000000000e-01
-7.617187500000000000e-01
-2.431640625000000000e-01
2.437500000000000000e+00
-5.593750000000000000e+00
-6.992187500000000000e-01
1.070312500000000000e+00
5.429687500000000000e-01
-4.000000000000000000e+00
-1.148437500000000000e+00
4.628906250000000000e-01
-1.523437500000000000e+00
1.406250000000000000e+00
1.210937500000000000e+00
1.382812500000000000e+00
-6.445312500000000000e-01
-4.980468750000000000e-01
-1.718750000000000000e+00
6.914062500000000000e-01
-4.316406250000000000e-01
1.337890625000000000e-01
-3.066406250000000000e-01
-3.984375000000000000e-01
1.976562500000000000e+00
1.445312500000000000e+00
-5.859375000000000000e-01
-1.976562500000000000e+00
1.117187500000000000e+00
1.257812500000000000e+00
3.417968750000000000e-01
9.531250000000000000e-01
8.281250000000000000e-01
-1.679687500000000000e-01
-1.789062500000000000e+00
1.375000000000000000e+00
-1.085937500000000000e+00
1.195312500000000000e+00
1.250000000000000000e-01
5.429687500000000000e-01
-2.750000000000000000e+00
5.468750000000000000e-01
8.789062500000000000e-01
-4.355468750000000000e-01
1.062500000000000000e+00
1.328125000000000000e-01
2.109375000000000000e+00
1.960937500000000000e+00
1.806640625000000000e-01
1.156250000000000000e+00
-1.630859375000000000e-01
8.085937500000000000e-01
8.320312500000000000e-01
-1.843750000000000000e+00
1.523437500000000000e+00
5.195312500000000000e-01
-1.585937500000000000e+00
2.437500000000000000e+00
1.601562500000000000e-01
2.250000000000000000e+00
1.273437500000000000e+00
1.875000000000000000e+00
2.470703125000000000e-01
2.453125000000000000e+00
7.460937500000000000e-01
-1.242187500000000000e+00
-9.804687500000000000e-01
-2.203125000000000000e+00
9.960937500000000000e-01
-4.531250000000000000e-01
1.281250000000000000e+00
5.976562500000000000e-01
-2.609375000000000000e+00
-3.847656250000000000e-01
1.492187500000000000e+00
-1.429687500000000000e+00
2.753906250000000000e-01
8.320312500000000000e-01
-1.179687500000000000e+00
6.210937500000000000e-01
1.070312500000000000e+00
-1.523437500000000000e+00
1.015625000000000000e+00
5.468750000000000000e-01
-2.093750000000000000e+00
-1.375000000000000000e+00
1.789062500000000000e+00
1.289062500000000000e+00
1.820312500000000000e+00
-3.320312500000000000e-01
1.773437500000000000e+00
-1.281250000000000000e+00
1.916503906250000000e-02
1.898437500000000000e+00
-8.750000000000000000e-01
1.281250000000000000e+00
-2.851562500000000000e-01
-7.500000000000000000e-01
2.078125000000000000e+00
1.664062500000000000e+00
-1.046875000000000000e+00
-1.695312500000000000e+00
-6.171875000000000000e-01
-1.351562500000000000e+00
-1.812500000000000000e+00
-2.539062500000000000e-01
1.375000000000000000e+00
1.187500000000000000e+00
4.511718750000000000e-01
1.851562500000000000e+00
1.617187500000000000e+00
1.460937500000000000e+00
9.062500000000000000e-01
1.601562500000000000e+00
8.710937500000000000e-01
8.554687500000000000e-01
-1.148437500000000000e+00
-2.140625000000000000e+00
-1.152343750000000000e-01
-1.434326171875000000e-02
7.812500000000000000e-01
1.914062500000000000e+00
-1.585937500000000000e+00
-6.757812500000000000e-01
1.781250000000000000e+00
1.851562500000000000e+00
5.664062500000000000e-01
1.648437500000000000e+00
-8.085937500000000000e-01
1.416015625000000000e-01
-5.195312500000000000e-01
1.203125000000000000e+00
1.531250000000000000e+00
-1.904296875000000000e-01
-3.964843750000000000e-01
-1.531250000000000000e+00
-2.949218750000000000e-01
-1.398437500000000000e+00
-2.609375000000000000e+00
-3.183593750000000000e-01
-3.925781250000000000e-01
2.500000000000000000e-01
-1.164062500000000000e+00
-1.118164062500000000e-01
-9.804687500000000000e-01
8.125000000000000000e-01
-2.875000000000000000e+00
2.500000000000000000e-01
1.648437500000000000e+00
-1.539062500000000000e+00
-1.914062500000000000e-01
2.031250000000000000e+00
-1.195312500000000000e+00
1.218750000000000000e+00
-8.554687500000000000e-01
2.187500000000000000e+00
1.398437500000000000e+00
3.491210937500000000e-02
1.804687500000000000e+00
1.147460937500000000e-02
1.875000000000000000e+00
9.492187500000000000e-01
1.312500000000000000e+00
-9.492187500000000000e-01
1.531250000000000000e+00
4.375000000000000000e-01
8.251953125000000000e-02
1.187500000000000000e+00
1.742187500000000000e+00
1.335937500000000000e+00
7.812500000000000000e-01
-9.257812500000000000e-01
7.187500000000000000e-01
1.500000000000000000e+00
-5.742187500000000000e-01
1.156250000000000000e+00
2.156250000000000000e+00
1.117187500000000000e+00
-1.539062500000000000e+00
-2.404785156250000000e-02
-2.343750000000000000e+00
-1.523437500000000000e+00
-1.054687500000000000e+00
5.859375000000000000e-01
-8.125000000000000000e-01
-4.277343750000000000e-01
-7.304687500000000000e-01
4.472656250000000000e-01
1.117187500000000000e+00
6.562500000000000000e-01
-1.460937500000000000e+00
1.148437500000000000e+00
8.398437500000000000e-01
-1.367187500000000000e+00
1.070312500000000000e+00
-1.531250000000000000e+00
1.289062500000000000e+00
-8.085937500000000000e-01
1.835937500000000000e+00
1.513671875000000000e-01
1.445312500000000000e+00
2.871093750000000000e-01
-2.281250000000000000e+00
-1.226562500000000000e+00
3.378906250000000000e-01
7.500000000000000000e-01
2.314453125000000000e-01
-3.640625000000000000e+00
-1.687500000000000000e+00
-1.953125000000000000e-01
-2.031250000000000000e+00
-1.773437500000000000e+00
1.335937500000000000e+00
-1.117187500000000000e+00
2.519531250000000000e-01
-8.125000000000000000e-01
-1.416015625000000000e-01
-4.062500000000000000e-01
-1.804687500000000000e+00
4.980468750000000000e-02
1.281250000000000000e+00
-2.187500000000000000e+00
-1.843750000000000000e+00
2.046875000000000000e+00
1.101562500000000000e+00
1.171875000000000000e+00
-2.792968750000000000e-01
5.761718750000000000e-02
-7.695312500000000000e-01
-9.179687500000000000e-01
-7.695312500000000000e-01
-4.375000000000000000e-01
-1.789062500000000000e+00
-3.828125000000000000e+00
-1.656250000000000000e+00
-2.773437500000000000e-01
-1.476562500000000000e+00
1.593750000000000000e+00
5.976562500000000000e-01
-1.789062500000000000e+00
-1.492187500000000000e+00
-6.406250000000000000e-01
-6.015625000000000000e-01
-9.062500000000000000e-01
4.394531250000000000e-01
-1.437500000000000000e+00
-5.898437500000000000e-01
1.148437500000000000e+00
3.125000000000000000e-01
-9.687500000000000000e-01
-5.625000000000000000e-01
3.730468750000000000e-01
-1.718750000000000000e+00
-1.117187500000000000e+00
-7.968750000000000000e-01
-1.187500000000000000e+00
1.109375000000000000e+00
-2.617187500000000000e-01
-1.937500000000000000e+00
1.437500000000000000e+00
-1.460937500000000000e+00
1.273437500000000000e+00
9.062500000000000000e-01
6.835937500000000000e-01
-1.664062500000000000e+00
1.304687500000000000e+00
-9.492187500000000000e-01
1.125000000000000000e+00
-3.417968750000000000e-01
5.117187500000000000e-01
1.070312500000000000e+00
-8.437500000000000000e-01
-1.250000000000000000e+00
1.406250000000000000e+00
1.281250000000000000e+00
-1.179687500000000000e+00
1.164062500000000000e+00
-1.125000000000000000e+00
1.992187500000000000e+00
9.687500000000000000e-01
7.304687500000000000e-01
1.328125000000000000e+00
4.277343750000000000e-01
1.367187500000000000e+00
9.375000000000000000e-01
1.023437500000000000e+00
2.000000000000000000e+00
5.976562500000000000e-01
2.171875000000000000e+00
-1.351562500000000000e+00
-8.710937500000000000e-01
1.085937500000000000e+00
9.814453125000000000e-02
6.835937500000000000e-01
2.558593750000000000e-01
1.015625000000000000e+00
1.367187500000000000e+00
9.804687500000000000e-01
-1.367187500000000000e+00
-1.750000000000000000e+00
8.945312500000000000e-01
7.773437500000000000e-01
-1.468750000000000000e+00
-1.664062500000000000e+00
8.750000000000000000e-01
1.742187500000000000e+00
1.507812500000000000e+00
-3.578125000000000000e+00
-1.250000000000000000e+00
-2.792968750000000000e-01
8.437500000000000000e-01
1.039062500000000000e+00
-1.468750000000000000e+00
8.320312500000000000e-01
1.585937500000000000e+00
1.625000000000000000e+00
1.773437500000000000e+00
-2.234375000000000000e+00
-4.250000000000000000e+00
2.597656250000000000e-01
-2.234375000000000000e+00
-1.281250000000000000e+00
1.904296875000000000e-01
-1.875000000000000000e+00
1.562500000000000000e+00
9.570312500000000000e-01
8.593750000000000000e-01
-1.335937500000000000e+00
2.109375000000000000e+00
1.376953125000000000e-01
2.796875000000000000e+00
-1.460937500000000000e+00
-1.070312500000000000e+00
-1.210937500000000000e+00
6.250000000000000000e-01
-8.837890625000000000e-02
7.304687500000000000e-01
-3.339843750000000000e-01
-1.273437500000000000e+00
1.414062500000000000e+00
-2.265625000000000000e+00
-1.953125000000000000e-01
-4.843750000000000000e+00
-4.472656250000000000e-01
-6.875000000000000000e-01
-3.984375000000000000e+00
1.117187500000000000e+00
1.273437500000000000e+00
2.988281250000000000e-01
3.496093750000000000e-01
-1.273437500000000000e+00
-2.265625000000000000e+00
1.625000000000000000e+00
5.742187500000000000e-01
-1.085937500000000000e+00
1.445312500000000000e+00
1.328125000000000000e+00
-2.138671875000000000e-01
1.093750000000000000e+00
-2.949218750000000000e-01
8.632812500000000000e-01
-4.394531250000000000e-01
-9.882812500000000000e-01
-1.320312500000000000e+00
1.218750000000000000e+00
1.203125000000000000e+00
-8.125000000000000000e-01
