3.137500000000000000e+01
-1.789062500000000000e+00
-6.406250000000000000e+00
1.031250000000000000e+01
-2.296875000000000000e+00
-3.250000000000000000e+00
5.312500000000000000e+00
7.250000000000000000e+00
-4.125000000000000000e+00
-2.703125000000000000e+00
6.843750000000000000e+00
4.250000000000000000e+00
3.828125000000000000e+00
2.312500000000000000e+00
9.687500000000000000e+00
6.125000000000000000e+00
-8.312500000000000000e+00
7.343750000000000000e+00
2.762500000000000000e+01
-1.337890625000000000e-01
-2.875000000000000000e+00
-7.617187500000000000e-01
1.331250000000000000e+01
-2.437500000000000000e+00
8.562500000000000000e+00
7.718750000000000000e+00
1.243750000000000000e+01
-1.695312500000000000e+00
2.515625000000000000e+00
-6.906250000000000000e+00
1.712500000000000000e+01
-8.750000000000000000e+00
1.156250000000000000e+01
-6.000000000000000000e+00
-2.015625000000000000e+00
-2.312500000000000000e+00
-1.960937500000000000e+00
1.648437500000000000e+00
7.250000000000000000e+00
-4.343750000000000000e+00
-2.531250000000000000e+00
1.625000000000000000e+01
4.781250000000000000e+00
-4.687500000000000000e+00
-2.671875000000000000e+00
2.734375000000000000e+00
2.359375000000000000e+00
-2.453125000000000000e+00
-1.617187500000000000e+00
1.581250000000000000e+01
1.281250000000000000e+00
-2.171875000000000000e+00
-3.296875000000000000e+00
-5.750000000000000000e+00
1.218750000000000000e+01
2.050000000000000000e+01
-5.406250000000000000e+00
2.700000000000000000e+01
2.000000000000000000e+00
6.656250000000000000e+00
-1.007812500000000000e+00
2.359375000000000000e+00
2.328125000000000000e+00
1.200000000000000000e+01
4.906250000000000000e+00
-3.421875000000000000e+00
1.531250000000000000e+01
-2.453125000000000000e+00
1.554687500000000000e+00
-3.734375000000000000e+00
-1.601562500000000000e+00
1.117187500000000000e+00
1.664062500000000000e+00
-8.500000000000000000e+00
-2.296875000000000000e+00
-1.075000000000000000e+01
1.150000000000000000e+01
2.671875000000000000e+00
1.043750000000000000e+01
2.375000000000000000e+00
3.750000000000000000e+00
8.000000000000000000e+00
-3.171875000000000000e+00
-1.468750000000000000e+00
-8.687500000000000000e+00
-9.843750000000000000e-01
2.137500000000000000e+01
1.375000000000000000e+01
6.031250000000000000e+00
-2.484375000000000000e+00
-8.125000000000000000e-01
1.460937500000000000e+00
-1.081250000000000000e+01
1.750000000000000000e+00
-6.656250000000000000e+00
-6.156250000000000000e+00
3.425000000000000000e+01
8.812500000000000000e+00
-2.187500000000000000e+00
4.472656250000000000e-01
2.000000000000000000e+01
-1.914062500000000000e+00
-5.625000000000000000e+00
1.835937500000000000e+00
1.850000000000000000e+01
1.243750000000000000e+01
-1.835937500000000000e+00
8.007812500000000000e-01
-1.304687500000000000e+00
3.491210937500000000e-02
1.687500000000000000e+01
-5.593750000000000000e+00
-2.484375000000000000e+00
-2.546875000000000000e+00
-2.187500000000000000e+00
1.056250000000000000e+01
-1.400000000000000000e+01
-4.031250000000000000e+00
-1.445312500000000000e+00
-1.992187500000000000e+00
-6.531250000000000000e+00
-1.289062500000000000e+00
-4.000000000000000000e+00
7.093750000000000000e+00
3.281250000000000000e-01
8.937500000000000000e+00
6.750000000000000000e+00
2.087500000000000000e+01
1.075000000000000000e+01
6.210937500000000000e-01
-1.437500000000000000e+00
-6.750000000000000000e+00
5.406250000000000000e+00
-4.531250000000000000e+00
2.237500000000000000e+01
-2.546875000000000000e+00
-3.515625000000000000e-02
1.493750000000000000e+01
7.093750000000000000e+00
-5.843750000000000000e+00
9.843750000000000000e-01
-3.453125000000000000e+00
1.118750000000000000e+01
4.875000000000000000e+00
9.687500000000000000e+00
-4.218750000000000000e+00
2.337500000000000000e+01
-5.093750000000000000e+00
1.200000000000000000e+01
1.006250000000000000e+01
3.062500000000000000e+01
-3.796875000000000000e+00
-3.484375000000000000e+00
2.453125000000000000e+00
-1.570312500000000000e+00
1.912500000000000000e+01
-4.781250000000000000e+00
-4.785156250000000000e-01
-1.648437500000000000e+00
-3.921875000000000000e+00
7.031250000000000000e-01
9.187500000000000000e+00
6.718750000000000000e+00
1.418750000000000000e+01
1.687500000000000000e+00
1.737500000000000000e+01
-2.671875000000000000e+00
1.164062500000000000e+00
1.242187500000000000e+00
-5.781250000000000000e+00
3.421875000000000000e+00
-7.968750000000000000e-01
1.250000000000000000e+01
1.331250000000000000e+01
-1.203125000000000000e+00
1.181250000000000000e+01
2.453125000000000000e+00
5.750000000000000000e+00
-2.921875000000000000e+00
9.312500000000000000e+00
1.687500000000000000e+01
1.268750000000000000e+01
-4.218750000000000000e+00
-2.695312500000000000e-01
-2.796875000000000000e+00
2.025000000000000000e+01
4.843750000000000000e+00
1.218750000000000000e+00
-3.234375000000000000e+00
3.453125000000000000e+00
8.687500000000000000e+00
-1.898437500000000000e+00
1.343750000000000000e+01
1.193750000000000000e+01
5.906250000000000000e+00
2.300000000000000000e+01
-8.007812500000000000e-01
2.537500000000000000e+01
-1.648437500000000000e+00
-6.210937500000000000e-01
1.500000000000000000e+00
2.212500000000000000e+01
-2.078125000000000000e+00
-5.156250000000000000e+00
1.218750000000000000e+00
1.700000000000000000e+01
-8.437500000000000000e+00
-2.828125000000000000e+00
1.043750000000000000e+01
1.256250000000000000e+01
-3.421875000000000000e+00
1.318750000000000000e+01
-2.953125000000000000e+00
2.265625000000000000e+00
-3.859375000000000000e+00
2.000000000000000000e+01
2.037500000000000000e+01
7.500000000000000000e+00
-9.500000000000000000e+00
2.612500000000000000e+01
-8.398437500000000000e-01
1.625000000000000000e+00
3.703125000000000000e+00
-7.568359375000000000e-02
1.787500000000000000e+01
-5.156250000000000000e+00
-5.737304687500000000e-02
-1.476562500000000000e+00
1.306250000000000000e+01
4.316406250000000000e-01
-2.875000000000000000e+00
2.812500000000000000e+01
2.450000000000000000e+01
-1.296875000000000000e+00
1.225585937500000000e-01
-1.460937500000000000e+00
-5.156250000000000000e+00
5.281250000000000000e+00
-7.093750000000000000e+00
-1.726562500000000000e+00
8.312500000000000000e+00
-1.203125000000000000e+00
-1.612500000000000000e+01
2.988281250000000000e-01
3.984375000000000000e-01
4.003906250000000000e-01
1.789062500000000000e+00
-1.210937500000000000e+00
-7.177734375000000000e-02
-1.812500000000000000e+00
2.300000000000000000e+01
-5.906250000000000000e+00
2.762500000000000000e+01
-2.500000000000000000e+00
7.093750000000000000e+00
2.453613281250000000e-02
-5.843750000000000000e+00
-8.687500000000000000e+00
-4.281250000000000000e+00
-5.843750000000000000e+00
-8.250000000000000000e+00
-3.890625000000000000e+00
-2.750000000000000000e+00
-2.187500000000000000e+00
-6.054687500000000000e-01
-9.570312500000000000e-01
-6.906250000000000000e+00
6.992187500000000000e-01
2.312500000000000000e+00
-1.062500000000000000e+00
-3.671875000000000000e-01
1.406250000000000000e-01
-4.562500000000000000e+00
8.000000000000000000e+00
-8.281250000000000000e-01
1.393750000000000000e+01
1.350000000000000000e+01
2.562500000000000000e+01
7.468750000000000000e+00
1.375000000000000000e+01
1.031250000000000000e+01
-5.742187500000000000e-01
-1.179687500000000000e+00
-1.726562500000000000e+00
-5.898437500000000000e-01
-3.183593750000000000e-01
8.187500000000000000e+00
5.843750000000000000e+00
-1.695312500000000000e+00
-5.281250000000000000e+00
2.265625000000000000e+00
6.343750000000000000e+00
-5.250000000000000000e+00
1.039062500000000000e+00
-3.671875000000000000e+00
7.718750000000000000e+00
1.018750000000000000e+01
-3.437500000000000000e+00
1.006250000000000000e+01
2.093750000000000000e+00
4.589843750000000000e-01
-3.421875000000000000e+00
2.400000000000000000e+01
1.268750000000000000e+01
9.687500000000000000e+00
4.687500000000000000e+00
-4.160156250000000000e-01
2.100000000000000000e+01
-1.062500000000000000e+00
8.242187500000000000e-01
9.000000000000000000e+00
-1.250000000000000000e+00
-1.023437500000000000e+00
1.081250000000000000e+01
5.031250000000000000e+00
-6.406250000000000000e+00
-2.640625000000000000e+00
1.456250000000000000e+01
8.875000000000000000e+00
-2.859375000000000000e+00
-6.375000000000000000e+00
1.043750000000000000e+01
9.437500000000000000e+00
1.289062500000000000e+00
1.031250000000000000e+01
-5.843750000000000000e+00
1.468750000000000000e+00
-1.914062500000000000e+00
2.140625000000000000e+00
-7.406250000000000000e+00
3.671875000000000000e+00
5.156250000000000000e+00
5.625000000000000000e+00
1.351562500000000000e+00
-6.250000000000000000e+00
1.531250000000000000e+01
-3.378906250000000000e-01
2.637500000000000000e+01
7.156250000000000000e+00
-5.125000000000000000e+00
-1.820312500000000000e+00
9.437500000000000000e+00
8.812500000000000000e+00
1.025000000000000000e+01
-1.406250000000000000e+00
1.506250000000000000e+01
-2.937500000000000000e+00
-7.000000000000000000e+00
-2.109375000000000000e+00
4.812500000000000000e+00
-3.640625000000000000e+00
1.150000000000000000e+01
-3.250000000000000000e+00
1.712500000000000000e+01
-3.078125000000000000e+00
1.006250000000000000e+01
-7.750000000000000000e+00
1.231250000000000000e+01
-5.343750000000000000e+00
1.268750000000000000e+01
-1.625000000000000000e+00
-3.339843750000000000e-01
1.500000000000000000e+01
1.331250000000000000e+01
3.000000000000000000e+00
-4.765625000000000000e-01
8.750000000000000000e+00
-1.820312500000000000e+00
-8.312500000000000000e+00
1.000000000000000000e+01
1.281250000000000000e+01
-2.546875000000000000e+00
6.000000000000000000e+00
2.237500000000000000e+01
-3.828125000000000000e+00
7.906250000000000000e+00
-5.406250000000000000e+00
3.921875000000000000e+00
2.812500000000000000e-01
1.640625000000000000e-01
-7.750000000000000000e+00
1.081250000000000000e+01
-5.750000000000000000e+00
2.137500000000000000e+01
