1.406250000000000000e+00
5.078125000000000000e-01
-1.835937500000000000e+00
1.539062500000000000e+00
1.171875000000000000e-02
1.429687500000000000e+00
1.226562500000000000e+00
1.210937500000000000e+00
-6.093750000000000000e-01
-7.382812500000000000e-01
1.406250000000000000e+00
7.226562500000000000e-01
1.843750000000000000e+00
9.375000000000000000e-02
1.312500000000000000e+00
7.929687500000000000e-01
-9.531250000000000000e-01
1.085937500000000000e+00
2.671875000000000000e+00
-1.710937500000000000e+00
-5.507812500000000000e-01
2.828125000000000000e+00
-4.156250000000000000e+00
-5.312500000000000000e-01
1.148437500000000000e+00
5.664062500000000000e-01
-2.015625000000000000e+00
-3.691406250000000000e-01
-3.261718750000000000e-01
-9.570312500000000000e-01
2.265625000000000000e+00
9.804687500000000000e-01
1.601562500000000000e+00
-1.125000000000000000e+00
-1.376953125000000000e-01
-1.070312500000000000e+00
1.531250000000000000e+00
-9.687500000000000000e-01
5.625000000000000000e-01
-1.914062500000000000e+00
-2.675781250000000000e-01
2.375000000000000000e+00
6.289062500000000000e-01
-4.062500000000000000e-01
-4.824218750000000000e-01
1.429687500000000000e+00
8.085937500000000000e-01
-8.554687500000000000e-01
1.187500000000000000e+00
1.843750000000000000e+00
-9.257812500000000000e-01
-1.085937500000000000e+00
2.062500000000000000e+00
-7.031250000000000000e-01
1.437500000000000000e+00
1.976562500000000000e+00
-1.281250000000000000e+00
-8.281250000000000000e-01
4.589843750000000000e-01
7.539062500000000000e-01
-1.406250000000000000e+00
1.070312500000000000e+00
-7.851562500000000000e-01
2.546875000000000000e+00
1.773437500000000000e+00
-2.216796875000000000e-01
1.742187500000000000e+00
1.000976562500000000e-01
-7.070312500000000000e-01
7.421875000000000000e-02
-7.929687500000000000e-01
1.093750000000000000e+00
-3.886718750000000000e-01
-2.062500000000000000e+00
1.875000000000000000e+00
-6.992187500000000000e-01
2.265625000000000000e+00
1.460937500000000000e+00
2.000000000000000000e+00
1.079101562500000000e-01
2.640625000000000000e+00
1.101562500000000000e+00
-3.437500000000000000e-01
-3.261718750000000000e-01
-2.921875000000000000e+00
9.843750000000000000e-01
1.585937500000000000e+00
1.820312500000000000e+00
9.843750000000000000e-01
-7.460937500000000000e-01
-9.492187500000000000e-01
7.500000000000000000e-01
-1.851562500000000000e+00
-6.992187500000000000e-01
8.632812500000000000e-01
-6.601562500000000000e-01
2.687500000000000000e+00
1.195312500000000000e+00
-7.968750000000000000e-01
1.375000000000000000e+00
2.171875000000000000e+00
-9.882812500000000000e-01
-1.531250000000000000e+00
2.031250000000000000e+00
2.437500000000000000e+00
1.968750000000000000e+00
-2.392578125000000000e-01
2.203125000000000000e+00
-5.351562500000000000e-01
-1.234375000000000000e+00
2.546875000000000000e+00
-6.406250000000000000e-01
1.539062500000000000e+00
-3.847656250000000000e-01
-3.183593750000000000e-01
2.187500000000000000e+00
4.707031250000000000e-01
-6.992187500000000000e-01
-9.179687500000000000e-01
-1.787109375000000000e-01
-9.492187500000000000e-01
-8.437500000000000000e-01
-8.437500000000000000e-01
1.367187500000000000e+00
1.625000000000000000e+00
1.148437500000000000e+00
1.914062500000000000e+00
2.875000000000000000e+00
1.773437500000000000e+00
7.617187500000000000e-01
1.976562500000000000e+00
8.935546875000000000e-02
1.023437500000000000e+00
-1.273437500000000000e+00
-2.209472656250000000e-02
-5.039062500000000000e-01
-8.007812500000000000e-01
1.523437500000000000e+00
1.679687500000000000e+00
-1.085937500000000000e+00
-1.710937500000000000e+00
1.812500000000000000e+00
2.078125000000000000e+00
8.320312500000000000e-01
1.851562500000000000e+00
-5.820312500000000000e-01
1.554687500000000000e+00
-1.742187500000000000e+00
1.835937500000000000e+00
1.914062500000000000e+00
1.664062500000000000e+00
-1.455078125000000000e-01
-6.875000000000000000e-01
3.203125000000000000e-01
-5.195312500000000000e-01
-1.062500000000000000e+00
-7.812500000000000000e-01
-6.328125000000000000e-01
4.375000000000000000e-01
-1.148437500000000000e+00
-1.335937500000000000e+00
-6.601562500000000000e-01
6.757812500000000000e-01
-1.835937500000000000e+00
-1.132812500000000000e+00
2.437500000000000000e+00
-6.523437500000000000e-01
-1.533203125000000000e-01
2.312500000000000000e+00
-7.226562500000000000e-01
7.226562500000000000e-01
-6.367187500000000000e-01
2.406250000000000000e+00
1.750000000000000000e+00
-1.196289062500000000e-01
1.914062500000000000e+00
-7.031250000000000000e-01
2.437500000000000000e+00
1.210937500000000000e+00
1.500000000000000000e+00
2.597656250000000000e-01
1.843750000000000000e+00
-7.695312500000000000e-01
-1.351562500000000000e+00
-2.148437500000000000e-01
2.921875000000000000e+00
1.210937500000000000e+00
5.546875000000000000e-01
3.437500000000000000e-01
8.554687500000000000e-01
1.789062500000000000e+00
-8.554687500000000000e-01
1.664062500000000000e+00
2.125000000000000000e+00
8.632812500000000000e-01
6.250000000000000000e-02
5.859375000000000000e-01
-1.298828125000000000e-01
-7.695312500000000000e-01
-4.765625000000000000e-01
7.343750000000000000e-01
3.125000000000000000e-01
1.523437500000000000e-01
-7.187500000000000000e-01
3.203125000000000000e-01
1.851562500000000000e+00
-1.148437500000000000e+00
-1.007812500000000000e+00
1.445312500000000000e+00
1.273437500000000000e+00
-1.242187500000000000e+00
1.601562500000000000e+00
-4.980468750000000000e-01
1.539062500000000000e+00
-8.242187500000000000e-01
2.609375000000000000e+00
1.179687500000000000e+00
1.414062500000000000e+00
-1.062500000000000000e+00
-2.597656250000000000e-01
-3.125000000000000000e-01
5.390625000000000000e-01
6.054687500000000000e-01
-3.496093750000000000e-01
-2.078125000000000000e+00
-1.085937500000000000e+00
-1.289062500000000000e+00
-1.195312500000000000e+00
-9.335937500000000000e-01
1.562500000000000000e+00
-6.601562500000000000e-01
1.992187500000000000e+00
1.492187500000000000e+00
6.298828125000000000e-02
-1.474609375000000000e-01
-4.863281250000000000e-01
-4.375000000000000000e-01
1.476562500000000000e+00
-1.375000000000000000e+00
-7.460937500000000000e-01
1.898437500000000000e+00
1.070312500000000000e+00
-7.929687500000000000e-01
5.737304687500000000e-02
-1.414062500000000000e+00
-1.507812500000000000e+00
-1.367187500000000000e+00
1.818847656250000000e-02
-1.398437500000000000e+00
-7.031250000000000000e-01
-1.906250000000000000e+00
-1.039062500000000000e+00
1.742187500000000000e+00
-4.218750000000000000e-01
1.500000000000000000e+00
1.304687500000000000e+00
-1.406250000000000000e+00
-1.140625000000000000e+00
-3.906250000000000000e-01
-9.726562500000000000e-01
-1.351562500000000000e+00
-9.570312500000000000e-01
-6.132812500000000000e-01
-2.421875000000000000e-01
6.679687500000000000e-01
7.695312500000000000e-01
-1.015625000000000000e+00
-1.414062500000000000e+00
-6.406250000000000000e-01
-7.500000000000000000e-01
-9.179687500000000000e-01
-7.773437500000000000e-01
-1.007812500000000000e+00
1.085937500000000000e+00
-3.457031250000000000e-01
-9.257812500000000000e-01
1.929687500000000000e+00
2.451171875000000000e-01
1.531250000000000000e+00
1.757812500000000000e+00
7.148437500000000000e-01
-9.062500000000000000e-01
-5.468750000000000000e-01
9.094238281250000000e-03
2.412109375000000000e-01
-2.500000000000000000e-01
7.187500000000000000e-01
1.195312500000000000e+00
-2.558593750000000000e-01
-1.382812500000000000e+00
1.476562500000000000e+00
1.320312500000000000e+00
-2.093750000000000000e+00
5.468750000000000000e-01
-3.242187500000000000e-01
1.507812500000000000e+00
1.265625000000000000e+00
1.748046875000000000e-01
1.273437500000000000e+00
3.105468750000000000e-01
1.679687500000000000e+00
8.632812500000000000e-01
2.468750000000000000e+00
2.078125000000000000e+00
9.843750000000000000e-01
2.125000000000000000e+00
-2.734375000000000000e-01
1.492187500000000000e+00
1.156250000000000000e+00
-2.431640625000000000e-01
9.335937500000000000e-01
-1.625000000000000000e+00
8.710937500000000000e-01
1.414062500000000000e+00
1.054687500000000000e+00
-1.726562500000000000e+00
-4.589843750000000000e-01
1.585937500000000000e+00
1.273437500000000000e+00
-9.492187500000000000e-01
-8.789062500000000000e-01
1.335937500000000000e+00
1.750000000000000000e+00
1.875000000000000000e+00
-2.687500000000000000e+00
-1.265625000000000000e+00
-1.179687500000000000e+00
3.437500000000000000e-01
9.218750000000000000e-01
-1.835937500000000000e+00
4.238281250000000000e-01
1.132812500000000000e+00
2.062500000000000000e+00
2.296875000000000000e+00
-2.125000000000000000e+00
-2.265625000000000000e+00
2.734375000000000000e-02
-5.039062500000000000e-01
-1.320312500000000000e+00
5.117187500000000000e-01
-7.187500000000000000e-01
1.937500000000000000e+00
3.203125000000000000e-01
9.687500000000000000e-01
-4.589843750000000000e-01
2.421875000000000000e+00
-8.867187500000000000e-01
2.703125000000000000e+00
-7.656250000000000000e-01
-1.101562500000000000e+00
-1.552734375000000000e-01
1.250000000000000000e+00
-5.507812500000000000e-01
1.882812500000000000e+00
-2.500000000000000000e-01
-8.164062500000000000e-01
1.039062500000000000e+00
-1.304687500000000000e+00
6.884765625000000000e-02
-3.625000000000000000e+00
-3.378906250000000000e-01
-1.632812500000000000e+00
-2.671875000000000000e+00
1.835937500000000000e+00
1.437500000000000000e+00
-1.125000000000000000e+00
8.437500000000000000e-01
-5.976562500000000000e-01
-3.296875000000000000e+00
1.906250000000000000e+00
1.656250000000000000e+00
-5.000000000000000000e-01
1.664062500000000000e+00
2.875000000000000000e+00
-8.320312500000000000e-01
1.242187500000000000e+00
-6.523437500000000000e-01
6.875000000000000000e-01
1.157226562500000000e-01
-5.117187500000000000e-01
-1.539062500000000000e+00
1.539062500000000000e+00
4.824218750000000000e-01
5.507812500000000000e-01
