2.703125000000000000e+00
7.695312500000000000e-01
-2.484375000000000000e+00
2.296875000000000000e+00
-4.746093750000000000e-01
8.242187500000000000e-01
1.812500000000000000e+00
1.656250000000000000e+00
-1.242187500000000000e+00
-1.718750000000000000e+00
2.046875000000000000e+00
1.625000000000000000e+00
2.515625000000000000e+00
5.820312500000000000e-01
2.078125000000000000e+00
1.242187500000000000e+00
-1.875000000000000000e+00
1.750000000000000000e+00
3.296875000000000000e+00
-1.132812500000000000e+00
-4.453125000000000000e-01
2.265625000000000000e+00
-4.625000000000000000e+00
-1.007812500000000000e+00
1.875000000000000000e+00
1.375000000000000000e+00
-2.859375000000000000e+00
-1.007812500000000000e+00
5.039062500000000000e-01
-2.000000000000000000e+00
3.125000000000000000e+00
1.689453125000000000e-01
2.453125000000000000e+00
-1.023437500000000000e+00
-5.898437500000000000e-01
-1.960937500000000000e+00
5.273437500000000000e-01
-7.177734375000000000e-02
8.945312500000000000e-01
-1.476562500000000000e+00
-5.195312500000000000e-01
3.500000000000000000e+00
1.835937500000000000e+00
-1.023437500000000000e+00
-1.710937500000000000e+00
1.687500000000000000e+00
1.250000000000000000e+00
-7.275390625000000000e-02
8.906250000000000000e-01
2.453125000000000000e+00
-2.714843750000000000e-01
-1.898437500000000000e+00
1.195312500000000000e+00
-1.835937500000000000e+00
2.359375000000000000e+00
2.562500000000000000e+00
-3.730468750000000000e-01
1.196289062500000000e-01
9.257812500000000000e-01
1.523437500000000000e+00
-5.820312500000000000e-01
1.476562500000000000e+00
4.272460937500000000e-02
3.546875000000000000e+00
2.671875000000000000e+00
-2.099609375000000000e-01
2.750000000000000000e+00
4.042968750000000000e-01
5.507812500000000000e-01
7.500000000000000000e-01
-1.906250000000000000e+00
1.960937500000000000e+00
4.062500000000000000e-01
-2.250000000000000000e+00
2.000000000000000000e+00
-1.398437500000000000e+00
3.484375000000000000e+00
1.726562500000000000e+00
3.046875000000000000e+00
2.675781250000000000e-01
3.046875000000000000e+00
1.625000000000000000e+00
-7.382812500000000000e-01
-9.218750000000000000e-01
-3.265625000000000000e+00
1.117187500000000000e+00
1.914062500000000000e+00
2.703125000000000000e+00
1.375000000000000000e+00
-2.328125000000000000e+00
-4.824218750000000000e-01
1.750000000000000000e+00
-2.875000000000000000e+00
2.392578125000000000e-01
8.398437500000000000e-02
-1.632812500000000000e+00
4.468750000000000000e+00
1.976562500000000000e+00
-1.351562500000000000e+00
1.289062500000000000e+00
2.765625000000000000e+00
-2.046875000000000000e+00
-2.453125000000000000e+00
2.000000000000000000e+00
3.234375000000000000e+00
3.171875000000000000e+00
-2.597656250000000000e-01
2.000000000000000000e+00
-1.179687500000000000e+00
-2.519531250000000000e-01
3.671875000000000000e+00
-1.281250000000000000e+00
9.882812500000000000e-01
-2.294921875000000000e-01
-9.570312500000000000e-01
3.375000000000000000e+00
-2.148437500000000000e-01
-1.257812500000000000e+00
-1.632812500000000000e+00
-7.382812500000000000e-01
-1.679687500000000000e+00
-1.835937500000000000e+00
-8.242187500000000000e-01
2.125000000000000000e+00
1.507812500000000000e+00
1.476562500000000000e+00
2.640625000000000000e+00
3.796875000000000000e+00
2.593750000000000000e+00
1.179687500000000000e+00
1.539062500000000000e+00
3.691406250000000000e-01
1.500000000000000000e+00
-1.617187500000000000e+00
-1.533203125000000000e-01
-5.781250000000000000e-01
8.789062500000000000e-03
2.437500000000000000e+00
2.640625000000000000e+00
-1.476562500000000000e+00
-9.414062500000000000e-01
1.562500000000000000e+00
3.046875000000000000e+00
1.210937500000000000e+00
2.703125000000000000e+00
-1.273437500000000000e+00
2.921875000000000000e+00
-1.187500000000000000e+00
2.546875000000000000e+00
2.687500000000000000e+00
3.140625000000000000e+00
-4.980468750000000000e-01
-1.468750000000000000e+00
1.259765625000000000e-01
-1.210937500000000000e+00
-2.890625000000000000e-01
-7.148437500000000000e-01
-3.359375000000000000e-01
2.558593750000000000e-01
-1.335937500000000000e+00
-4.843750000000000000e-01
6.250000000000000000e-02
1.250000000000000000e+00
-2.078125000000000000e+00
2.236328125000000000e-01
3.390625000000000000e+00
-1.507812500000000000e+00
-2.001953125000000000e-01
2.171875000000000000e+00
-1.937500000000000000e+00
1.539062500000000000e+00
-1.195312500000000000e+00
3.546875000000000000e+00
2.734375000000000000e+00
-1.186523437500000000e-01
3.046875000000000000e+00
-4.370117187500000000e-02
2.812500000000000000e+00
4.628906250000000000e-01
2.250000000000000000e+00
1.179687500000000000e+00
2.828125000000000000e+00
-3.183593750000000000e-01
-3.750000000000000000e-01
7.617187500000000000e-01
3.796875000000000000e+00
1.929687500000000000e+00
8.437500000000000000e-01
2.060546875000000000e-01
1.210937500000000000e+00
2.531250000000000000e+00
-7.382812500000000000e-01
2.453125000000000000e+00
3.328125000000000000e+00
1.664062500000000000e+00
1.164062500000000000e+00
3.588867187500000000e-02
3.183593750000000000e-01
-1.335937500000000000e+00
-1.179687500000000000e+00
9.375000000000000000e-01
1.835937500000000000e+00
-3.183593750000000000e-01
-8.867187500000000000e-01
3.750000000000000000e-01
2.796875000000000000e+00
-6.757812500000000000e-01
-1.742187500000000000e+00
2.281250000000000000e+00
2.171875000000000000e+00
-1.468750000000000000e+00
2.312500000000000000e+00
-1.429687500000000000e+00
1.718750000000000000e+00
-9.101562500000000000e-01
3.921875000000000000e+00
2.515625000000000000e+00
2.296875000000000000e+00
-5.117187500000000000e-01
5.898437500000000000e-01
-1.101562500000000000e+00
6.289062500000000000e-01
1.195312500000000000e+00
-4.785156250000000000e-02
-1.835937500000000000e+00
-2.015625000000000000e+00
-6.367187500000000000e-01
-2.093750000000000000e+00
-1.923828125000000000e-01
1.812500000000000000e+00
-1.242187500000000000e+00
3.515625000000000000e+00
1.742187500000000000e+00
-3.784179687500000000e-02
-5.590820312500000000e-02
-1.531250000000000000e+00
3.437500000000000000e-01
2.109375000000000000e+00
-2.515625000000000000e+00
-1.664062500000000000e+00
2.953125000000000000e+00
5.898437500000000000e-01
-1.351562500000000000e+00
5.273437500000000000e-01
-2.333984375000000000e-01
-1.031250000000000000e+00
-7.187500000000000000e-01
-5.156250000000000000e-01
-9.335937500000000000e-01
-1.687500000000000000e+00
-1.562500000000000000e+00
-1.812500000000000000e+00
2.859375000000000000e+00
-1.320312500000000000e+00
2.359375000000000000e+00
1.234375000000000000e+00
-1.882812500000000000e+00
-2.234375000000000000e+00
-6.445312500000000000e-01
-9.179687500000000000e-01
-1.257812500000000000e+00
-4.863281250000000000e-01
-1.343750000000000000e+00
-1.434326171875000000e-02
1.250000000000000000e+00
3.652343750000000000e-01
-1.343750000000000000e+00
-7.617187500000000000e-01
3.203125000000000000e-01
-1.570312500000000000e+00
-1.343750000000000000e+00
-5.898437500000000000e-01
-1.375000000000000000e+00
1.789062500000000000e+00
-2.500000000000000000e-01
-8.867187500000000000e-01
2.812500000000000000e+00
1.406250000000000000e+00
2.125000000000000000e+00
2.421875000000000000e+00
1.945312500000000000e+00
-1.617187500000000000e+00
6.640625000000000000e-01
-8.007812500000000000e-01
1.125000000000000000e+00
-3.339843750000000000e-01
1.257812500000000000e+00
1.750000000000000000e+00
-8.281250000000000000e-01
-1.710937500000000000e+00
1.773437500000000000e+00
2.031250000000000000e+00
-2.234375000000000000e+00
1.414062500000000000e+00
-1.195312500000000000e+00
2.562500000000000000e+00
1.937500000000000000e+00
3.359375000000000000e-01
2.140625000000000000e+00
6.679687500000000000e-01
1.468750000000000000e+00
5.234375000000000000e-01
3.687500000000000000e+00
3.109375000000000000e+00
1.710937500000000000e+00
2.640625000000000000e+00
-1.148437500000000000e+00
1.507812500000000000e+00
8.867187500000000000e-01
4.765625000000000000e-01
1.562500000000000000e+00
-5.000000000000000000e-01
1.648437500000000000e+00
2.296875000000000000e+00
1.601562500000000000e+00
-1.960937500000000000e+00
-1.531250000000000000e+00
2.328125000000000000e+00
1.750000000000000000e+00
-1.789062500000000000e+00
-1.937500000000000000e+00
2.015625000000000000e+00
2.796875000000000000e+00
1.773437500000000000e+00
-2.578125000000000000e+00
-1.585937500000000000e+00
-1.767578125000000000e-01
5.781250000000000000e-01
1.335937500000000000e+00
-2.078125000000000000e+00
1.179687500000000000e+00
2.109375000000000000e+00
2.515625000000000000e+00
2.109375000000000000e+00
-2.750000000000000000e+00
-3.140625000000000000e+00
5.468750000000000000e-02
6.132812500000000000e-01
-5.664062500000000000e-01
5.507812500000000000e-01
-1.875000000000000000e+00
2.703125000000000000e+00
2.109375000000000000e+00
1.804687500000000000e+00
-1.273437500000000000e+00
3.609375000000000000e+00
-3.242187500000000000e-01
1.656250000000000000e+00
-1.500000000000000000e+00
-8.945312500000000000e-01
-1.140625000000000000e+00
1.882812500000000000e+00
-3.535156250000000000e-01
2.703125000000000000e+00
-5.625000000000000000e-01
-1.225585937500000000e-01
2.236328125000000000e-01
-7.187500000000000000e-01
-2.753906250000000000e-01
-4.156250000000000000e+00
-7.695312500000000000e-01
-1.070312500000000000e+00
-2.453125000000000000e+00
2.500000000000000000e+00
1.789062500000000000e+00
-2.226562500000000000e-01
1.234375000000000000e+00
-1.593750000000000000e+00
-3.296875000000000000e+00
2.750000000000000000e+00
2.093750000000000000e+00
-1.039062500000000000e+00
2.281250000000000000e+00
3.578125000000000000e+00
-6.757812500000000000e-01
1.945312500000000000e+00
-1.806640625000000000e-01
1.257812500000000000e+00
-2.343750000000000000e-02
-8.125000000000000000e-01
-1.820312500000000000e+00
2.265625000000000000e+00
1.865234375000000000e-01
1.648437500000000000e+00
