2.250000000000000000e+00
1.059570312500000000e-01
-2.171875000000000000e+00
2.156250000000000000e+00
-1.554687500000000000e+00
1.406250000000000000e-01
1.367187500000000000e+00
1.437500000000000000e+00
-1.648437500000000000e+00
-1.914062500000000000e+00
1.726562500000000000e+00
1.585937500000000000e+00
2.140625000000000000e+00
6.015625000000000000e-01
1.835937500000000000e+00
1.085937500000000000e+00
-2.187500000000000000e+00
1.593750000000000000e+00
3.328125000000000000e+00
-4.589843750000000000e-01
-1.234375000000000000e+00
1.960937500000000000e+00
-4.750000000000000000e+00
-8.242187500000000000e-01
1.789062500000000000e+00
1.312500000000000000e+00
-2.953125000000000000e+00
-2.015625000000000000e+00
6.523437500000000000e-01
-2.125000000000000000e+00
3.078125000000000000e+00
-3.222656250000000000e-01
2.484375000000000000e+00
-1.625000000000000000e+00
-7.500000000000000000e-01
-1.929687500000000000e+00
8.056640625000000000e-02
1.591796875000000000e-01
6.601562500000000000e-01
-9.882812500000000000e-01
-1.750000000000000000e+00
3.328125000000000000e+00
1.750000000000000000e+00
-7.031250000000000000e-01
-2.875000000000000000e+00
1.195312500000000000e+00
1.023437500000000000e+00
2.158203125000000000e-01
5.390625000000000000e-01
2.234375000000000000e+00
1.513671875000000000e-01
-1.875000000000000000e+00
1.054687500000000000e+00
-1.265625000000000000e+00
2.453125000000000000e+00
2.421875000000000000e+00
-5.234375000000000000e-01
-9.912109375000000000e-02
6.640625000000000000e-01
1.500000000000000000e+00
-6.171875000000000000e-01
1.179687500000000000e+00
4.375000000000000000e-01
2.859375000000000000e+00
2.421875000000000000e+00
-5.039062500000000000e-01
2.671875000000000000e+00
-5.981445312500000000e-02
5.898437500000000000e-01
2.714843750000000000e-01
-1.835937500000000000e+00
7.460937500000000000e-01
4.316406250000000000e-01
-2.171875000000000000e+00
1.437500000000000000e+00
-1.460937500000000000e+00
3.203125000000000000e+00
1.367187500000000000e+00
2.812500000000000000e+00
3.496093750000000000e-01
2.562500000000000000e+00
1.531250000000000000e+00
-7.695312500000000000e-01
-9.062500000000000000e-01
-2.250000000000000000e+00
6.601562500000000000e-01
1.625000000000000000e+00
2.468750000000000000e+00
1.125000000000000000e+00
-3.421875000000000000e+00
-1.484375000000000000e-01
1.710937500000000000e+00
-2.000000000000000000e+00
5.312500000000000000e-01
-1.210937500000000000e-01
-2.468750000000000000e+00
4.000000000000000000e+00
1.835937500000000000e+00
-2.000000000000000000e+00
1.007812500000000000e+00
2.484375000000000000e+00
-2.671875000000000000e+00
-2.015625000000000000e+00
1.710937500000000000e+00
3.265625000000000000e+00
2.828125000000000000e+00
-2.060546875000000000e-01
1.437500000000000000e+00
-1.664062500000000000e+00
3.125000000000000000e-01
3.437500000000000000e+00
-1.687500000000000000e+00
8.476562500000000000e-01
1.300048828125000000e-02
-1.617187500000000000e+00
3.203125000000000000e+00
-3.437500000000000000e-01
-7.304687500000000000e-01
-2.015625000000000000e+00
-5.898437500000000000e-01
-1.773437500000000000e+00
-2.000000000000000000e+00
-8.554687500000000000e-01
1.664062500000000000e+00
1.164062500000000000e+00
1.210937500000000000e+00
2.265625000000000000e+00
3.703125000000000000e+00
2.343750000000000000e+00
9.570312500000000000e-01
1.304687500000000000e+00
7.148437500000000000e-01
1.226562500000000000e+00
-1.695312500000000000e+00
8.789062500000000000e-01
-4.316406250000000000e-01
2.421875000000000000e-01
2.265625000000000000e+00
2.250000000000000000e+00
-1.781250000000000000e+00
-8.593750000000000000e-02
1.343750000000000000e+00
2.750000000000000000e+00
9.492187500000000000e-01
2.375000000000000000e+00
-2.234375000000000000e+00
2.484375000000000000e+00
-1.312500000000000000e+00
2.359375000000000000e+00
2.406250000000000000e+00
2.937500000000000000e+00
-1.789062500000000000e+00
-1.429687500000000000e+00
-3.574218750000000000e-01
-2.015625000000000000e+00
-5.742187500000000000e-01
-1.320312500000000000e+00
-5.625000000000000000e-01
-7.851562500000000000e-01
-1.351562500000000000e+00
-3.198242187500000000e-02
5.468750000000000000e-01
1.335937500000000000e+00
-1.195312500000000000e+00
5.820312500000000000e-01
3.328125000000000000e+00
-1.789062500000000000e+00
1.396484375000000000e-01
1.687500000000000000e+00
-1.750000000000000000e+00
1.320312500000000000e+00
-8.750000000000000000e-01
3.250000000000000000e+00
2.562500000000000000e+00
-4.472656250000000000e-01
2.953125000000000000e+00
3.105468750000000000e-01
2.375000000000000000e+00
-1.328125000000000000e-01
2.000000000000000000e+00
8.320312500000000000e-01
2.640625000000000000e+00
-1.533203125000000000e-01
-4.370117187500000000e-02
6.054687500000000000e-01
3.750000000000000000e+00
1.632812500000000000e+00
5.820312500000000000e-01
-3.339843750000000000e-01
1.023437500000000000e+00
2.187500000000000000e+00
-8.750000000000000000e-01
2.421875000000000000e+00
3.046875000000000000e+00
1.539062500000000000e+00
7.070312500000000000e-01
-1.494140625000000000e-01
-5.218505859375000000e-03
-1.382812500000000000e+00
-9.062500000000000000e-01
7.070312500000000000e-01
1.601562500000000000e+00
-3.183593750000000000e-01
-1.218750000000000000e+00
-1.235351562500000000e-01
2.734375000000000000e+00
-3.979492187500000000e-02
-1.773437500000000000e+00
2.187500000000000000e+00
2.046875000000000000e+00
-1.429687500000000000e+00
2.296875000000000000e+00
-2.328125000000000000e+00
1.242187500000000000e+00
-1.523437500000000000e+00
3.687500000000000000e+00
2.203125000000000000e+00
1.835937500000000000e+00
-1.351562500000000000e+00
-1.043701171875000000e-02
-1.148437500000000000e+00
-1.650390625000000000e-01
1.093750000000000000e+00
4.547119140625000000e-03
-2.125000000000000000e+00
-1.835937500000000000e+00
-1.630859375000000000e-01
-2.671875000000000000e+00
-4.687500000000000000e-01
1.093750000000000000e+00
-1.000000000000000000e+00
3.125000000000000000e+00
1.718750000000000000e+00
-1.630859375000000000e-01
7.812500000000000000e-03
-2.125000000000000000e+00
-1.406250000000000000e+00
1.539062500000000000e+00
-2.187500000000000000e+00
-1.726562500000000000e+00
2.671875000000000000e+00
5.625000000000000000e-01
-1.585937500000000000e+00
-7.187500000000000000e-01
2.158203125000000000e-01
-3.984375000000000000e-01
7.031250000000000000e-02
-1.210937500000000000e+00
-4.531250000000000000e-01
-2.218750000000000000e+00
-2.312500000000000000e+00
-1.710937500000000000e+00
2.187500000000000000e+00
-1.914062500000000000e+00
2.218750000000000000e+00
1.007812500000000000e+00
-1.937500000000000000e+00
-2.093750000000000000e+00
-5.781250000000000000e-01
-1.562500000000000000e+00
-2.078125000000000000e+00
5.346679687500000000e-02
-1.625000000000000000e+00
-7.773437500000000000e-01
9.257812500000000000e-01
6.884765625000000000e-02
-1.562500000000000000e+00
-2.636718750000000000e-01
4.863281250000000000e-01
-1.757812500000000000e+00
-1.742187500000000000e+00
-3.906250000000000000e-01
-1.312500000000000000e+00
1.773437500000000000e+00
-3.691406250000000000e-01
-6.289062500000000000e-01
2.734375000000000000e+00
1.187500000000000000e+00
2.000000000000000000e+00
2.046875000000000000e+00
1.687500000000000000e+00
-1.773437500000000000e+00
1.039062500000000000e+00
-1.273437500000000000e+00
1.062500000000000000e+00
-7.304687500000000000e-01
1.117187500000000000e+00
1.562500000000000000e+00
-7.773437500000000000e-01
-1.531250000000000000e+00
1.617187500000000000e+00
1.664062500000000000e+00
-1.312500000000000000e+00
1.000000000000000000e+00
-2.234375000000000000e+00
2.390625000000000000e+00
1.789062500000000000e+00
-7.031250000000000000e-01
2.218750000000000000e+00
3.808593750000000000e-01
1.117187500000000000e+00
6.367187500000000000e-01
3.375000000000000000e+00
2.953125000000000000e+00
1.570312500000000000e+00
1.960937500000000000e+00
-1.242187500000000000e+00
1.367187500000000000e+00
5.820312500000000000e-01
3.574218750000000000e-01
1.500000000000000000e+00
-3.925781250000000000e-01
1.210937500000000000e+00
2.234375000000000000e+00
1.320312500000000000e+00
-1.875000000000000000e+00
-2.640625000000000000e+00
2.187500000000000000e+00
1.507812500000000000e+00
-1.812500000000000000e+00
-3.078125000000000000e+00
1.835937500000000000e+00
2.437500000000000000e+00
1.375000000000000000e+00
-2.406250000000000000e+00
-1.601562500000000000e+00
-2.988281250000000000e-01
-1.818847656250000000e-02
1.054687500000000000e+00
-2.281250000000000000e+00
8.945312500000000000e-01
1.898437500000000000e+00
1.851562500000000000e+00
1.710937500000000000e+00
-2.421875000000000000e+00
-3.390625000000000000e+00
-4.140625000000000000e-01
2.812500000000000000e-01
1.416015625000000000e-01
3.750000000000000000e-01
-1.914062500000000000e+00
2.328125000000000000e+00
2.500000000000000000e+00
1.773437500000000000e+00
-1.320312500000000000e+00
3.250000000000000000e+00
-8.007812500000000000e-01
1.218750000000000000e+00
-1.968750000000000000e+00
-2.609252929687500000e-03
-2.687500000000000000e+00
1.750000000000000000e+00
4.321289062500000000e-02
2.562500000000000000e+00
-5.585937500000000000e-01
4.218750000000000000e-01
6.127929687500000000e-02
-1.054687500000000000e+00
-1.523437500000000000e+00
-4.406250000000000000e+00
-1.085937500000000000e+00
-3.984375000000000000e-01
-2.765625000000000000e+00
2.265625000000000000e+00
1.500000000000000000e+00
-7.226562500000000000e-02
8.906250000000000000e-01
-1.812500000000000000e+00
-2.312500000000000000e+00
2.453125000000000000e+00
2.000000000000000000e+00
-2.046875000000000000e+00
1.914062500000000000e+00
3.750000000000000000e+00
-1.767578125000000000e-01
1.695312500000000000e+00
-4.863281250000000000e-01
1.187500000000000000e+00
-5.117187500000000000e-01
-4.609375000000000000e-01
-2.140625000000000000e+00
2.234375000000000000e+00
1.230468750000000000e-01
1.375000000000000000e+00
