8.500000000000000000e+00
2.812500000000000000e-01
-3.500000000000000000e+00
3.875000000000000000e+00
-9.570312500000000000e-01
-4.707031250000000000e-01
2.390625000000000000e+00
2.531250000000000000e+00
-1.437500000000000000e+00
-1.750000000000000000e+00
2.984375000000000000e+00
2.015625000000000000e+00
2.656250000000000000e+00
7.929687500000000000e-01
3.484375000000000000e+00
2.218750000000000000e+00
-3.734375000000000000e+00
2.796875000000000000e+00
8.312500000000000000e+00
-5.742187500000000000e-01
-1.632812500000000000e+00
1.460937500000000000e+00
-6.679687500000000000e-01
-1.656250000000000000e+00
3.296875000000000000e+00
2.453125000000000000e+00
3.847656250000000000e-01
-9.218750000000000000e-01
1.210937500000000000e+00
-2.875000000000000000e+00
6.000000000000000000e+00
-2.750000000000000000e+00
4.343750000000000000e+00
-2.468750000000000000e+00
-1.140625000000000000e+00
-1.773437500000000000e+00
-7.031250000000000000e-02
1.250000000000000000e-01
2.078125000000000000e+00
-1.867187500000000000e+00
-8.632812500000000000e-01
6.093750000000000000e+00
2.578125000000000000e+00
-1.726562500000000000e+00
-1.757812500000000000e+00
1.750000000000000000e+00
1.351562500000000000e+00
1.826171875000000000e-01
2.216796875000000000e-01
5.125000000000000000e+00
1.186523437500000000e-01
-1.851562500000000000e+00
1.171875000000000000e-02
-2.578125000000000000e+00
4.500000000000000000e+00
6.156250000000000000e+00
-1.632812500000000000e+00
5.593750000000000000e+00
1.687500000000000000e+00
2.421875000000000000e+00
-1.085937500000000000e+00
1.781250000000000000e+00
7.187500000000000000e-01
5.218750000000000000e+00
3.000000000000000000e+00
-6.992187500000000000e-01
5.187500000000000000e+00
-3.261718750000000000e-01
1.164062500000000000e+00
-7.617187500000000000e-01
-2.015625000000000000e+00
1.562500000000000000e+00
8.437500000000000000e-01
-4.000000000000000000e+00
4.980468750000000000e-01
-4.812500000000000000e+00
5.031250000000000000e+00
1.812500000000000000e+00
4.625000000000000000e+00
1.398437500000000000e+00
2.734375000000000000e+00
2.828125000000000000e+00
-1.179687500000000000e+00
-1.210937500000000000e+00
-4.500000000000000000e+00
-1.630859375000000000e-01
5.875000000000000000e+00
4.843750000000000000e+00
2.046875000000000000e+00
-2.140625000000000000e+00
-6.289062500000000000e-01
2.109375000000000000e+00
-4.625000000000000000e+00
4.941406250000000000e-01
-2.015625000000000000e+00
-2.578125000000000000e+00
1.025000000000000000e+01
3.187500000000000000e+00
-1.335937500000000000e+00
1.054687500000000000e+00
6.156250000000000000e+00
-1.812500000000000000e+00
-3.390625000000000000e+00
1.851562500000000000e+00
6.125000000000000000e+00
5.125000000000000000e+00
-6.992187500000000000e-01
1.585937500000000000e+00
-1.343750000000000000e+00
-4.785156250000000000e-01
6.343750000000000000e+00
-2.421875000000000000e+00
5.234375000000000000e-01
-3.515625000000000000e-01
-1.289062500000000000e+00
4.875000000000000000e+00
-3.750000000000000000e+00
-2.390625000000000000e+00
-1.562500000000000000e+00
-1.062500000000000000e+00
-3.078125000000000000e+00
-1.601562500000000000e+00
-2.046875000000000000e+00
3.250000000000000000e+00
1.289062500000000000e+00
2.796875000000000000e+00
3.375000000000000000e+00
7.093750000000000000e+00
4.281250000000000000e+00
8.554687500000000000e-01
6.875000000000000000e-01
-1.789062500000000000e+00
2.437500000000000000e+00
-2.546875000000000000e+00
4.750000000000000000e+00
-1.164062500000000000e+00
5.004882812500000000e-02
4.906250000000000000e+00
3.515625000000000000e+00
-2.828125000000000000e+00
-1.542968750000000000e-01
-4.589843750000000000e-01
4.593750000000000000e+00
1.937500000000000000e+00
4.125000000000000000e+00
-1.882812500000000000e+00
6.843750000000000000e+00
-2.609375000000000000e+00
4.593750000000000000e+00
4.187500000000000000e+00
8.687500000000000000e+00
-1.218750000000000000e+00
-2.109375000000000000e+00
2.871093750000000000e-01
-1.156250000000000000e+00
3.750000000000000000e+00
-1.835937500000000000e+00
-8.164062500000000000e-01
-4.746093750000000000e-01
-2.359375000000000000e+00
1.494140625000000000e-01
2.109375000000000000e+00
2.390625000000000000e+00
1.617187500000000000e+00
6.523437500000000000e-01
6.156250000000000000e+00
-1.773437500000000000e+00
8.085937500000000000e-01
1.750000000000000000e+00
-2.984375000000000000e+00
1.773437500000000000e+00
-5.781250000000000000e-01
5.343750000000000000e+00
4.937500000000000000e+00
7.031250000000000000e-02
4.843750000000000000e+00
7.695312500000000000e-01
3.000000000000000000e+00
-8.007812500000000000e-01
3.546875000000000000e+00
4.375000000000000000e+00
4.656250000000000000e+00
-8.945312500000000000e-01
-2.558593750000000000e-01
-1.650390625000000000e-01
7.156250000000000000e+00
2.328125000000000000e+00
7.187500000000000000e-01
1.298828125000000000e-01
1.648437500000000000e+00
3.562500000000000000e+00
-1.382812500000000000e+00
4.406250000000000000e+00
5.031250000000000000e+00
2.453125000000000000e+00
5.531250000000000000e+00
-8.740234375000000000e-02
5.218750000000000000e+00
-1.414062500000000000e+00
-1.132812500000000000e+00
9.062500000000000000e-01
5.875000000000000000e+00
-9.804687500000000000e-01
-2.250000000000000000e+00
1.054687500000000000e+00
5.593750000000000000e+00
-2.765625000000000000e+00
-2.000000000000000000e+00
4.000000000000000000e+00
4.250000000000000000e+00
-2.125000000000000000e+00
4.531250000000000000e+00
-1.687500000000000000e+00
1.625000000000000000e+00
-1.812500000000000000e+00
7.156250000000000000e+00
6.000000000000000000e+00
3.203125000000000000e+00
-3.203125000000000000e+00
5.718750000000000000e+00
-1.023437500000000000e+00
1.187500000000000000e+00
1.664062500000000000e+00
3.759765625000000000e-02
2.250000000000000000e+00
-2.796875000000000000e+00
-5.859375000000000000e-03
-1.679687500000000000e+00
2.296875000000000000e+00
1.398437500000000000e+00
-1.812500000000000000e+00
8.312500000000000000e+00
6.625000000000000000e+00
-4.003906250000000000e-01
2.060546875000000000e-01
-1.398437500000000000e+00
-8.750000000000000000e-01
2.484375000000000000e+00
-3.562500000000000000e+00
-1.695312500000000000e+00
4.218750000000000000e+00
1.137695312500000000e-01
-6.000000000000000000e+00
1.689453125000000000e-01
-4.296875000000000000e-02
-5.742187500000000000e-01
-4.809570312500000000e-02
-6.289062500000000000e-01
-2.158203125000000000e-01
-1.656250000000000000e+00
3.265625000000000000e+00
-2.796875000000000000e+00
8.000000000000000000e+00
-1.625000000000000000e+00
3.296875000000000000e+00
5.195312500000000000e-01
-2.984375000000000000e+00
-3.578125000000000000e+00
-1.875000000000000000e+00
-2.796875000000000000e+00
-3.109375000000000000e+00
-1.281250000000000000e+00
-1.617187500000000000e+00
-3.593750000000000000e-01
1.242187500000000000e+00
5.273437500000000000e-02
-3.046875000000000000e+00
-3.359375000000000000e-01
8.945312500000000000e-01
-1.351562500000000000e+00
-1.085937500000000000e+00
3.637695312500000000e-02
-2.375000000000000000e+00
3.171875000000000000e+00
-6.289062500000000000e-01
2.390625000000000000e+00
4.968750000000000000e+00
6.156250000000000000e+00
3.203125000000000000e+00
4.656250000000000000e+00
3.484375000000000000e+00
-1.125000000000000000e+00
5.273437500000000000e-01
-1.000000000000000000e+00
1.132812500000000000e+00
-1.376953125000000000e-01
2.453125000000000000e+00
2.421875000000000000e+00
-7.929687500000000000e-01
-2.937500000000000000e+00
1.835937500000000000e+00
2.828125000000000000e+00
-2.171875000000000000e+00
1.476562500000000000e+00
-1.648437500000000000e+00
3.515625000000000000e+00
3.421875000000000000e+00
-3.496093750000000000e-01
3.703125000000000000e+00
1.304687500000000000e+00
1.132812500000000000e+00
-5.429687500000000000e-01
7.750000000000000000e+00
5.031250000000000000e+00
3.296875000000000000e+00
2.609375000000000000e+00
-1.039062500000000000e+00
5.593750000000000000e+00
4.375000000000000000e-01
5.351562500000000000e-01
3.046875000000000000e+00
-1.281250000000000000e+00
1.500000000000000000e+00
4.031250000000000000e+00
2.187500000000000000e+00
-3.562500000000000000e+00
-1.695312500000000000e+00
4.781250000000000000e+00
3.125000000000000000e+00
-1.726562500000000000e+00
-3.109375000000000000e+00
3.515625000000000000e+00
4.093750000000000000e+00
1.601562500000000000e+00
3.339843750000000000e-01
-2.765625000000000000e+00
-1.718750000000000000e-01
5.156250000000000000e-01
1.296875000000000000e+00
-3.750000000000000000e+00
1.648437500000000000e+00
2.765625000000000000e+00
2.875000000000000000e+00
1.773437500000000000e+00
-3.671875000000000000e+00
9.531250000000000000e-01
2.753906250000000000e-01
5.906250000000000000e+00
1.351562500000000000e+00
2.792968750000000000e-01
-1.843750000000000000e+00
3.875000000000000000e+00
3.546875000000000000e+00
3.546875000000000000e+00
-1.335937500000000000e+00
5.843750000000000000e+00
-1.523437500000000000e+00
-6.367187500000000000e-01
-1.562500000000000000e+00
5.039062500000000000e-01
-1.500000000000000000e+00
3.625000000000000000e+00
-1.554687500000000000e+00
5.593750000000000000e+00
-1.414062500000000000e+00
2.281250000000000000e+00
-2.203125000000000000e+00
1.843750000000000000e+00
-1.257812500000000000e+00
-3.437500000000000000e-01
-8.789062500000000000e-01
-3.750000000000000000e-01
1.437500000000000000e+00
4.718750000000000000e+00
1.968750000000000000e+00
-7.148437500000000000e-01
2.515625000000000000e+00
-1.320312500000000000e+00
-4.625000000000000000e+00
4.062500000000000000e+00
4.281250000000000000e+00
-1.406250000000000000e+00
2.875000000000000000e+00
7.406250000000000000e+00
-1.812500000000000000e+00
3.171875000000000000e+00
-6.289062500000000000e-01
1.789062500000000000e+00
-2.060546875000000000e-01
-8.632812500000000000e-01
-3.546875000000000000e+00
3.984375000000000000e+00
-1.562500000000000000e+00
5.500000000000000000e+00
