3.825000000000000000e+01
-9.335937500000000000e-01
-7.000000000000000000e+00
1.181250000000000000e+01
-9.882812500000000000e-01
-2.078125000000000000e+00
6.343750000000000000e+00
8.625000000000000000e+00
-2.703125000000000000e+00
-2.359375000000000000e+00
7.531250000000000000e+00
3.375000000000000000e+00
3.828125000000000000e+00
2.046875000000000000e+00
1.081250000000000000e+01
7.000000000000000000e+00
-9.062500000000000000e+00
8.312500000000000000e+00
3.325000000000000000e+01
-1.710937500000000000e+00
-2.500000000000000000e+00
2.792968750000000000e-01
1.962500000000000000e+01
-2.875000000000000000e+00
9.312500000000000000e+00
8.625000000000000000e+00
1.762500000000000000e+01
-1.226562500000000000e+00
2.140625000000000000e+00
-6.656250000000000000e+00
1.975000000000000000e+01
-9.062500000000000000e+00
1.243750000000000000e+01
-5.281250000000000000e+00
-1.406250000000000000e+00
-3.328125000000000000e+00
-4.511718750000000000e-01
8.906250000000000000e-01
8.750000000000000000e+00
-6.343750000000000000e+00
-1.843750000000000000e+00
1.850000000000000000e+01
3.703125000000000000e+00
-5.281250000000000000e+00
-1.257812500000000000e+00
3.875000000000000000e+00
2.640625000000000000e+00
-4.500000000000000000e+00
-8.593750000000000000e-01
1.912500000000000000e+01
-1.030273437500000000e-01
-1.789062500000000000e+00
-2.750000000000000000e+00
-6.250000000000000000e+00
1.325000000000000000e+01
2.537500000000000000e+01
-7.750000000000000000e+00
3.425000000000000000e+01
2.000000000000000000e+00
7.125000000000000000e+00
-1.500000000000000000e+00
2.984375000000000000e+00
1.164062500000000000e+00
1.418750000000000000e+01
4.906250000000000000e+00
-4.281250000000000000e+00
1.787500000000000000e+01
-2.265625000000000000e+00
3.515625000000000000e-01
-5.593750000000000000e+00
-1.445312500000000000e+00
2.140625000000000000e+00
4.316406250000000000e-01
-9.312500000000000000e+00
-2.250000000000000000e+00
-1.168750000000000000e+01
1.281250000000000000e+01
3.750000000000000000e+00
1.181250000000000000e+01
2.265625000000000000e+00
4.500000000000000000e+00
9.187500000000000000e+00
-2.796875000000000000e+00
-3.171875000000000000e+00
-1.056250000000000000e+01
-5.117187500000000000e-01
2.712500000000000000e+01
1.600000000000000000e+01
7.250000000000000000e+00
-1.109375000000000000e+00
-3.109375000000000000e+00
-9.648437500000000000e-01
-1.250000000000000000e+01
5.351562500000000000e-01
-6.718750000000000000e+00
-4.343750000000000000e+00
4.075000000000000000e+01
9.812500000000000000e+00
-3.203125000000000000e-01
7.382812500000000000e-01
2.437500000000000000e+01
-2.125000000000000000e+00
-6.281250000000000000e+00
2.484375000000000000e+00
2.137500000000000000e+01
1.381250000000000000e+01
-1.757812500000000000e+00
1.945312500000000000e+00
-1.726562500000000000e+00
-1.976562500000000000e+00
1.950000000000000000e+01
-4.781250000000000000e+00
-2.156250000000000000e+00
-2.484375000000000000e+00
-1.476562500000000000e+00
1.131250000000000000e+01
-1.600000000000000000e+01
-5.625000000000000000e+00
-2.296875000000000000e+00
-1.898437500000000000e+00
-5.093750000000000000e+00
-1.242187500000000000e+00
-5.750000000000000000e+00
8.625000000000000000e+00
3.906250000000000000e-01
1.118750000000000000e+01
7.531250000000000000e+00
2.400000000000000000e+01
1.268750000000000000e+01
-2.031250000000000000e-01
-9.492187500000000000e-01
-9.937500000000000000e+00
6.218750000000000000e+00
-4.718750000000000000e+00
2.737500000000000000e+01
-3.875000000000000000e+00
-1.304687500000000000e+00
1.750000000000000000e+01
7.531250000000000000e+00
-4.468750000000000000e+00
-2.148437500000000000e-01
-4.593750000000000000e+00
1.281250000000000000e+01
6.031250000000000000e+00
1.100000000000000000e+01
-2.750000000000000000e+00
2.800000000000000000e+01
-6.500000000000000000e+00
1.418750000000000000e+01
1.150000000000000000e+01
3.650000000000000000e+01
-2.421875000000000000e+00
-3.875000000000000000e+00
4.000000000000000000e+00
-1.710937500000000000e+00
2.400000000000000000e+01
-3.984375000000000000e+00
-1.187500000000000000e+00
9.130859375000000000e-02
-4.218750000000000000e+00
-4.472656250000000000e-01
1.037500000000000000e+01
7.125000000000000000e+00
1.800000000000000000e+01
2.373046875000000000e-01
1.987500000000000000e+01
-1.679687500000000000e+00
1.031250000000000000e+00
2.328125000000000000e+00
-6.406250000000000000e+00
3.328125000000000000e+00
-1.351562500000000000e+00
1.400000000000000000e+01
1.531250000000000000e+01
-2.703125000000000000e+00
1.300000000000000000e+01
1.242187500000000000e+00
6.343750000000000000e+00
-1.250000000000000000e+00
1.100000000000000000e+01
2.150000000000000000e+01
1.450000000000000000e+01
-6.750000000000000000e+00
-2.421875000000000000e+00
-5.156250000000000000e+00
2.350000000000000000e+01
5.281250000000000000e+00
1.218750000000000000e+00
-5.351562500000000000e-01
3.750000000000000000e+00
1.025000000000000000e+01
-2.687500000000000000e+00
1.531250000000000000e+01
1.300000000000000000e+01
6.343750000000000000e+00
2.912500000000000000e+01
1.818847656250000000e-02
3.225000000000000000e+01
-2.171875000000000000e+00
-1.664062500000000000e+00
1.710937500000000000e+00
2.662500000000000000e+01
-2.312500000000000000e+00
-4.468750000000000000e+00
1.335937500000000000e+00
1.987500000000000000e+01
-1.118750000000000000e+01
-4.156250000000000000e+00
1.143750000000000000e+01
1.468750000000000000e+01
-2.921875000000000000e+00
1.500000000000000000e+01
-1.648437500000000000e+00
3.421875000000000000e+00
-2.296875000000000000e+00
2.300000000000000000e+01
2.362500000000000000e+01
8.687500000000000000e+00
-1.231250000000000000e+01
3.375000000000000000e+01
-1.156250000000000000e+00
2.312500000000000000e+00
3.812500000000000000e+00
-5.976562500000000000e-01
2.362500000000000000e+01
-5.531250000000000000e+00
-1.375000000000000000e+00
-2.953125000000000000e+00
1.737500000000000000e+01
2.265625000000000000e+00
-4.250000000000000000e+00
3.325000000000000000e+01
3.050000000000000000e+01
-7.812500000000000000e-01
9.619140625000000000e-02
-1.179687500000000000e+00
-2.078125000000000000e+00
6.500000000000000000e+00
-7.468750000000000000e+00
-1.156250000000000000e+00
8.875000000000000000e+00
-1.007812500000000000e+00
-1.925000000000000000e+01
2.531250000000000000e+00
-1.398437500000000000e+00
-9.687500000000000000e-01
4.843750000000000000e-01
-4.902343750000000000e-01
-1.023437500000000000e+00
-2.187500000000000000e+00
3.162500000000000000e+01
-5.781250000000000000e+00
3.400000000000000000e+01
-1.539062500000000000e+00
8.062500000000000000e+00
8.632812500000000000e-01
-5.593750000000000000e+00
-9.250000000000000000e+00
-5.218750000000000000e+00
-5.406250000000000000e+00
-6.781250000000000000e+00
-7.218750000000000000e+00
-1.585937500000000000e+00
-8.398437500000000000e-01
-1.218750000000000000e+00
-1.406250000000000000e-01
-7.000000000000000000e+00
-1.289062500000000000e+00
1.164062500000000000e+00
-2.062500000000000000e+00
-3.171875000000000000e+00
-4.433593750000000000e-01
-4.093750000000000000e+00
8.500000000000000000e+00
-1.601562500000000000e+00
1.712500000000000000e+01
1.525000000000000000e+01
3.162500000000000000e+01
8.250000000000000000e+00
1.662500000000000000e+01
1.193750000000000000e+01
-1.656250000000000000e+00
-3.937500000000000000e+00
-1.148437500000000000e+00
-1.656250000000000000e+00
-1.748046875000000000e-01
9.687500000000000000e+00
6.531250000000000000e+00
-1.750000000000000000e+00
-4.968750000000000000e+00
2.265625000000000000e+00
7.656250000000000000e+00
-6.750000000000000000e+00
1.196289062500000000e-01
-1.562500000000000000e+00
8.000000000000000000e+00
1.206250000000000000e+01
-4.031250000000000000e+00
1.125000000000000000e+01
2.203125000000000000e+00
1.523437500000000000e+00
-4.156250000000000000e+00
2.850000000000000000e+01
1.400000000000000000e+01
1.131250000000000000e+01
5.781250000000000000e+00
-1.054687500000000000e+00
2.712500000000000000e+01
-5.078125000000000000e-02
1.074218750000000000e-01
1.006250000000000000e+01
-4.156250000000000000e+00
-2.125000000000000000e+00
1.206250000000000000e+01
5.750000000000000000e+00
-6.625000000000000000e+00
-8.476562500000000000e-01
1.712500000000000000e+01
1.068750000000000000e+01
-3.078125000000000000e+00
-3.578125000000000000e+00
1.243750000000000000e+01
1.081250000000000000e+01
1.992187500000000000e+00
1.375000000000000000e+01
-5.406250000000000000e+00
1.132812500000000000e+00
-3.296875000000000000e+00
2.609375000000000000e+00
-7.000000000000000000e+00
3.578125000000000000e+00
4.718750000000000000e+00
7.375000000000000000e+00
2.093750000000000000e+00
-6.656250000000000000e+00
2.262500000000000000e+01
-1.218750000000000000e+00
3.300000000000000000e+01
7.000000000000000000e+00
-4.093750000000000000e+00
-1.585937500000000000e+00
1.093750000000000000e+01
8.375000000000000000e+00
1.150000000000000000e+01
-2.062500000000000000e+00
1.712500000000000000e+01
-4.281250000000000000e+00
-6.718750000000000000e+00
-2.593750000000000000e+00
4.562500000000000000e+00
-1.312500000000000000e+00
1.343750000000000000e+01
-5.375000000000000000e+00
2.050000000000000000e+01
-3.921875000000000000e+00
1.125000000000000000e+01
-8.312500000000000000e+00
1.612500000000000000e+01
-3.703125000000000000e+00
1.837500000000000000e+01
-1.976562500000000000e+00
-2.203125000000000000e+00
2.062500000000000000e+01
1.581250000000000000e+01
3.500000000000000000e+00
-2.578125000000000000e+00
1.068750000000000000e+01
-1.164062500000000000e+00
-1.006250000000000000e+01
1.125000000000000000e+01
1.518750000000000000e+01
-1.968750000000000000e+00
6.843750000000000000e+00
2.587500000000000000e+01
-5.156250000000000000e+00
8.937500000000000000e+00
-5.250000000000000000e+00
4.031250000000000000e+00
1.023437500000000000e+00
-7.617187500000000000e-01
-6.406250000000000000e+00
1.218750000000000000e+01
-7.031250000000000000e+00
2.600000000000000000e+01
