5.039062500000000000e-01
8.125000000000000000e-01
-1.273437500000000000e+00
1.101562500000000000e+00
3.847656250000000000e-01
1.281250000000000000e+00
8.164062500000000000e-01
8.437500000000000000e-01
-6.679687500000000000e-01
-3.769531250000000000e-01
9.960937500000000000e-01
3.730468750000000000e-01
1.476562500000000000e+00
-9.228515625000000000e-02
7.304687500000000000e-01
4.707031250000000000e-01
-1.953125000000000000e-01
7.539062500000000000e-01
2.734375000000000000e+00
-1.867187500000000000e+00
-1.718750000000000000e-01
3.296875000000000000e+00
-3.890625000000000000e+00
-1.591796875000000000e-01
8.632812500000000000e-01
3.750000000000000000e-01
-1.289062500000000000e+00
1.923828125000000000e-01
-6.601562500000000000e-01
-4.785156250000000000e-01
1.875000000000000000e+00
1.281250000000000000e+00
1.289062500000000000e+00
-1.242187500000000000e+00
-2.968750000000000000e-01
-8.281250000000000000e-01
1.601562500000000000e+00
-1.468750000000000000e+00
4.550781250000000000e-01
-1.851562500000000000e+00
2.636718750000000000e-01
1.851562500000000000e+00
-1.533203125000000000e-01
-1.943359375000000000e-01
3.105468750000000000e-01
1.273437500000000000e+00
4.511718750000000000e-01
-1.312500000000000000e+00
1.179687500000000000e+00
1.531250000000000000e+00
-1.234375000000000000e+00
-1.085937500000000000e+00
2.250000000000000000e+00
1.225585937500000000e-01
1.195312500000000000e+00
1.875000000000000000e+00
-1.523437500000000000e+00
-1.281250000000000000e+00
2.382812500000000000e-01
5.312500000000000000e-01
-1.593750000000000000e+00
7.617187500000000000e-01
-1.101562500000000000e+00
1.812500000000000000e+00
1.343750000000000000e+00
-2.158203125000000000e-01
1.218750000000000000e+00
-4.174804687500000000e-02
-1.054687500000000000e+00
-5.742187500000000000e-01
-2.138671875000000000e-01
2.343750000000000000e-01
-9.414062500000000000e-01
-2.015625000000000000e+00
2.140625000000000000e+00
-3.515625000000000000e-01
1.593750000000000000e+00
1.164062500000000000e+00
1.406250000000000000e+00
2.734375000000000000e-01
2.421875000000000000e+00
8.554687500000000000e-01
4.375000000000000000e-01
-3.125000000000000000e-02
-2.218750000000000000e+00
9.375000000000000000e-01
1.539062500000000000e+00
1.320312500000000000e+00
7.695312500000000000e-01
3.125000000000000000e-02
-9.570312500000000000e-01
2.880859375000000000e-02
-1.070312500000000000e+00
-8.750000000000000000e-01
1.625000000000000000e+00
-2.519531250000000000e-01
1.632812500000000000e+00
8.437500000000000000e-01
-1.039062500000000000e+00
1.226562500000000000e+00
1.914062500000000000e+00
-3.808593750000000000e-01
-8.632812500000000000e-01
2.140625000000000000e+00
2.125000000000000000e+00
1.351562500000000000e+00
-5.351562500000000000e-01
2.187500000000000000e+00
-1.845703125000000000e-01
-1.343750000000000000e+00
1.820312500000000000e+00
-3.320312500000000000e-01
1.398437500000000000e+00
-2.871093750000000000e-01
2.609252929687500000e-03
1.601562500000000000e+00
7.929687500000000000e-01
-4.062500000000000000e-01
-5.000000000000000000e-01
-5.218505859375000000e-03
-7.304687500000000000e-01
-5.585937500000000000e-01
1.953125000000000000e-03
7.812500000000000000e-01
1.523437500000000000e+00
8.476562500000000000e-01
1.500000000000000000e+00
2.421875000000000000e+00
1.242187500000000000e+00
3.964843750000000000e-01
1.937500000000000000e+00
-2.734375000000000000e-01
8.320312500000000000e-01
-6.992187500000000000e-01
1.039062500000000000e+00
-2.470703125000000000e-01
-9.023437500000000000e-01
1.015625000000000000e+00
1.210937500000000000e+00
-1.093750000000000000e+00
-1.601562500000000000e+00
1.914062500000000000e+00
1.570312500000000000e+00
4.433593750000000000e-01
1.375000000000000000e+00
-1.225585937500000000e-01
7.070312500000000000e-01
-1.414062500000000000e+00
1.312500000000000000e+00
1.460937500000000000e+00
7.929687500000000000e-01
1.796875000000000000e-01
-3.906250000000000000e-01
1.118164062500000000e-01
-4.687500000000000000e-02
-1.445312500000000000e+00
-7.500000000000000000e-01
-7.187500000000000000e-01
5.781250000000000000e-01
-1.062500000000000000e+00
-1.351562500000000000e+00
-8.437500000000000000e-01
5.468750000000000000e-01
-6.875000000000000000e-01
-1.437500000000000000e+00
1.937500000000000000e+00
-5.039062500000000000e-01
-9.619140625000000000e-02
2.375000000000000000e+00
-8.593750000000000000e-02
2.890625000000000000e-01
-5.859375000000000000e-01
1.851562500000000000e+00
1.289062500000000000e+00
-9.912109375000000000e-02
1.406250000000000000e+00
-8.750000000000000000e-01
2.234375000000000000e+00
1.539062500000000000e+00
1.117187500000000000e+00
-2.812500000000000000e-01
1.335937500000000000e+00
-7.500000000000000000e-01
-1.570312500000000000e+00
-7.617187500000000000e-01
2.656250000000000000e+00
9.101562500000000000e-01
5.234375000000000000e-01
7.460937500000000000e-01
6.718750000000000000e-01
1.437500000000000000e+00
-5.820312500000000000e-01
1.234375000000000000e+00
1.500000000000000000e+00
5.039062500000000000e-01
-4.003906250000000000e-01
4.628906250000000000e-01
-2.500000000000000000e-01
-7.070312500000000000e-01
-5.200195312500000000e-02
6.875000000000000000e-01
-4.160156250000000000e-01
1.225585937500000000e-01
-4.785156250000000000e-01
3.378906250000000000e-01
1.429687500000000000e+00
-8.437500000000000000e-01
-6.445312500000000000e-01
1.031250000000000000e+00
8.242187500000000000e-01
-1.210937500000000000e+00
1.242187500000000000e+00
-3.393554687500000000e-02
1.195312500000000000e+00
-9.882812500000000000e-01
1.937500000000000000e+00
5.625000000000000000e-01
8.750000000000000000e-01
-2.046875000000000000e+00
-7.968750000000000000e-01
-2.890625000000000000e-01
6.718750000000000000e-01
3.085937500000000000e-01
-1.835937500000000000e-01
-2.187500000000000000e+00
-6.523437500000000000e-01
-1.335937500000000000e+00
-6.445312500000000000e-01
-1.226562500000000000e+00
1.367187500000000000e+00
-2.578125000000000000e-01
1.000000000000000000e+00
1.718750000000000000e+00
-3.964843750000000000e-01
-1.474609375000000000e-01
7.812500000000000000e-02
-1.695312500000000000e+00
1.007812500000000000e+00
-1.257812500000000000e+00
-6.445312500000000000e-01
1.257812500000000000e+00
1.570312500000000000e+00
-2.343750000000000000e-01
-3.027343750000000000e-01
-1.531250000000000000e+00
-1.585937500000000000e+00
-1.304687500000000000e+00
1.818847656250000000e-02
-1.304687500000000000e+00
-4.956054687500000000e-02
-2.109375000000000000e+00
-7.226562500000000000e-01
9.179687500000000000e-01
-1.015625000000000000e-01
1.015625000000000000e+00
1.210937500000000000e+00
-1.054687500000000000e+00
-3.222656250000000000e-01
-4.785156250000000000e-01
-1.117187500000000000e+00
-1.632812500000000000e+00
-1.101562500000000000e+00
-5.390625000000000000e-01
-6.679687500000000000e-01
1.611328125000000000e-01
7.539062500000000000e-01
-8.281250000000000000e-01
-1.632812500000000000e+00
-1.007812500000000000e+00
-3.144531250000000000e-01
-1.196289062500000000e-01
-9.257812500000000000e-01
-8.125000000000000000e-01
7.851562500000000000e-01
-3.066406250000000000e-01
-1.982421875000000000e-01
1.414062500000000000e+00
-2.500000000000000000e-01
1.304687500000000000e+00
1.242187500000000000e+00
7.275390625000000000e-02
-6.093750000000000000e-01
-6.718750000000000000e-01
3.183593750000000000e-01
3.085937500000000000e-01
-2.929687500000000000e-01
5.312500000000000000e-01
8.437500000000000000e-01
-3.378906250000000000e-01
-1.171875000000000000e+00
1.312500000000000000e+00
8.554687500000000000e-01
-1.812500000000000000e+00
-2.988281250000000000e-01
7.568359375000000000e-02
9.492187500000000000e-01
9.023437500000000000e-01
2.031250000000000000e-01
1.054687500000000000e+00
2.597656250000000000e-01
1.820312500000000000e+00
8.945312500000000000e-01
1.843750000000000000e+00
1.710937500000000000e+00
5.273437500000000000e-01
1.882812500000000000e+00
-2.609252929687500000e-03
1.718750000000000000e+00
1.125000000000000000e+00
-7.695312500000000000e-01
6.914062500000000000e-01
-1.500000000000000000e+00
1.147460937500000000e-01
1.031250000000000000e+00
7.695312500000000000e-01
-1.476562500000000000e+00
1.357421875000000000e-01
1.257812500000000000e+00
9.218750000000000000e-01
-7.695312500000000000e-01
-3.828125000000000000e-01
1.054687500000000000e+00
1.117187500000000000e+00
1.914062500000000000e+00
-2.703125000000000000e+00
-9.804687500000000000e-01
-1.625000000000000000e+00
5.039062500000000000e-01
7.656250000000000000e-01
-1.835937500000000000e+00
2.087402343750000000e-02
6.289062500000000000e-01
1.742187500000000000e+00
2.296875000000000000e+00
-1.679687500000000000e+00
-1.164062500000000000e+00
1.611328125000000000e-01
-1.054687500000000000e+00
-1.539062500000000000e+00
9.023437500000000000e-01
-2.031250000000000000e-01
1.429687500000000000e+00
-7.382812500000000000e-01
6.367187500000000000e-01
-2.070312500000000000e-01
1.773437500000000000e+00
-1.335937500000000000e+00
2.921875000000000000e+00
-2.929687500000000000e-01
-4.238281250000000000e-01
3.066406250000000000e-01
8.437500000000000000e-01
-2.714843750000000000e-01
1.398437500000000000e+00
8.593750000000000000e-02
-1.039062500000000000e+00
1.148437500000000000e+00
-1.460937500000000000e+00
3.906250000000000000e-02
-3.203125000000000000e+00
-1.982421875000000000e-01
-1.773437500000000000e+00
-2.796875000000000000e+00
1.570312500000000000e+00
1.234375000000000000e+00
-1.039062500000000000e+00
3.613281250000000000e-01
-3.496093750000000000e-01
-2.812500000000000000e+00
1.492187500000000000e+00
1.562500000000000000e+00
3.378906250000000000e-01
1.414062500000000000e+00
2.687500000000000000e+00
-6.523437500000000000e-01
7.460937500000000000e-01
-8.789062500000000000e-01
5.117187500000000000e-01
4.785156250000000000e-01
-5.273437500000000000e-01
-1.414062500000000000e+00
1.257812500000000000e+00
6.289062500000000000e-01
-2.087402343750000000e-02
