-6.523437500000000000e-01
1.186523437500000000e-01
-1.750000000000000000e+00
1.007812500000000000e+00
-1.250000000000000000e-01
1.460937500000000000e+00
1.062500000000000000e+00
8.320312500000000000e-01
-6.445312500000000000e-01
-1.101562500000000000e+00
1.070312500000000000e+00
9.375000000000000000e-01
1.656250000000000000e+00
1.923828125000000000e-01
9.804687500000000000e-01
3.906250000000000000e-01
6.689453125000000000e-02
6.835937500000000000e-01
3.593750000000000000e-01
-1.437500000000000000e+00
-5.625000000000000000e-01
2.875000000000000000e+00
-4.843750000000000000e+00
-6.679687500000000000e-01
7.812500000000000000e-01
1.171875000000000000e-01
-3.046875000000000000e+00
-8.125000000000000000e-01
-1.757812500000000000e-01
-1.023437500000000000e+00
1.187500000000000000e+00
1.914062500000000000e+00
1.039062500000000000e+00
-8.242187500000000000e-01
-1.669921875000000000e-01
-1.351562500000000000e+00
1.750000000000000000e+00
-8.750000000000000000e-01
1.513671875000000000e-01
-1.585937500000000000e+00
-3.652343750000000000e-01
1.570312500000000000e+00
7.343750000000000000e-01
-2.041015625000000000e-01
-1.117187500000000000e+00
1.218750000000000000e+00
1.148437500000000000e+00
-3.574218750000000000e-01
1.343750000000000000e+00
9.101562500000000000e-01
-5.117187500000000000e-01
-1.289062500000000000e+00
2.046875000000000000e+00
-6.640625000000000000e-01
8.125000000000000000e-01
4.707031250000000000e-01
-6.367187500000000000e-01
-2.484375000000000000e+00
2.597656250000000000e-01
4.863281250000000000e-01
-1.156250000000000000e+00
8.554687500000000000e-01
-5.546875000000000000e-01
1.968750000000000000e+00
1.437500000000000000e+00
-3.295898437500000000e-02
8.320312500000000000e-01
-7.373046875000000000e-02
-1.186523437500000000e-01
6.601562500000000000e-01
-1.281250000000000000e+00
1.523437500000000000e+00
7.714843750000000000e-02
-1.664062500000000000e+00
2.359375000000000000e+00
7.617187500000000000e-01
1.679687500000000000e+00
1.273437500000000000e+00
1.414062500000000000e+00
-1.015625000000000000e-01
2.375000000000000000e+00
6.484375000000000000e-01
-1.320312500000000000e+00
-7.187500000000000000e-01
-2.484375000000000000e+00
1.250000000000000000e+00
3.637695312500000000e-02
1.062500000000000000e+00
6.367187500000000000e-01
-1.500000000000000000e+00
-9.804687500000000000e-01
7.656250000000000000e-01
-1.210937500000000000e+00
-4.316406250000000000e-01
1.312500000000000000e+00
-5.742187500000000000e-01
4.687500000000000000e-01
7.851562500000000000e-01
-7.500000000000000000e-01
1.195312500000000000e+00
7.460937500000000000e-01
-1.601562500000000000e+00
-8.945312500000000000e-01
1.843750000000000000e+00
1.296875000000000000e+00
1.414062500000000000e+00
-1.865234375000000000e-01
2.000000000000000000e+00
-1.000000000000000000e+00
-9.843750000000000000e-01
1.585937500000000000e+00
-5.000000000000000000e-01
1.726562500000000000e+00
-5.468750000000000000e-01
-4.160156250000000000e-01
1.523437500000000000e+00
2.031250000000000000e+00
-8.750000000000000000e-01
-1.445312500000000000e+00
-2.910156250000000000e-01
-8.632812500000000000e-01
-1.039062500000000000e+00
-8.632812500000000000e-01
1.109375000000000000e+00
1.351562500000000000e+00
6.523437500000000000e-01
1.523437500000000000e+00
1.468750000000000000e+00
1.148437500000000000e+00
9.062500000000000000e-01
2.015625000000000000e+00
8.476562500000000000e-01
6.914062500000000000e-01
-1.296875000000000000e+00
-2.171875000000000000e+00
-3.652343750000000000e-01
-7.070312500000000000e-01
5.976562500000000000e-01
1.429687500000000000e+00
-1.226562500000000000e+00
-1.460937500000000000e+00
2.078125000000000000e+00
1.468750000000000000e+00
5.312500000000000000e-01
1.375000000000000000e+00
-5.156250000000000000e-01
5.200195312500000000e-02
-1.687500000000000000e+00
1.070312500000000000e+00
1.218750000000000000e+00
-2.656250000000000000e-01
-2.177734375000000000e-01
-1.031250000000000000e+00
1.171875000000000000e-01
-1.023437500000000000e+00
-2.375000000000000000e+00
-6.171875000000000000e-01
-7.500000000000000000e-01
3.906250000000000000e-01
-1.039062500000000000e+00
-1.062500000000000000e+00
-1.375000000000000000e+00
5.156250000000000000e-01
-2.890625000000000000e+00
-8.906250000000000000e-01
1.382812500000000000e+00
-9.804687500000000000e-01
-1.494140625000000000e-01
2.312500000000000000e+00
-9.218750000000000000e-01
8.007812500000000000e-01
-6.523437500000000000e-01
1.773437500000000000e+00
1.062500000000000000e+00
-1.679687500000000000e-01
1.257812500000000000e+00
-6.132812500000000000e-01
2.046875000000000000e+00
1.851562500000000000e+00
1.007812500000000000e+00
-8.320312500000000000e-01
1.273437500000000000e+00
-2.236328125000000000e-01
-8.945312500000000000e-01
4.218750000000000000e-01
1.523437500000000000e+00
1.015625000000000000e+00
6.718750000000000000e-01
-4.902343750000000000e-01
6.601562500000000000e-01
1.367187500000000000e+00
-9.882812500000000000e-01
1.000000000000000000e+00
1.601562500000000000e+00
6.757812500000000000e-01
-1.375000000000000000e+00
4.355468750000000000e-01
-1.781250000000000000e+00
-1.015625000000000000e+00
-7.695312500000000000e-01
6.093750000000000000e-01
-1.031250000000000000e+00
-1.464843750000000000e-01
-6.757812500000000000e-01
2.519531250000000000e-01
1.007812500000000000e+00
-5.351562500000000000e-01
-1.226562500000000000e+00
7.929687500000000000e-01
6.328125000000000000e-01
-1.171875000000000000e+00
8.867187500000000000e-01
-8.281250000000000000e-01
1.460937500000000000e+00
-5.937500000000000000e-01
1.437500000000000000e+00
-1.611328125000000000e-01
1.101562500000000000e+00
3.105468750000000000e-01
-1.960937500000000000e+00
-6.992187500000000000e-01
2.060546875000000000e-01
4.355468750000000000e-01
-1.650390625000000000e-01
-3.109375000000000000e+00
-1.156250000000000000e+00
-9.882812500000000000e-01
-1.914062500000000000e+00
-1.843750000000000000e+00
1.460937500000000000e+00
-7.304687500000000000e-01
1.406250000000000000e-01
-5.117187500000000000e-01
1.225585937500000000e-01
-3.964843750000000000e-01
-1.226562500000000000e+00
2.500000000000000000e-01
1.164062500000000000e+00
-1.375000000000000000e+00
-1.054687500000000000e+00
1.476562500000000000e+00
1.296875000000000000e+00
1.476562500000000000e+00
-2.421875000000000000e-01
-1.023437500000000000e+00
-1.429687500000000000e+00
-1.664062500000000000e+00
-2.792968750000000000e-01
-1.148437500000000000e+00
-1.382812500000000000e+00
-3.250000000000000000e+00
-1.140625000000000000e+00
-8.837890625000000000e-02
-7.851562500000000000e-01
1.148437500000000000e+00
8.750000000000000000e-01
-1.585937500000000000e+00
-1.250000000000000000e+00
-5.625000000000000000e-01
-7.226562500000000000e-01
-9.062500000000000000e-01
-5.742187500000000000e-01
-7.500000000000000000e-01
-5.820312500000000000e-01
8.242187500000000000e-01
7.695312500000000000e-01
-9.062500000000000000e-01
-1.242187500000000000e+00
-3.750000000000000000e-01
-1.203125000000000000e+00
-1.445312500000000000e+00
-9.492187500000000000e-01
-9.414062500000000000e-01
7.773437500000000000e-01
-5.351562500000000000e-01
-1.929687500000000000e+00
1.210937500000000000e+00
-1.476562500000000000e+00
1.062500000000000000e+00
8.945312500000000000e-01
2.519531250000000000e-01
-1.351562500000000000e+00
-2.600097656250000000e-02
-3.300781250000000000e-01
1.186523437500000000e-01
-3.906250000000000000e-01
3.496093750000000000e-01
9.257812500000000000e-01
-5.976562500000000000e-01
-1.125000000000000000e+00
1.164062500000000000e+00
1.101562500000000000e+00
-1.710937500000000000e+00
8.320312500000000000e-01
-4.941406250000000000e-01
1.460937500000000000e+00
7.968750000000000000e-01
3.964843750000000000e-01
8.750000000000000000e-01
5.444335937500000000e-02
1.585937500000000000e+00
1.140625000000000000e+00
7.812500000000000000e-01
1.476562500000000000e+00
3.730468750000000000e-01
2.125000000000000000e+00
-9.179687500000000000e-01
-3.203125000000000000e-01
1.265625000000000000e+00
-6.982421875000000000e-02
4.687500000000000000e-01
-1.085937500000000000e+00
8.593750000000000000e-01
1.015625000000000000e+00
8.007812500000000000e-01
-1.476562500000000000e+00
-9.062500000000000000e-01
7.656250000000000000e-01
7.929687500000000000e-01
-1.070312500000000000e+00
-8.789062500000000000e-01
7.070312500000000000e-01
1.257812500000000000e+00
1.648437500000000000e+00
-3.375000000000000000e+00
-1.132812500000000000e+00
-8.593750000000000000e-01
4.941406250000000000e-01
8.867187500000000000e-01
-1.437500000000000000e+00
4.316406250000000000e-01
1.062500000000000000e+00
1.687500000000000000e+00
2.109375000000000000e+00
-2.015625000000000000e+00
-3.296875000000000000e+00
-1.196289062500000000e-01
-2.046875000000000000e+00
-1.679687500000000000e+00
1.483154296875000000e-02
-1.070312500000000000e+00
1.406250000000000000e+00
1.435546875000000000e-01
6.054687500000000000e-01
-8.750000000000000000e-01
1.687500000000000000e+00
-3.085937500000000000e-01
3.734375000000000000e+00
-1.273437500000000000e+00
-1.742187500000000000e+00
-2.832031250000000000e-01
6.250000000000000000e-01
-4.550781250000000000e-01
6.992187500000000000e-01
-2.539062500000000000e-01
-1.554687500000000000e+00
2.140625000000000000e+00
-2.234375000000000000e+00
1.376953125000000000e-01
-4.093750000000000000e+00
-3.183593750000000000e-01
-1.539062500000000000e+00
-3.546875000000000000e+00
9.375000000000000000e-01
1.156250000000000000e+00
-7.500000000000000000e-01
4.863281250000000000e-01
-5.312500000000000000e-01
-2.875000000000000000e+00
1.460937500000000000e+00
6.601562500000000000e-01
-9.492187500000000000e-01
1.187500000000000000e+00
1.242187500000000000e+00
-5.429687500000000000e-01
8.945312500000000000e-01
-6.289062500000000000e-01
5.976562500000000000e-01
-2.871093750000000000e-01
-7.187500000000000000e-01
-1.156250000000000000e+00
9.570312500000000000e-01
1.531250000000000000e+00
-8.554687500000000000e-01
