2.912500000000000000e+01
-1.929687500000000000e+00
-5.031250000000000000e+00
9.312500000000000000e+00
-1.460937500000000000e+00
-1.726562500000000000e+00
5.093750000000000000e+00
6.906250000000000000e+00
-2.828125000000000000e+00
-1.171875000000000000e+00
6.000000000000000000e+00
2.453125000000000000e+00
3.109375000000000000e+00
1.500000000000000000e+00
8.250000000000000000e+00
5.875000000000000000e+00
-7.781250000000000000e+00
6.750000000000000000e+00
2.750000000000000000e+01
-2.125000000000000000e+00
-2.703125000000000000e+00
1.367187500000000000e+00
1.381250000000000000e+01
-1.132812500000000000e+00
7.593750000000000000e+00
6.468750000000000000e+00
1.343750000000000000e+01
-7.617187500000000000e-01
9.804687500000000000e-01
-4.843750000000000000e+00
1.581250000000000000e+01
-7.593750000000000000e+00
1.018750000000000000e+01
-5.312500000000000000e+00
-1.375000000000000000e+00
-1.851562500000000000e+00
4.614257812500000000e-02
-9.062500000000000000e-01
6.875000000000000000e+00
-5.343750000000000000e+00
-1.906250000000000000e+00
1.450000000000000000e+01
2.015625000000000000e+00
-3.125000000000000000e+00
-9.648437500000000000e-01
3.203125000000000000e+00
1.531250000000000000e+00
-3.953125000000000000e+00
-6.406250000000000000e-01
1.506250000000000000e+01
-6.757812500000000000e-01
-1.226562500000000000e+00
-1.062500000000000000e+00
-3.546875000000000000e+00
1.068750000000000000e+01
2.050000000000000000e+01
-7.906250000000000000e+00
2.512500000000000000e+01
1.039062500000000000e+00
5.656250000000000000e+00
-3.187500000000000000e+00
2.109375000000000000e+00
5.429687500000000000e-01
1.031250000000000000e+01
3.859375000000000000e+00
-3.500000000000000000e+00
1.381250000000000000e+01
-3.546875000000000000e+00
-1.710937500000000000e+00
-5.375000000000000000e+00
-4.218750000000000000e-01
-9.912109375000000000e-02
-6.679687500000000000e-01
-7.343750000000000000e+00
-1.476562500000000000e+00
-1.006250000000000000e+01
9.937500000000000000e+00
2.812500000000000000e+00
9.000000000000000000e+00
2.437500000000000000e+00
4.218750000000000000e+00
7.500000000000000000e+00
-1.757812500000000000e+00
-1.335937500000000000e+00
-7.718750000000000000e+00
-6.992187500000000000e-01
2.200000000000000000e+01
1.243750000000000000e+01
6.000000000000000000e+00
-3.769531250000000000e-01
-2.671875000000000000e+00
-1.257812500000000000e+00
-9.250000000000000000e+00
-1.884765625000000000e-01
-4.781250000000000000e+00
-4.531250000000000000e+00
3.162500000000000000e+01
7.656250000000000000e+00
-8.935546875000000000e-02
8.789062500000000000e-01
1.962500000000000000e+01
-9.257812500000000000e-01
-4.125000000000000000e+00
2.671875000000000000e+00
1.762500000000000000e+01
1.018750000000000000e+01
-2.421875000000000000e+00
1.789062500000000000e+00
-7.773437500000000000e-01
-2.062500000000000000e+00
1.531250000000000000e+01
-3.390625000000000000e+00
-1.437500000000000000e+00
-3.687500000000000000e+00
-2.046875000000000000e+00
9.062500000000000000e+00
-1.281250000000000000e+01
-3.937500000000000000e+00
-8.164062500000000000e-01
-1.531250000000000000e+00
-4.500000000000000000e+00
7.177734375000000000e-02
-4.531250000000000000e+00
6.281250000000000000e+00
8.242187500000000000e-01
8.937500000000000000e+00
6.218750000000000000e+00
1.962500000000000000e+01
9.812500000000000000e+00
-2.558593750000000000e-01
-1.875000000000000000e-01
-7.500000000000000000e+00
5.093750000000000000e+00
-3.453125000000000000e+00
2.300000000000000000e+01
-2.296875000000000000e+00
-1.617187500000000000e+00
1.375000000000000000e+01
5.406250000000000000e+00
-5.000000000000000000e+00
-1.953125000000000000e-02
-3.390625000000000000e+00
1.018750000000000000e+01
4.750000000000000000e+00
8.687500000000000000e+00
-3.140625000000000000e+00
2.137500000000000000e+01
-6.375000000000000000e+00
1.118750000000000000e+01
9.312500000000000000e+00
2.800000000000000000e+01
-2.953125000000000000e+00
-1.945312500000000000e+00
3.187500000000000000e+00
-9.570312500000000000e-01
1.775000000000000000e+01
-4.718750000000000000e+00
-1.898437500000000000e+00
-6.132812500000000000e-01
-2.953125000000000000e+00
-1.000000000000000000e+00
7.718750000000000000e+00
5.843750000000000000e+00
1.425000000000000000e+01
-8.710937500000000000e-01
1.600000000000000000e+01
-1.351562500000000000e+00
1.328125000000000000e+00
2.312500000000000000e+00
-4.718750000000000000e+00
2.265625000000000000e+00
-9.843750000000000000e-01
1.081250000000000000e+01
1.181250000000000000e+01
-1.914062500000000000e+00
1.000000000000000000e+01
9.648437500000000000e-01
5.593750000000000000e+00
-8.320312500000000000e-01
8.750000000000000000e+00
1.600000000000000000e+01
1.125000000000000000e+01
-5.218750000000000000e+00
-2.953125000000000000e+00
-5.406250000000000000e+00
1.937500000000000000e+01
4.156250000000000000e+00
1.023437500000000000e+00
-1.312500000000000000e+00
3.125000000000000000e+00
8.062500000000000000e+00
-2.625000000000000000e+00
1.193750000000000000e+01
9.812500000000000000e+00
4.968750000000000000e+00
2.150000000000000000e+01
7.031250000000000000e-02
2.500000000000000000e+01
-1.382812500000000000e+00
3.027343750000000000e-01
1.625000000000000000e+00
1.937500000000000000e+01
-1.679687500000000000e+00
-3.890625000000000000e+00
1.109375000000000000e+00
1.531250000000000000e+01
-9.562500000000000000e+00
-2.140625000000000000e+00
9.187500000000000000e+00
1.106250000000000000e+01
-2.437500000000000000e+00
1.218750000000000000e+01
-1.382812500000000000e+00
2.437500000000000000e+00
-2.687500000000000000e+00
1.787500000000000000e+01
1.775000000000000000e+01
6.406250000000000000e+00
-1.150000000000000000e+01
2.487500000000000000e+01
-2.968750000000000000e-01
1.531250000000000000e+00
2.984375000000000000e+00
-6.835937500000000000e-01
1.700000000000000000e+01
-3.750000000000000000e+00
-1.710937500000000000e+00
-1.414062500000000000e+00
1.250000000000000000e+01
1.414062500000000000e+00
-2.437500000000000000e+00
2.537500000000000000e+01
2.487500000000000000e+01
-1.054687500000000000e+00
-2.500000000000000000e-01
2.343750000000000000e-02
-6.343750000000000000e+00
4.625000000000000000e+00
-5.343750000000000000e+00
3.540039062500000000e-02
6.593750000000000000e+00
-2.138671875000000000e-01
-1.637500000000000000e+01
7.929687500000000000e-01
-1.335937500000000000e+00
-9.062500000000000000e-01
7.656250000000000000e-01
-3.222656250000000000e-01
-1.320312500000000000e+00
-7.031250000000000000e-01
2.250000000000000000e+01
-3.796875000000000000e+00
2.612500000000000000e+01
-1.312500000000000000e+00
6.250000000000000000e+00
1.460937500000000000e+00
-4.468750000000000000e+00
-6.093750000000000000e+00
-4.031250000000000000e+00
-5.062500000000000000e+00
-7.750000000000000000e+00
-6.093750000000000000e+00
-1.273437500000000000e+00
-1.093750000000000000e+00
-1.648437500000000000e+00
-1.445312500000000000e-01
-5.406250000000000000e+00
-1.375000000000000000e+00
1.304626464843750000e-03
-1.826171875000000000e-01
-1.718750000000000000e+00
-2.451171875000000000e-01
-2.828125000000000000e+00
6.750000000000000000e+00
-1.898437500000000000e+00
1.331250000000000000e+01
1.218750000000000000e+01
2.400000000000000000e+01
7.000000000000000000e+00
1.306250000000000000e+01
8.500000000000000000e+00
1.875000000000000000e-01
-4.468750000000000000e+00
-6.445312500000000000e-01
-2.578125000000000000e+00
-9.882812500000000000e-01
7.500000000000000000e+00
5.500000000000000000e+00
-1.523437500000000000e+00
-3.734375000000000000e+00
1.960937500000000000e+00
5.843750000000000000e+00
-6.000000000000000000e+00
-1.351562500000000000e+00
-1.976562500000000000e+00
5.750000000000000000e+00
9.437500000000000000e+00
-4.343750000000000000e+00
8.750000000000000000e+00
1.710937500000000000e+00
1.601562500000000000e+00
-2.750000000000000000e+00
2.250000000000000000e+01
1.131250000000000000e+01
8.500000000000000000e+00
4.375000000000000000e+00
-2.138671875000000000e-01
2.237500000000000000e+01
-2.216796875000000000e-01
-1.242187500000000000e+00
8.062500000000000000e+00
-3.765625000000000000e+00
-2.296875000000000000e+00
9.437500000000000000e+00
4.843750000000000000e+00
-5.218750000000000000e+00
-7.148437500000000000e-01
1.368750000000000000e+01
8.562500000000000000e+00
-1.773437500000000000e+00
-4.406250000000000000e+00
9.687500000000000000e+00
8.250000000000000000e+00
2.078125000000000000e+00
9.812500000000000000e+00
-4.093750000000000000e+00
-1.093750000000000000e+00
-2.796875000000000000e+00
2.203125000000000000e+00
-6.656250000000000000e+00
2.250000000000000000e+00
3.046875000000000000e+00
6.000000000000000000e+00
2.421875000000000000e+00
-5.218750000000000000e+00
1.687500000000000000e+01
-9.843750000000000000e-01
2.437500000000000000e+01
5.281250000000000000e+00
-4.406250000000000000e+00
-9.375000000000000000e-02
8.625000000000000000e+00
5.281250000000000000e+00
8.562500000000000000e+00
-2.294921875000000000e-01
1.331250000000000000e+01
-5.000000000000000000e+00
-4.750000000000000000e+00
-1.476562500000000000e+00
4.250000000000000000e+00
-2.062500000000000000e+00
1.031250000000000000e+01
-3.375000000000000000e+00
1.625000000000000000e+01
-2.046875000000000000e+00
8.937500000000000000e+00
-6.781250000000000000e+00
1.150000000000000000e+01
-5.125000000000000000e+00
1.268750000000000000e+01
-9.570312500000000000e-01
-2.343750000000000000e+00
1.450000000000000000e+01
1.281250000000000000e+01
3.015625000000000000e+00
-2.437500000000000000e+00
7.906250000000000000e+00
-7.617187500000000000e-01
-7.406250000000000000e+00
9.062500000000000000e+00
1.268750000000000000e+01
-1.382812500000000000e+00
5.718750000000000000e+00
2.200000000000000000e+01
-3.296875000000000000e+00
6.968750000000000000e+00
-6.031250000000000000e+00
3.296875000000000000e+00
1.289062500000000000e+00
-2.216796875000000000e-01
-6.343750000000000000e+00
1.018750000000000000e+01
-6.125000000000000000e+00
1.937500000000000000e+01
