2.037500000000000000e+01
-8.750000000000000000e-01
-4.187500000000000000e+00
7.218750000000000000e+00
-6.992187500000000000e-01
-1.835937500000000000e-01
4.406250000000000000e+00
5.468750000000000000e+00
-2.375000000000000000e+00
-1.265625000000000000e+00
5.093750000000000000e+00
2.250000000000000000e+00
3.296875000000000000e+00
1.382812500000000000e+00
6.406250000000000000e+00
4.656250000000000000e+00
-5.906250000000000000e+00
5.281250000000000000e+00
1.950000000000000000e+01
-2.203125000000000000e+00
-1.460937500000000000e+00
1.851562500000000000e+00
7.468750000000000000e+00
-1.179687500000000000e+00
5.843750000000000000e+00
4.968750000000000000e+00
8.000000000000000000e+00
-3.378906250000000000e-01
5.976562500000000000e-01
-3.921875000000000000e+00
1.175000000000000000e+01
-4.500000000000000000e+00
7.750000000000000000e+00
-3.453125000000000000e+00
-9.375000000000000000e-01
-1.914062500000000000e+00
5.351562500000000000e-01
-7.070312500000000000e-01
5.125000000000000000e+00
-4.250000000000000000e+00
-9.804687500000000000e-01
1.100000000000000000e+01
1.898437500000000000e+00
-2.578125000000000000e+00
-6.640625000000000000e-01
3.234375000000000000e+00
1.570312500000000000e+00
-3.000000000000000000e+00
2.343750000000000000e-01
1.093750000000000000e+01
-8.632812500000000000e-01
-1.414062500000000000e+00
5.737304687500000000e-02
-3.515625000000000000e+00
8.000000000000000000e+00
1.450000000000000000e+01
-5.656250000000000000e+00
1.662500000000000000e+01
8.945312500000000000e-01
4.468750000000000000e+00
-2.359375000000000000e+00
2.359375000000000000e+00
5.981445312500000000e-02
8.437500000000000000e+00
3.812500000000000000e+00
-2.453125000000000000e+00
1.025000000000000000e+01
-2.328125000000000000e+00
-1.265625000000000000e+00
-2.421875000000000000e+00
-1.007812500000000000e+00
1.343750000000000000e+00
-6.523437500000000000e-01
-5.468750000000000000e+00
1.962890625000000000e-01
-7.156250000000000000e+00
8.187500000000000000e+00
2.875000000000000000e+00
7.406250000000000000e+00
1.625000000000000000e+00
4.281250000000000000e+00
5.843750000000000000e+00
-1.343750000000000000e+00
-1.195312500000000000e+00
-6.656250000000000000e+00
4.296875000000000000e-01
1.556250000000000000e+01
9.437500000000000000e+00
4.781250000000000000e+00
-6.289062500000000000e-01
-2.328125000000000000e+00
-2.500000000000000000e-01
-7.843750000000000000e+00
-2.216796875000000000e-01
-3.000000000000000000e+00
-3.390625000000000000e+00
2.300000000000000000e+01
6.000000000000000000e+00
2.148437500000000000e-02
1.351562500000000000e+00
1.418750000000000000e+01
-8.007812500000000000e-01
-3.953125000000000000e+00
2.625000000000000000e+00
1.300000000000000000e+01
8.187500000000000000e+00
-1.757812500000000000e+00
2.203125000000000000e+00
-5.898437500000000000e-01
-1.781250000000000000e+00
1.175000000000000000e+01
-2.171875000000000000e+00
-5.156250000000000000e-01
-3.046875000000000000e+00
-1.382812500000000000e+00
7.531250000000000000e+00
-8.562500000000000000e+00
-3.328125000000000000e+00
-5.898437500000000000e-01
-1.304687500000000000e+00
-3.578125000000000000e+00
-4.160156250000000000e-01
-2.921875000000000000e+00
5.406250000000000000e+00
1.562500000000000000e+00
6.718750000000000000e+00
5.343750000000000000e+00
1.450000000000000000e+01
7.656250000000000000e+00
5.625000000000000000e-01
7.070312500000000000e-01
-4.656250000000000000e+00
4.281250000000000000e+00
-2.562500000000000000e+00
1.468750000000000000e+01
-1.851562500000000000e+00
-1.226562500000000000e+00
1.018750000000000000e+01
4.781250000000000000e+00
-3.750000000000000000e+00
-7.539062500000000000e-01
-1.343750000000000000e+00
8.187500000000000000e+00
3.890625000000000000e+00
7.093750000000000000e+00
-2.140625000000000000e+00
1.550000000000000000e+01
-4.156250000000000000e+00
8.562500000000000000e+00
7.593750000000000000e+00
1.962500000000000000e+01
-1.585937500000000000e+00
-1.648437500000000000e+00
2.671875000000000000e+00
-5.039062500000000000e-01
1.175000000000000000e+01
-3.250000000000000000e+00
-1.289062500000000000e+00
1.611328125000000000e-01
-2.078125000000000000e+00
-1.156250000000000000e+00
4.875000000000000000e+00
4.312500000000000000e+00
8.312500000000000000e+00
-7.304687500000000000e-01
1.200000000000000000e+01
-1.289062500000000000e+00
4.433593750000000000e-01
2.515625000000000000e+00
-3.703125000000000000e+00
2.265625000000000000e+00
-1.492187500000000000e+00
8.750000000000000000e+00
9.000000000000000000e+00
-1.273437500000000000e+00
7.968750000000000000e+00
3.652343750000000000e-01
5.125000000000000000e+00
5.859375000000000000e-03
6.906250000000000000e+00
1.131250000000000000e+01
8.750000000000000000e+00
-3.609375000000000000e+00
-2.500000000000000000e+00
-3.234375000000000000e+00
1.443750000000000000e+01
3.796875000000000000e+00
1.187500000000000000e+00
-1.039062500000000000e+00
2.828125000000000000e+00
6.625000000000000000e+00
-1.781250000000000000e+00
8.937500000000000000e+00
7.906250000000000000e+00
4.156250000000000000e+00
1.481250000000000000e+01
3.105468750000000000e-01
1.687500000000000000e+01
-1.242187500000000000e+00
-2.519531250000000000e-01
1.695312500000000000e+00
1.368750000000000000e+01
-9.414062500000000000e-01
-2.453125000000000000e+00
7.929687500000000000e-01
1.118750000000000000e+01
-6.656250000000000000e+00
-1.875000000000000000e+00
7.093750000000000000e+00
8.312500000000000000e+00
-1.898437500000000000e+00
9.000000000000000000e+00
-1.023437500000000000e+00
2.640625000000000000e+00
-1.710937500000000000e+00
1.356250000000000000e+01
1.281250000000000000e+01
5.500000000000000000e+00
-6.906250000000000000e+00
1.700000000000000000e+01
-6.875000000000000000e-01
1.500000000000000000e+00
2.687500000000000000e+00
-6.210937500000000000e-01
1.068750000000000000e+01
-3.203125000000000000e+00
-1.835937500000000000e+00
-1.148437500000000000e+00
8.500000000000000000e+00
2.187500000000000000e+00
-2.359375000000000000e+00
1.825000000000000000e+01
1.700000000000000000e+01
-5.273437500000000000e-01
-1.796875000000000000e-01
-3.393554687500000000e-02
-3.703125000000000000e+00
4.250000000000000000e+00
-4.531250000000000000e+00
-1.943359375000000000e-01
5.750000000000000000e+00
1.043701171875000000e-02
-1.118750000000000000e+01
1.562500000000000000e+00
-1.187500000000000000e+00
-1.226562500000000000e+00
5.346679687500000000e-02
-1.728515625000000000e-01
-1.585937500000000000e+00
-5.078125000000000000e-01
1.468750000000000000e+01
-3.171875000000000000e+00
1.862500000000000000e+01
-1.070312500000000000e+00
5.187500000000000000e+00
1.960937500000000000e+00
-3.421875000000000000e+00
-4.906250000000000000e+00
-2.625000000000000000e+00
-3.062500000000000000e+00
-5.250000000000000000e+00
-4.343750000000000000e+00
-1.273437500000000000e+00
-2.636718750000000000e-01
-2.558593750000000000e-01
2.734375000000000000e-01
-3.734375000000000000e+00
-1.500000000000000000e+00
-1.406250000000000000e-01
-4.121093750000000000e-01
-1.414062500000000000e+00
-5.351562500000000000e-01
-2.203125000000000000e+00
5.250000000000000000e+00
-1.492187500000000000e+00
8.312500000000000000e+00
9.187500000000000000e+00
1.662500000000000000e+01
5.750000000000000000e+00
9.812500000000000000e+00
6.656250000000000000e+00
-1.093750000000000000e-01
-3.062500000000000000e+00
-7.382812500000000000e-01
-1.554687500000000000e+00
-8.320312500000000000e-01
5.531250000000000000e+00
4.593750000000000000e+00
-1.312500000000000000e+00
-3.015625000000000000e+00
2.187500000000000000e+00
4.906250000000000000e+00
-5.656250000000000000e+00
-5.312500000000000000e-01
-1.398437500000000000e+00
4.812500000000000000e+00
7.093750000000000000e+00
-2.562500000000000000e+00
6.531250000000000000e+00
1.687500000000000000e+00
1.804687500000000000e+00
-1.632812500000000000e+00
1.662500000000000000e+01
8.812500000000000000e+00
6.406250000000000000e+00
4.343750000000000000e+00
-3.515625000000000000e-01
1.525000000000000000e+01
3.183593750000000000e-01
-1.007812500000000000e+00
6.125000000000000000e+00
-2.750000000000000000e+00
-9.335937500000000000e-01
7.343750000000000000e+00
4.125000000000000000e+00
-3.921875000000000000e+00
-4.843750000000000000e-01
1.000000000000000000e+01
6.593750000000000000e+00
-1.835937500000000000e+00
-3.140625000000000000e+00
7.375000000000000000e+00
6.875000000000000000e+00
2.265625000000000000e+00
5.531250000000000000e+00
-3.046875000000000000e+00
-6.875000000000000000e-01
-1.500000000000000000e+00
2.265625000000000000e+00
-5.093750000000000000e+00
2.125000000000000000e+00
2.875000000000000000e+00
5.343750000000000000e+00
2.703125000000000000e+00
-4.437500000000000000e+00
9.937500000000000000e+00
-5.351562500000000000e-01
1.637500000000000000e+01
2.937500000000000000e+00
-3.125000000000000000e+00
-8.867187500000000000e-01
7.093750000000000000e+00
4.156250000000000000e+00
6.406250000000000000e+00
-5.703125000000000000e-01
1.043750000000000000e+01
-2.796875000000000000e+00
-2.343750000000000000e+00
-1.039062500000000000e+00
2.312500000000000000e+00
-1.242187500000000000e+00
7.750000000000000000e+00
-2.062500000000000000e+00
1.181250000000000000e+01
-1.367187500000000000e+00
5.593750000000000000e+00
-4.281250000000000000e+00
7.750000000000000000e+00
-3.250000000000000000e+00
6.750000000000000000e+00
-7.187500000000000000e-01
-2.390625000000000000e+00
8.937500000000000000e+00
9.562500000000000000e+00
2.921875000000000000e+00
-1.851562500000000000e+00
5.968750000000000000e+00
-1.250000000000000000e+00
-6.281250000000000000e+00
7.250000000000000000e+00
9.437500000000000000e+00
-5.976562500000000000e-01
4.968750000000000000e+00
1.593750000000000000e+01
-2.250000000000000000e+00
5.656250000000000000e+00
-4.281250000000000000e+00
2.859375000000000000e+00
1.281250000000000000e+00
-5.742187500000000000e-01
-4.718750000000000000e+00
7.750000000000000000e+00
-4.218750000000000000e+00
1.368750000000000000e+01
