5.031250000000000000e+00
-2.343750000000000000e-02
-2.875000000000000000e+00
3.187500000000000000e+00
-8.945312500000000000e-01
5.000000000000000000e-01
2.375000000000000000e+00
2.375000000000000000e+00
-1.562500000000000000e+00
-1.789062500000000000e+00
2.750000000000000000e+00
2.000000000000000000e+00
2.812500000000000000e+00
9.492187500000000000e-01
2.875000000000000000e+00
1.937500000000000000e+00
-2.468750000000000000e+00
2.406250000000000000e+00
5.312500000000000000e+00
-9.179687500000000000e-01
-6.484375000000000000e-01
2.187500000000000000e+00
-3.109375000000000000e+00
-8.789062500000000000e-01
2.734375000000000000e+00
2.046875000000000000e+00
-1.710937500000000000e+00
-1.109375000000000000e+00
6.210937500000000000e-01
-2.328125000000000000e+00
4.468750000000000000e+00
-2.890625000000000000e-01
3.484375000000000000e+00
-1.304687500000000000e+00
-7.148437500000000000e-01
-2.015625000000000000e+00
3.496093750000000000e-01
1.396484375000000000e-01
1.523437500000000000e+00
-1.281250000000000000e+00
-8.632812500000000000e-01
4.781250000000000000e+00
2.171875000000000000e+00
-1.054687500000000000e+00
-2.265625000000000000e+00
1.976562500000000000e+00
1.710937500000000000e+00
4.687500000000000000e-02
8.750000000000000000e-01
3.515625000000000000e+00
1.054687500000000000e-01
-1.835937500000000000e+00
8.398437500000000000e-01
-2.343750000000000000e+00
3.500000000000000000e+00
3.984375000000000000e+00
-1.164062500000000000e+00
2.265625000000000000e+00
7.304687500000000000e-01
2.140625000000000000e+00
-6.523437500000000000e-01
1.781250000000000000e+00
3.730468750000000000e-01
4.250000000000000000e+00
3.046875000000000000e+00
-5.195312500000000000e-01
3.984375000000000000e+00
-6.679687500000000000e-01
6.132812500000000000e-01
7.617187500000000000e-01
-2.265625000000000000e+00
2.046875000000000000e+00
3.984375000000000000e-01
-2.312500000000000000e+00
1.976562500000000000e+00
-2.046875000000000000e+00
4.531250000000000000e+00
2.015625000000000000e+00
3.921875000000000000e+00
6.914062500000000000e-01
3.296875000000000000e+00
2.437500000000000000e+00
-1.593750000000000000e+00
-1.070312500000000000e+00
-3.421875000000000000e+00
1.195312500000000000e+00
3.703125000000000000e+00
3.734375000000000000e+00
1.906250000000000000e+00
-2.812500000000000000e+00
-7.617187500000000000e-01
1.781250000000000000e+00
-3.453125000000000000e+00
4.277343750000000000e-01
-6.250000000000000000e-01
-2.250000000000000000e+00
7.031250000000000000e+00
2.765625000000000000e+00
-1.281250000000000000e+00
1.304687500000000000e+00
4.156250000000000000e+00
-1.960937500000000000e+00
-2.312500000000000000e+00
2.062500000000000000e+00
4.656250000000000000e+00
4.093750000000000000e+00
-5.781250000000000000e-01
1.812500000000000000e+00
-1.242187500000000000e+00
-1.650390625000000000e-01
5.000000000000000000e+00
-1.304687500000000000e+00
8.867187500000000000e-01
-8.867187500000000000e-01
-1.367187500000000000e+00
4.250000000000000000e+00
-1.250000000000000000e+00
-1.789062500000000000e+00
-1.273437500000000000e+00
-1.281250000000000000e+00
-2.234375000000000000e+00
-1.914062500000000000e+00
-1.023437500000000000e+00
2.875000000000000000e+00
1.585937500000000000e+00
2.187500000000000000e+00
3.125000000000000000e+00
5.250000000000000000e+00
3.453125000000000000e+00
1.398437500000000000e+00
1.375000000000000000e+00
2.255859375000000000e-01
2.109375000000000000e+00
-1.757812500000000000e+00
1.906250000000000000e+00
-6.015625000000000000e-01
5.639648437500000000e-02
3.625000000000000000e+00
3.109375000000000000e+00
-2.375000000000000000e+00
-2.949218750000000000e-01
9.960937500000000000e-01
3.953125000000000000e+00
1.742187500000000000e+00
3.578125000000000000e+00
-1.570312500000000000e+00
4.718750000000000000e+00
-1.531250000000000000e+00
3.515625000000000000e+00
3.609375000000000000e+00
5.500000000000000000e+00
-8.867187500000000000e-01
-1.460937500000000000e+00
5.351562500000000000e-01
-1.460937500000000000e+00
1.375000000000000000e+00
-1.445312500000000000e+00
-5.351562500000000000e-01
5.981445312500000000e-02
-1.468750000000000000e+00
-1.767578125000000000e-01
8.320312500000000000e-01
1.929687500000000000e+00
-5.468750000000000000e-01
3.378906250000000000e-01
4.656250000000000000e+00
-1.539062500000000000e+00
1.455078125000000000e-01
2.109375000000000000e+00
-2.625000000000000000e+00
1.843750000000000000e+00
-1.273437500000000000e+00
4.500000000000000000e+00
3.796875000000000000e+00
-2.314453125000000000e-01
3.953125000000000000e+00
2.792968750000000000e-01
3.125000000000000000e+00
6.289062500000000000e-01
3.140625000000000000e+00
2.625000000000000000e+00
3.875000000000000000e+00
-2.949218750000000000e-01
-5.742187500000000000e-01
3.300781250000000000e-01
5.281250000000000000e+00
2.343750000000000000e+00
1.242187500000000000e+00
-1.312500000000000000e+00
1.539062500000000000e+00
3.250000000000000000e+00
-8.281250000000000000e-01
3.484375000000000000e+00
4.218750000000000000e+00
2.312500000000000000e+00
2.890625000000000000e+00
-9.094238281250000000e-03
2.453125000000000000e+00
-1.585937500000000000e+00
-9.882812500000000000e-01
1.195312500000000000e+00
3.562500000000000000e+00
-5.976562500000000000e-01
-1.281250000000000000e+00
3.515625000000000000e-01
4.031250000000000000e+00
-1.210937500000000000e+00
-1.648437500000000000e+00
3.187500000000000000e+00
3.296875000000000000e+00
-1.570312500000000000e+00
3.421875000000000000e+00
-1.695312500000000000e+00
1.976562500000000000e+00
-1.164062500000000000e+00
5.468750000000000000e+00
4.000000000000000000e+00
2.921875000000000000e+00
-1.007812500000000000e+00
2.656250000000000000e+00
-1.281250000000000000e+00
7.382812500000000000e-01
1.710937500000000000e+00
-2.893066406250000000e-02
-2.343750000000000000e-01
-2.312500000000000000e+00
-5.195312500000000000e-01
-1.804687500000000000e+00
1.007812500000000000e+00
1.914062500000000000e+00
-1.539062500000000000e+00
5.625000000000000000e+00
3.671875000000000000e+00
-9.619140625000000000e-02
-2.558593750000000000e-01
-1.507812500000000000e+00
-7.812500000000000000e-01
2.312500000000000000e+00
-2.750000000000000000e+00
-1.414062500000000000e+00
3.625000000000000000e+00
7.695312500000000000e-01
-2.015625000000000000e+00
5.039062500000000000e-01
1.796875000000000000e-01
-7.812500000000000000e-01
-3.906250000000000000e-01
-8.554687500000000000e-01
-7.656250000000000000e-01
-1.656250000000000000e+00
3.437500000000000000e-01
-2.109375000000000000e+00
5.000000000000000000e+00
-1.648437500000000000e+00
3.046875000000000000e+00
1.335937500000000000e+00
-2.468750000000000000e+00
-2.828125000000000000e+00
-1.250000000000000000e+00
-1.343750000000000000e+00
-2.156250000000000000e+00
-2.519531250000000000e-01
-1.531250000000000000e+00
2.990722656250000000e-02
1.437500000000000000e+00
1.884765625000000000e-01
-1.742187500000000000e+00
-6.601562500000000000e-01
4.160156250000000000e-01
-1.242187500000000000e+00
-1.375000000000000000e+00
-5.351562500000000000e-01
-1.500000000000000000e+00
2.515625000000000000e+00
-6.875000000000000000e-01
3.261718750000000000e-01
3.921875000000000000e+00
3.578125000000000000e+00
2.796875000000000000e+00
3.421875000000000000e+00
2.828125000000000000e+00
-1.117187500000000000e+00
5.312500000000000000e-01
-1.195312500000000000e+00
3.339843750000000000e-01
-8.437500000000000000e-01
1.945312500000000000e+00
2.375000000000000000e+00
-9.257812500000000000e-01
-1.812500000000000000e+00
1.835937500000000000e+00
2.625000000000000000e+00
-2.687500000000000000e+00
1.117187500000000000e+00
-1.632812500000000000e+00
3.171875000000000000e+00
2.828125000000000000e+00
-2.890625000000000000e-01
3.000000000000000000e+00
9.492187500000000000e-01
1.406250000000000000e+00
4.765625000000000000e-01
5.468750000000000000e+00
4.156250000000000000e+00
2.515625000000000000e+00
2.984375000000000000e+00
-1.257812500000000000e+00
3.000000000000000000e+00
8.320312500000000000e-01
1.035156250000000000e-01
2.406250000000000000e+00
-3.730468750000000000e-01
1.148437500000000000e+00
3.312500000000000000e+00
2.140625000000000000e+00
-2.125000000000000000e+00
-1.851562500000000000e+00
3.453125000000000000e+00
2.515625000000000000e+00
-1.601562500000000000e+00
-2.625000000000000000e+00
2.859375000000000000e+00
3.578125000000000000e+00
1.750000000000000000e+00
-1.460937500000000000e+00
-1.757812500000000000e+00
1.040039062500000000e-01
3.359375000000000000e-01
1.664062500000000000e+00
-2.750000000000000000e+00
1.437500000000000000e+00
2.359375000000000000e+00
2.875000000000000000e+00
2.203125000000000000e+00
-3.015625000000000000e+00
-2.046875000000000000e+00
4.296875000000000000e-02
2.765625000000000000e+00
2.177734375000000000e-01
-7.304687500000000000e-01
-2.140625000000000000e+00
3.500000000000000000e+00
2.875000000000000000e+00
2.687500000000000000e+00
-1.195312500000000000e+00
4.875000000000000000e+00
-2.871093750000000000e-01
1.210937500000000000e+00
-1.351562500000000000e+00
-9.423828125000000000e-02
-1.875000000000000000e+00
2.828125000000000000e+00
-2.832031250000000000e-01
3.921875000000000000e+00
-3.574218750000000000e-01
8.710937500000000000e-01
-2.558593750000000000e-01
3.222656250000000000e-01
-1.367187500000000000e+00
-2.875000000000000000e+00
-5.781250000000000000e-01
-1.000000000000000000e+00
-8.867187500000000000e-01
3.500000000000000000e+00
1.992187500000000000e+00
-2.109375000000000000e-01
1.937500000000000000e+00
-1.812500000000000000e+00
-3.109375000000000000e+00
3.562500000000000000e+00
3.125000000000000000e+00
-1.023437500000000000e+00
2.703125000000000000e+00
5.375000000000000000e+00
-2.753906250000000000e-01
2.703125000000000000e+00
-1.250000000000000000e+00
1.687500000000000000e+00
-1.513671875000000000e-01
-6.210937500000000000e-01
-2.500000000000000000e+00
3.250000000000000000e+00
-8.447265625000000000e-02
3.359375000000000000e+00
