3.600000000000000000e+01
-1.492187500000000000e+00
-6.593750000000000000e+00
1.118750000000000000e+01
-1.398437500000000000e+00
-2.359375000000000000e+00
6.031250000000000000e+00
8.062500000000000000e+00
-3.046875000000000000e+00
-2.421875000000000000e+00
7.218750000000000000e+00
3.421875000000000000e+00
3.625000000000000000e+00
2.000000000000000000e+00
1.018750000000000000e+01
6.656250000000000000e+00
-8.937500000000000000e+00
7.781250000000000000e+00
3.162500000000000000e+01
-1.523437500000000000e+00
-2.812500000000000000e+00
2.001953125000000000e-01
1.837500000000000000e+01
-2.750000000000000000e+00
8.812500000000000000e+00
8.062500000000000000e+00
1.650000000000000000e+01
-1.414062500000000000e+00
1.898437500000000000e+00
-6.656250000000000000e+00
1.862500000000000000e+01
-9.437500000000000000e+00
1.200000000000000000e+01
-5.343750000000000000e+00
-1.757812500000000000e+00
-3.328125000000000000e+00
-5.859375000000000000e-01
5.820312500000000000e-01
8.187500000000000000e+00
-6.093750000000000000e+00
-2.203125000000000000e+00
1.750000000000000000e+01
3.453125000000000000e+00
-4.843750000000000000e+00
-1.664062500000000000e+00
3.546875000000000000e+00
2.234375000000000000e+00
-4.031250000000000000e+00
-1.031250000000000000e+00
1.800000000000000000e+01
-1.367187500000000000e-01
-1.929687500000000000e+00
-2.609375000000000000e+00
-5.781250000000000000e+00
1.256250000000000000e+01
2.400000000000000000e+01
-7.843750000000000000e+00
3.225000000000000000e+01
1.695312500000000000e+00
6.750000000000000000e+00
-2.015625000000000000e+00
2.750000000000000000e+00
1.445312500000000000e+00
1.318750000000000000e+01
4.750000000000000000e+00
-4.156250000000000000e+00
1.687500000000000000e+01
-2.500000000000000000e+00
-3.393554687500000000e-02
-5.406250000000000000e+00
-1.531250000000000000e+00
1.843750000000000000e+00
3.535156250000000000e-01
-8.937500000000000000e+00
-2.468750000000000000e+00
-1.200000000000000000e+01
1.218750000000000000e+01
3.328125000000000000e+00
1.125000000000000000e+01
2.625000000000000000e+00
4.218750000000000000e+00
8.687500000000000000e+00
-2.796875000000000000e+00
-3.046875000000000000e+00
-9.875000000000000000e+00
-9.375000000000000000e-01
2.562500000000000000e+01
1.518750000000000000e+01
6.906250000000000000e+00
-1.273437500000000000e+00
-2.875000000000000000e+00
-8.867187500000000000e-01
-1.200000000000000000e+01
5.820312500000000000e-01
-6.656250000000000000e+00
-4.843750000000000000e+00
3.875000000000000000e+01
9.187500000000000000e+00
-3.906250000000000000e-02
7.500000000000000000e-01
2.300000000000000000e+01
-2.109375000000000000e+00
-5.781250000000000000e+00
2.328125000000000000e+00
2.050000000000000000e+01
1.300000000000000000e+01
-1.960937500000000000e+00
1.851562500000000000e+00
-1.843750000000000000e+00
-1.648437500000000000e+00
1.862500000000000000e+01
-5.125000000000000000e+00
-2.265625000000000000e+00
-2.796875000000000000e+00
-1.882812500000000000e+00
1.081250000000000000e+01
-1.568750000000000000e+01
-5.468750000000000000e+00
-2.187500000000000000e+00
-1.804687500000000000e+00
-5.250000000000000000e+00
-1.085937500000000000e+00
-5.750000000000000000e+00
8.062500000000000000e+00
4.785156250000000000e-01
1.050000000000000000e+01
7.375000000000000000e+00
2.287500000000000000e+01
1.218750000000000000e+01
-9.521484375000000000e-02
-1.078125000000000000e+00
-9.687500000000000000e+00
6.000000000000000000e+00
-4.656250000000000000e+00
2.587500000000000000e+01
-3.484375000000000000e+00
-1.187500000000000000e+00
1.662500000000000000e+01
7.031250000000000000e+00
-4.750000000000000000e+00
9.521484375000000000e-02
-4.875000000000000000e+00
1.218750000000000000e+01
5.750000000000000000e+00
1.062500000000000000e+01
-3.265625000000000000e+00
2.650000000000000000e+01
-6.156250000000000000e+00
1.350000000000000000e+01
1.081250000000000000e+01
3.425000000000000000e+01
-2.921875000000000000e+00
-3.687500000000000000e+00
3.578125000000000000e+00
-1.781250000000000000e+00
2.262500000000000000e+01
-4.125000000000000000e+00
-1.625000000000000000e+00
-4.160156250000000000e-01
-4.031250000000000000e+00
-6.601562500000000000e-01
1.012500000000000000e+01
6.968750000000000000e+00
1.687500000000000000e+01
1.484375000000000000e-01
1.887500000000000000e+01
-2.218750000000000000e+00
1.351562500000000000e+00
2.265625000000000000e+00
-6.156250000000000000e+00
3.046875000000000000e+00
-1.218750000000000000e+00
1.331250000000000000e+01
1.443750000000000000e+01
-2.546875000000000000e+00
1.231250000000000000e+01
1.664062500000000000e+00
5.968750000000000000e+00
-1.617187500000000000e+00
1.031250000000000000e+01
2.012500000000000000e+01
1.368750000000000000e+01
-6.375000000000000000e+00
-2.265625000000000000e+00
-5.093750000000000000e+00
2.212500000000000000e+01
5.031250000000000000e+00
1.062500000000000000e+00
-9.179687500000000000e-01
3.687500000000000000e+00
9.750000000000000000e+00
-2.921875000000000000e+00
1.450000000000000000e+01
1.231250000000000000e+01
6.031250000000000000e+00
2.737500000000000000e+01
-1.708984375000000000e-01
3.037500000000000000e+01
-2.093750000000000000e+00
-1.500000000000000000e+00
1.585937500000000000e+00
2.500000000000000000e+01
-2.546875000000000000e+00
-4.406250000000000000e+00
1.101562500000000000e+00
1.875000000000000000e+01
-1.081250000000000000e+01
-3.921875000000000000e+00
1.081250000000000000e+01
1.381250000000000000e+01
-2.937500000000000000e+00
1.443750000000000000e+01
-2.078125000000000000e+00
3.046875000000000000e+00
-2.390625000000000000e+00
2.187500000000000000e+01
2.237500000000000000e+01
8.000000000000000000e+00
-1.168750000000000000e+01
3.150000000000000000e+01
-1.046875000000000000e+00
1.648437500000000000e+00
3.625000000000000000e+00
-6.210937500000000000e-01
2.237500000000000000e+01
-5.406250000000000000e+00
-1.164062500000000000e+00
-2.921875000000000000e+00
1.612500000000000000e+01
2.031250000000000000e+00
-3.703125000000000000e+00
3.137500000000000000e+01
2.887500000000000000e+01
-9.375000000000000000e-01
1.904296875000000000e-01
-1.312500000000000000e+00
-2.703125000000000000e+00
5.968750000000000000e+00
-7.125000000000000000e+00
-1.125000000000000000e+00
8.500000000000000000e+00
-1.187500000000000000e+00
-1.925000000000000000e+01
1.976562500000000000e+00
-1.046875000000000000e+00
-5.937500000000000000e-01
9.531250000000000000e-01
-6.210937500000000000e-01
-8.281250000000000000e-01
-2.171875000000000000e+00
2.950000000000000000e+01
-5.375000000000000000e+00
3.225000000000000000e+01
-1.789062500000000000e+00
7.531250000000000000e+00
6.289062500000000000e-01
-5.375000000000000000e+00
-8.875000000000000000e+00
-5.156250000000000000e+00
-5.125000000000000000e+00
-6.968750000000000000e+00
-7.093750000000000000e+00
-1.750000000000000000e+00
-1.101562500000000000e+00
-1.007812500000000000e+00
-4.062500000000000000e-01
-6.750000000000000000e+00
-9.804687500000000000e-01
1.039062500000000000e+00
-1.812500000000000000e+00
-3.109375000000000000e+00
-3.637695312500000000e-02
-3.921875000000000000e+00
8.062500000000000000e+00
-1.898437500000000000e+00
1.637500000000000000e+01
1.450000000000000000e+01
3.000000000000000000e+01
8.000000000000000000e+00
1.568750000000000000e+01
1.118750000000000000e+01
-1.320312500000000000e+00
-4.218750000000000000e+00
-1.406250000000000000e+00
-1.976562500000000000e+00
-2.910156250000000000e-01
9.062500000000000000e+00
6.281250000000000000e+00
-1.867187500000000000e+00
-4.781250000000000000e+00
2.265625000000000000e+00
7.250000000000000000e+00
-6.500000000000000000e+00
-1.669921875000000000e-01
-2.078125000000000000e+00
7.593750000000000000e+00
1.131250000000000000e+01
-4.343750000000000000e+00
1.075000000000000000e+01
2.187500000000000000e+00
1.273437500000000000e+00
-4.187500000000000000e+00
2.700000000000000000e+01
1.331250000000000000e+01
1.068750000000000000e+01
5.093750000000000000e+00
-1.132812500000000000e+00
2.550000000000000000e+01
-3.535156250000000000e-01
-4.370117187500000000e-02
9.562500000000000000e+00
-4.062500000000000000e+00
-2.062500000000000000e+00
1.156250000000000000e+01
5.531250000000000000e+00
-6.343750000000000000e+00
-1.265625000000000000e+00
1.625000000000000000e+01
1.018750000000000000e+01
-3.078125000000000000e+00
-4.218750000000000000e+00
1.168750000000000000e+01
1.018750000000000000e+01
1.914062500000000000e+00
1.300000000000000000e+01
-5.312500000000000000e+00
6.367187500000000000e-01
-3.140625000000000000e+00
2.453125000000000000e+00
-6.750000000000000000e+00
3.328125000000000000e+00
4.281250000000000000e+00
6.781250000000000000e+00
1.914062500000000000e+00
-6.218750000000000000e+00
2.137500000000000000e+01
-1.343750000000000000e+00
3.137500000000000000e+01
7.156250000000000000e+00
-4.093750000000000000e+00
-1.500000000000000000e+00
1.025000000000000000e+01
8.062500000000000000e+00
1.081250000000000000e+01
-2.000000000000000000e+00
1.612500000000000000e+01
-4.375000000000000000e+00
-6.781250000000000000e+00
-2.750000000000000000e+00
4.375000000000000000e+00
-1.851562500000000000e+00
1.268750000000000000e+01
-4.656250000000000000e+00
1.937500000000000000e+01
-3.562500000000000000e+00
1.118750000000000000e+01
-8.500000000000000000e+00
1.518750000000000000e+01
-4.093750000000000000e+00
1.725000000000000000e+01
-2.000000000000000000e+00
-1.882812500000000000e+00
1.937500000000000000e+01
1.500000000000000000e+01
3.328125000000000000e+00
-2.578125000000000000e+00
9.937500000000000000e+00
-1.179687500000000000e+00
-9.437500000000000000e+00
1.068750000000000000e+01
1.443750000000000000e+01
-2.234375000000000000e+00
6.531250000000000000e+00
2.462500000000000000e+01
-4.750000000000000000e+00
8.437500000000000000e+00
-5.156250000000000000e+00
3.984375000000000000e+00
1.007812500000000000e+00
-7.187500000000000000e-01
-6.468750000000000000e+00
1.168750000000000000e+01
-6.843750000000000000e+00
2.437500000000000000e+01
