-2.078125000000000000e+00
-3.593750000000000000e-01
-7.187500000000000000e-01
4.433593750000000000e-01
5.742187500000000000e-01
1.773437500000000000e+00
6.992187500000000000e-01
4.589843750000000000e-01
-6.718750000000000000e-01
-2.734375000000000000e-01
7.500000000000000000e-01
5.898437500000000000e-01
1.210937500000000000e+00
2.080078125000000000e-01
2.431640625000000000e-01
1.308593750000000000e-01
1.226562500000000000e+00
3.535156250000000000e-01
1.210937500000000000e-01
-2.140625000000000000e+00
4.550781250000000000e-01
3.625000000000000000e+00
-4.281250000000000000e+00
1.030273437500000000e-01
3.574218750000000000e-01
-3.144531250000000000e-01
-2.046875000000000000e+00
5.898437500000000000e-01
-7.226562500000000000e-01
-2.734375000000000000e-01
5.156250000000000000e-01
2.671875000000000000e+00
6.757812500000000000e-01
-5.585937500000000000e-01
-3.281250000000000000e-01
-8.554687500000000000e-01
2.328125000000000000e+00
-1.656250000000000000e+00
-1.298828125000000000e-01
-1.718750000000000000e+00
9.179687500000000000e-01
7.226562500000000000e-01
-5.156250000000000000e-01
3.261718750000000000e-01
4.453125000000000000e-01
1.242187500000000000e+00
7.539062500000000000e-01
-1.054687500000000000e+00
1.718750000000000000e+00
3.125000000000000000e-01
-1.093750000000000000e+00
-9.726562500000000000e-01
2.828125000000000000e+00
4.453125000000000000e-01
4.511718750000000000e-01
-1.141357421875000000e-02
-1.601562500000000000e+00
-3.546875000000000000e+00
-1.914062500000000000e-01
2.871093750000000000e-01
-2.078125000000000000e+00
6.250000000000000000e-01
-9.414062500000000000e-01
8.867187500000000000e-01
8.085937500000000000e-01
-6.054687500000000000e-02
-2.087402343750000000e-02
-6.523437500000000000e-01
-1.007812500000000000e+00
5.937500000000000000e-01
-5.429687500000000000e-01
1.015625000000000000e+00
-8.632812500000000000e-01
-1.070312500000000000e+00
2.828125000000000000e+00
1.429687500000000000e+00
7.968750000000000000e-01
9.648437500000000000e-01
4.589843750000000000e-01
3.046875000000000000e-01
2.265625000000000000e+00
5.625000000000000000e-01
-7.070312500000000000e-01
-2.373046875000000000e-01
-1.648437500000000000e+00
1.601562500000000000e+00
2.209472656250000000e-02
2.519531250000000000e-01
4.355468750000000000e-01
1.523437500000000000e-01
-1.398437500000000000e+00
-4.511718750000000000e-01
-4.316406250000000000e-01
-8.437500000000000000e-01
2.609375000000000000e+00
1.696777343750000000e-02
-1.101562500000000000e+00
2.636718750000000000e-01
9.423828125000000000e-02
1.062500000000000000e+00
2.656250000000000000e-01
-1.455078125000000000e-01
3.906250000000000000e-01
1.945312500000000000e+00
7.968750000000000000e-01
5.742187500000000000e-01
-8.476562500000000000e-01
2.031250000000000000e+00
1.562500000000000000e-02
-1.562500000000000000e+00
5.820312500000000000e-01
3.105468750000000000e-01
1.562500000000000000e+00
-1.460937500000000000e+00
1.304626464843750000e-03
7.460937500000000000e-01
2.984375000000000000e+00
-7.070312500000000000e-01
-2.968750000000000000e-01
-1.728515625000000000e-01
-4.375000000000000000e-01
-2.990722656250000000e-02
2.871093750000000000e-01
4.707031250000000000e-01
1.476562500000000000e+00
2.519531250000000000e-01
1.078125000000000000e+00
7.148437500000000000e-01
4.394531250000000000e-01
8.398437500000000000e-01
2.140625000000000000e+00
8.554687500000000000e-01
4.941406250000000000e-01
-2.597656250000000000e-01
-1.585937500000000000e+00
5.688476562500000000e-02
-1.148437500000000000e+00
-1.230468750000000000e-01
6.367187500000000000e-01
-1.539062500000000000e+00
-1.625000000000000000e+00
2.171875000000000000e+00
8.632812500000000000e-01
2.949218750000000000e-01
7.070312500000000000e-01
3.242187500000000000e-01
-1.257812500000000000e+00
-1.031250000000000000e+00
4.902343750000000000e-01
7.031250000000000000e-01
-1.929687500000000000e+00
7.304687500000000000e-01
-3.066406250000000000e-01
-3.344726562500000000e-02
2.177734375000000000e-01
-3.078125000000000000e+00
-5.429687500000000000e-01
-1.226562500000000000e+00
9.882812500000000000e-01
-3.066406250000000000e-01
-1.500000000000000000e+00
-1.960937500000000000e+00
5.273437500000000000e-01
-1.914062500000000000e+00
-1.851562500000000000e+00
5.898437500000000000e-01
-6.757812500000000000e-01
-9.619140625000000000e-02
2.453125000000000000e+00
4.174804687500000000e-02
2.792968750000000000e-01
-7.304687500000000000e-01
9.648437500000000000e-01
2.949218750000000000e-01
5.981445312500000000e-02
3.613281250000000000e-01
-8.007812500000000000e-01
1.773437500000000000e+00
2.937500000000000000e+00
5.820312500000000000e-01
-1.750000000000000000e+00
4.785156250000000000e-01
-1.300048828125000000e-02
-1.632812500000000000e+00
-5.117187500000000000e-01
9.687500000000000000e-01
7.382812500000000000e-01
6.210937500000000000e-01
-9.414062500000000000e-01
6.523437500000000000e-01
7.656250000000000000e-01
-9.101562500000000000e-01
3.222656250000000000e-01
7.226562500000000000e-01
3.261718750000000000e-01
-2.500000000000000000e+00
3.125000000000000000e-01
-1.937500000000000000e+00
-8.750000000000000000e-01
2.753906250000000000e-01
6.445312500000000000e-01
-2.500000000000000000e+00
-2.871093750000000000e-01
1.669921875000000000e-01
5.898437500000000000e-01
2.070312500000000000e-01
-6.289062500000000000e-01
-3.183593750000000000e-01
2.636718750000000000e-01
-8.154296875000000000e-02
-6.132812500000000000e-01
4.003906250000000000e-01
2.558593750000000000e-01
1.101562500000000000e+00
-6.127929687500000000e-02
4.433593750000000000e-01
-1.531250000000000000e+00
3.671875000000000000e-01
1.147460937500000000e-01
-2.765625000000000000e+00
-3.183593750000000000e-01
3.847656250000000000e-01
7.763671875000000000e-02
-6.030273437500000000e-02
-3.421875000000000000e+00
-3.261718750000000000e-01
-1.414062500000000000e+00
-3.105468750000000000e-01
-2.296875000000000000e+00
1.468750000000000000e+00
1.079101562500000000e-01
-1.570312500000000000e+00
-5.429687500000000000e-01
-3.378906250000000000e-01
-5.117187500000000000e-01
2.158203125000000000e-01
-1.234375000000000000e+00
5.585937500000000000e-01
-1.171875000000000000e+00
-1.962890625000000000e-01
6.601562500000000000e-01
1.867187500000000000e+00
2.640625000000000000e+00
7.421875000000000000e-02
-1.507812500000000000e+00
-1.664062500000000000e+00
-1.789062500000000000e+00
2.314453125000000000e-01
-1.460937500000000000e+00
1.147460937500000000e-01
-3.546875000000000000e+00
-4.433593750000000000e-01
-1.078125000000000000e+00
-3.906250000000000000e-03
5.429687500000000000e-01
1.320312500000000000e+00
-8.476562500000000000e-01
-9.094238281250000000e-03
-5.546875000000000000e-01
1.953125000000000000e-02
-9.375000000000000000e-01
-1.414062500000000000e+00
-3.496093750000000000e-01
-5.195312500000000000e-01
4.160156250000000000e-01
8.007812500000000000e-01
-1.875000000000000000e-01
-1.601562500000000000e+00
-1.031250000000000000e+00
5.981445312500000000e-02
-1.875000000000000000e-01
-1.148437500000000000e+00
-1.376953125000000000e-01
4.941406250000000000e-01
-6.679687500000000000e-01
-1.171875000000000000e+00
5.273437500000000000e-01
-2.453125000000000000e+00
9.375000000000000000e-01
2.148437500000000000e-01
-5.585937500000000000e-01
1.696777343750000000e-02
-1.070312500000000000e+00
1.591796875000000000e-01
-5.546875000000000000e-01
-6.875000000000000000e-01
7.171630859375000000e-03
5.468750000000000000e-01
-9.101562500000000000e-01
-2.636718750000000000e-01
7.929687500000000000e-01
5.468750000000000000e-01
-2.375000000000000000e+00
-2.080078125000000000e-01
3.066406250000000000e-01
7.304687500000000000e-01
2.792968750000000000e-01
8.085937500000000000e-01
4.746093750000000000e-01
3.769531250000000000e-01
1.773437500000000000e+00
1.242187500000000000e+00
-2.675781250000000000e-01
9.414062500000000000e-01
-2.255859375000000000e-01
2.046875000000000000e+00
-4.453125000000000000e-01
-1.157226562500000000e-01
1.062500000000000000e+00
-1.101562500000000000e+00
3.637695312500000000e-02
-9.804687500000000000e-01
-1.923828125000000000e-01
5.312500000000000000e-01
7.070312500000000000e-01
-7.460937500000000000e-01
3.515625000000000000e-01
2.158203125000000000e-01
4.511718750000000000e-01
-4.531250000000000000e-01
-3.320312500000000000e-02
1.669921875000000000e-01
5.585937500000000000e-01
1.726562500000000000e+00
-3.421875000000000000e+00
-2.949218750000000000e-01
-1.507812500000000000e+00
9.570312500000000000e-01
8.632812500000000000e-01
-9.843750000000000000e-01
-3.637695312500000000e-02
1.708984375000000000e-01
1.460937500000000000e+00
2.296875000000000000e+00
-1.500000000000000000e+00
-1.875000000000000000e+00
3.593750000000000000e-01
-3.046875000000000000e+00
-2.078125000000000000e+00
-5.976562500000000000e-01
-1.445312500000000000e-01
7.226562500000000000e-01
-1.742187500000000000e+00
-4.492187500000000000e-02
-2.041015625000000000e-01
7.343750000000000000e-01
-4.863281250000000000e-01
4.437500000000000000e+00
-1.796875000000000000e-01
-1.226562500000000000e+00
8.281250000000000000e-01
6.523132324218750000e-04
5.585937500000000000e-01
-7.470703125000000000e-02
5.429687500000000000e-01
-2.015625000000000000e+00
2.578125000000000000e+00
-2.515625000000000000e+00
9.179687500000000000e-02
-3.328125000000000000e+00
4.062500000000000000e-01
-2.250000000000000000e+00
-3.625000000000000000e+00
4.628906250000000000e-01
9.648437500000000000e-01
-8.867187500000000000e-01
-8.056640625000000000e-02
1.875000000000000000e-01
-1.914062500000000000e+00
7.695312500000000000e-01
5.039062500000000000e-01
6.523437500000000000e-01
8.632812500000000000e-01
8.554687500000000000e-01
2.236328125000000000e-01
3.613281250000000000e-01
-1.687500000000000000e+00
4.375000000000000000e-01
7.656250000000000000e-01
-6.367187500000000000e-01
-7.187500000000000000e-01
7.695312500000000000e-01
2.062500000000000000e+00
-2.078125000000000000e+00
