-1.320312500000000000e+00
-2.734375000000000000e-01
-1.414062500000000000e+00
9.726562500000000000e-01
-5.781250000000000000e-01
1.437500000000000000e+00
1.117187500000000000e+00
6.367187500000000000e-01
-1.054687500000000000e+00
-1.179687500000000000e+00
1.156250000000000000e+00
1.062500000000000000e+00
1.562500000000000000e+00
3.828125000000000000e-01
8.554687500000000000e-01
5.312500000000000000e-01
-8.740234375000000000e-02
6.445312500000000000e-01
1.640625000000000000e-01
-1.445312500000000000e+00
-6.523437500000000000e-01
3.140625000000000000e+00
-4.875000000000000000e+00
-8.125000000000000000e-01
7.617187500000000000e-01
2.060546875000000000e-01
-2.953125000000000000e+00
-9.218750000000000000e-01
-3.906250000000000000e-01
-1.000000000000000000e+00
1.187500000000000000e+00
1.851562500000000000e+00
1.125000000000000000e+00
-8.593750000000000000e-01
-1.875000000000000000e-01
-1.601562500000000000e+00
1.648437500000000000e+00
-1.093750000000000000e+00
4.687500000000000000e-02
-1.648437500000000000e+00
-4.355468750000000000e-01
1.570312500000000000e+00
3.339843750000000000e-01
-2.910156250000000000e-01
-1.289062500000000000e+00
1.351562500000000000e+00
1.062500000000000000e+00
-3.437500000000000000e-01
1.375000000000000000e+00
7.656250000000000000e-01
-9.570312500000000000e-01
-1.398437500000000000e+00
2.359375000000000000e+00
-4.628906250000000000e-01
9.257812500000000000e-01
2.197265625000000000e-01
-1.226562500000000000e+00
-3.046875000000000000e+00
-5.078125000000000000e-02
6.289062500000000000e-01
-1.687500000000000000e+00
1.054687500000000000e+00
-5.585937500000000000e-01
1.632812500000000000e+00
1.437500000000000000e+00
-2.929687500000000000e-01
7.617187500000000000e-01
-4.707031250000000000e-01
-6.015625000000000000e-01
5.976562500000000000e-01
-1.507812500000000000e+00
1.500000000000000000e+00
-4.199218750000000000e-01
-1.617187500000000000e+00
2.484375000000000000e+00
7.851562500000000000e-01
1.625000000000000000e+00
1.289062500000000000e+00
1.351562500000000000e+00
3.828125000000000000e-01
2.406250000000000000e+00
8.398437500000000000e-01
-1.320312500000000000e+00
-1.132812500000000000e+00
-1.914062500000000000e+00
1.367187500000000000e+00
-4.809570312500000000e-02
9.804687500000000000e-01
7.187500000000000000e-01
-1.804687500000000000e+00
-1.171875000000000000e+00
3.105468750000000000e-01
-1.289062500000000000e+00
-5.195312500000000000e-01
1.601562500000000000e+00
-8.281250000000000000e-01
1.689453125000000000e-01
6.757812500000000000e-01
-1.503906250000000000e-01
1.179687500000000000e+00
5.976562500000000000e-01
-1.664062500000000000e+00
-7.070312500000000000e-01
1.835937500000000000e+00
1.335937500000000000e+00
1.328125000000000000e+00
-2.558593750000000000e-01
2.062500000000000000e+00
-1.257812500000000000e+00
-9.570312500000000000e-01
1.570312500000000000e+00
-1.230468750000000000e-01
1.726562500000000000e+00
-1.218750000000000000e+00
-8.632812500000000000e-01
1.585937500000000000e+00
2.312500000000000000e+00
-1.187500000000000000e+00
-1.585937500000000000e+00
-2.080078125000000000e-01
-9.687500000000000000e-01
-9.492187500000000000e-01
-5.117187500000000000e-01
1.226562500000000000e+00
1.500000000000000000e+00
5.273437500000000000e-01
1.585937500000000000e+00
1.445312500000000000e+00
1.148437500000000000e+00
9.687500000000000000e-01
2.125000000000000000e+00
7.187500000000000000e-01
7.929687500000000000e-01
-1.054687500000000000e+00
-2.296875000000000000e+00
-5.429687500000000000e-01
-7.343750000000000000e-01
6.562500000000000000e-01
1.304687500000000000e+00
-1.539062500000000000e+00
-8.476562500000000000e-01
2.140625000000000000e+00
1.601562500000000000e+00
7.304687500000000000e-01
1.437500000000000000e+00
-6.718750000000000000e-01
-3.144531250000000000e-01
-1.320312500000000000e+00
1.156250000000000000e+00
1.437500000000000000e+00
-1.148437500000000000e+00
-5.312500000000000000e-01
-1.140625000000000000e+00
5.688476562500000000e-02
-1.195312500000000000e+00
-2.937500000000000000e+00
-7.812500000000000000e-01
-1.382812500000000000e+00
1.225585937500000000e-01
-7.929687500000000000e-01
-9.843750000000000000e-01
-1.554687500000000000e+00
7.031250000000000000e-01
-2.531250000000000000e+00
-9.062500000000000000e-01
1.375000000000000000e+00
-1.375000000000000000e+00
-5.395507812500000000e-02
2.453125000000000000e+00
-7.617187500000000000e-01
8.750000000000000000e-01
-1.101562500000000000e+00
1.835937500000000000e+00
1.062500000000000000e+00
-4.042968750000000000e-01
1.218750000000000000e+00
-5.507812500000000000e-01
1.929687500000000000e+00
2.203125000000000000e+00
1.062500000000000000e+00
-9.804687500000000000e-01
1.179687500000000000e+00
-1.611328125000000000e-01
-1.101562500000000000e+00
2.187500000000000000e-01
1.617187500000000000e+00
1.117187500000000000e+00
6.015625000000000000e-01
-3.515625000000000000e-01
8.164062500000000000e-01
1.312500000000000000e+00
-1.234375000000000000e+00
8.476562500000000000e-01
1.585937500000000000e+00
8.085937500000000000e-01
-1.843750000000000000e+00
3.691406250000000000e-01
-2.046875000000000000e+00
-1.265625000000000000e+00
-7.851562500000000000e-01
6.679687500000000000e-01
-1.531250000000000000e+00
-1.245117187500000000e-01
-1.318359375000000000e-01
1.079101562500000000e-01
8.242187500000000000e-01
-5.039062500000000000e-01
-1.375000000000000000e+00
9.023437500000000000e-01
5.312500000000000000e-01
-9.804687500000000000e-01
8.476562500000000000e-01
-1.101562500000000000e+00
1.468750000000000000e+00
-1.728515625000000000e-01
1.398437500000000000e+00
-7.382812500000000000e-01
1.031250000000000000e+00
3.730468750000000000e-01
-2.375000000000000000e+00
-1.039062500000000000e+00
-2.539062500000000000e-01
5.351562500000000000e-01
-1.137695312500000000e-01
-3.546875000000000000e+00
-1.085937500000000000e+00
-9.687500000000000000e-01
-1.875000000000000000e+00
-1.937500000000000000e+00
1.898437500000000000e+00
-5.742187500000000000e-01
-5.820312500000000000e-01
-7.226562500000000000e-01
2.177734375000000000e-01
-3.339843750000000000e-01
-1.320312500000000000e+00
-5.273437500000000000e-01
1.164062500000000000e+00
-1.632812500000000000e+00
-9.218750000000000000e-01
1.562500000000000000e+00
1.242187500000000000e+00
1.585937500000000000e+00
-1.484375000000000000e-01
-6.679687500000000000e-01
-1.273437500000000000e+00
-9.179687500000000000e-01
-4.687500000000000000e-01
-1.015625000000000000e+00
-1.460937500000000000e+00
-3.578125000000000000e+00
-8.906250000000000000e-01
-2.177734375000000000e-01
-1.039062500000000000e+00
1.250000000000000000e+00
1.343750000000000000e+00
-1.289062500000000000e+00
-8.437500000000000000e-01
-4.199218750000000000e-01
-4.667968750000000000e-01
-1.046875000000000000e+00
-1.265625000000000000e+00
-1.015625000000000000e+00
-5.664062500000000000e-01
1.031250000000000000e+00
8.007812500000000000e-01
-7.617187500000000000e-01
-1.265625000000000000e+00
-7.460937500000000000e-01
-1.257812500000000000e+00
-1.812500000000000000e+00
-7.187500000000000000e-01
-6.132812500000000000e-01
8.945312500000000000e-01
-1.007812500000000000e+00
-1.835937500000000000e+00
1.070312500000000000e+00
-1.867187500000000000e+00
1.273437500000000000e+00
9.179687500000000000e-01
2.158203125000000000e-01
-1.226562500000000000e+00
-7.695312500000000000e-01
-7.539062500000000000e-01
-1.601562500000000000e-01
-6.015625000000000000e-01
2.675781250000000000e-01
9.843750000000000000e-01
-1.023437500000000000e+00
-7.929687500000000000e-01
1.218750000000000000e+00
1.195312500000000000e+00
-1.898437500000000000e+00
4.843750000000000000e-01
-7.617187500000000000e-01
1.343750000000000000e+00
7.187500000000000000e-01
-1.186523437500000000e-01
8.945312500000000000e-01
3.496093750000000000e-01
1.710937500000000000e+00
1.054687500000000000e+00
6.718750000000000000e-01
1.601562500000000000e+00
3.750000000000000000e-01
2.156250000000000000e+00
-1.335937500000000000e+00
-3.847656250000000000e-01
1.250000000000000000e+00
-7.070312500000000000e-01
4.531250000000000000e-01
-1.054687500000000000e+00
9.414062500000000000e-01
1.093750000000000000e+00
1.023437500000000000e+00
-1.320312500000000000e+00
-1.195312500000000000e+00
6.992187500000000000e-01
7.929687500000000000e-01
-1.179687500000000000e+00
-1.179687500000000000e+00
6.406250000000000000e-01
1.414062500000000000e+00
1.742187500000000000e+00
-3.515625000000000000e+00
-8.593750000000000000e-01
-1.093750000000000000e+00
3.359375000000000000e-01
9.882812500000000000e-01
-1.335937500000000000e+00
4.003906250000000000e-01
8.554687500000000000e-01
1.718750000000000000e+00
2.171875000000000000e+00
-1.914062500000000000e+00
-2.953125000000000000e+00
-2.451171875000000000e-01
-2.562500000000000000e+00
-1.679687500000000000e+00
3.300781250000000000e-01
-1.148437500000000000e+00
1.406250000000000000e+00
-1.748046875000000000e-01
5.117187500000000000e-01
-1.250000000000000000e+00
1.523437500000000000e+00
-4.433593750000000000e-01
3.765625000000000000e+00
-1.375000000000000000e+00
-1.695312500000000000e+00
-7.617187500000000000e-01
4.199218750000000000e-01
9.960937500000000000e-02
6.132812500000000000e-01
-3.906250000000000000e-01
-1.570312500000000000e+00
2.203125000000000000e+00
-2.390625000000000000e+00
-4.902343750000000000e-01
-4.281250000000000000e+00
-4.746093750000000000e-01
-1.625000000000000000e+00
-3.796875000000000000e+00
1.000000000000000000e+00
1.289062500000000000e+00
-8.945312500000000000e-01
3.496093750000000000e-01
-7.226562500000000000e-01
-2.000000000000000000e+00
1.273437500000000000e+00
7.304687500000000000e-01
-9.882812500000000000e-01
1.281250000000000000e+00
1.460937500000000000e+00
2.087402343750000000e-02
9.882812500000000000e-01
-6.757812500000000000e-01
7.460937500000000000e-01
-1.043701171875000000e-02
-1.179687500000000000e+00
-1.101562500000000000e+00
1.164062500000000000e+00
1.093750000000000000e+00
-1.320312500000000000e+00
