6.750000000000000000e+01
-4.437500000000000000e+00
-1.081250000000000000e+01
1.912500000000000000e+01
-4.656250000000000000e+00
-8.250000000000000000e+00
8.312500000000000000e+00
1.406250000000000000e+01
-5.656250000000000000e+00
-3.296875000000000000e+00
1.100000000000000000e+01
4.406250000000000000e+00
3.453125000000000000e+00
2.609375000000000000e+00
1.725000000000000000e+01
1.043750000000000000e+01
-1.343750000000000000e+01
1.318750000000000000e+01
5.875000000000000000e+01
-4.687500000000000000e-02
-6.406250000000000000e+00
-2.062500000000000000e+00
3.925000000000000000e+01
-2.453125000000000000e+00
1.531250000000000000e+01
1.356250000000000000e+01
3.475000000000000000e+01
-3.390625000000000000e+00
3.062500000000000000e+00
-1.062500000000000000e+01
3.325000000000000000e+01
-1.637500000000000000e+01
2.037500000000000000e+01
-1.168750000000000000e+01
-2.765625000000000000e+00
-3.859375000000000000e+00
-3.625000000000000000e+00
5.117187500000000000e-01
1.525000000000000000e+01
-6.750000000000000000e+00
-5.718750000000000000e+00
3.000000000000000000e+01
4.250000000000000000e+00
-7.593750000000000000e+00
-4.531250000000000000e+00
3.296875000000000000e+00
3.921875000000000000e+00
-6.968750000000000000e+00
-4.093750000000000000e+00
3.275000000000000000e+01
1.101562500000000000e+00
-2.125000000000000000e+00
-8.187500000000000000e+00
-8.250000000000000000e+00
2.187500000000000000e+01
4.425000000000000000e+01
-1.268750000000000000e+01
6.275000000000000000e+01
1.687500000000000000e+00
1.118750000000000000e+01
-2.625000000000000000e+00
1.929687500000000000e+00
2.484375000000000000e+00
1.962500000000000000e+01
5.531250000000000000e+00
-7.250000000000000000e+00
3.000000000000000000e+01
-8.000000000000000000e+00
-4.707031250000000000e-01
-1.475000000000000000e+01
-1.148437500000000000e+00
-3.687500000000000000e+00
1.039062500000000000e+00
-1.612500000000000000e+01
-7.906250000000000000e+00
-1.812500000000000000e+01
1.887500000000000000e+01
3.078125000000000000e+00
1.637500000000000000e+01
3.734375000000000000e+00
4.093750000000000000e+00
1.431250000000000000e+01
-6.750000000000000000e+00
-2.156250000000000000e+00
-1.425000000000000000e+01
-5.031250000000000000e+00
4.725000000000000000e+01
2.687500000000000000e+01
1.156250000000000000e+01
-2.796875000000000000e+00
-2.234375000000000000e+00
-3.453125000000000000e+00
-1.568750000000000000e+01
1.914062500000000000e+00
-1.306250000000000000e+01
-8.562500000000000000e+00
7.000000000000000000e+01
1.637500000000000000e+01
-5.000000000000000000e+00
-9.882812500000000000e-01
4.175000000000000000e+01
-2.343750000000000000e+00
-7.343750000000000000e+00
2.265625000000000000e+00
3.675000000000000000e+01
2.012500000000000000e+01
-3.890625000000000000e+00
4.628906250000000000e-01
-1.882812500000000000e+00
-1.093750000000000000e+00
3.150000000000000000e+01
-9.687500000000000000e+00
-4.125000000000000000e+00
-3.328125000000000000e+00
-3.046875000000000000e+00
1.531250000000000000e+01
-3.062500000000000000e+01
-7.000000000000000000e+00
-2.250000000000000000e+00
-3.625000000000000000e+00
-1.018750000000000000e+01
-2.109375000000000000e+00
-9.687500000000000000e+00
1.118750000000000000e+01
-2.203125000000000000e+00
1.875000000000000000e+01
1.006250000000000000e+01
4.100000000000000000e+01
1.937500000000000000e+01
-2.250000000000000000e+00
-3.734375000000000000e+00
-1.687500000000000000e+01
8.187500000000000000e+00
-7.843750000000000000e+00
5.575000000000000000e+01
-3.515625000000000000e+00
-1.593750000000000000e+00
2.937500000000000000e+01
1.000000000000000000e+01
-1.056250000000000000e+01
1.960937500000000000e+00
-8.687500000000000000e+00
1.937500000000000000e+01
8.437500000000000000e+00
1.600000000000000000e+01
-6.000000000000000000e+00
4.675000000000000000e+01
-1.181250000000000000e+01
2.200000000000000000e+01
1.712500000000000000e+01
6.450000000000000000e+01
-7.218750000000000000e+00
-5.343750000000000000e+00
6.375000000000000000e+00
-3.640625000000000000e+00
4.325000000000000000e+01
-9.250000000000000000e+00
-1.398437500000000000e+00
-3.640625000000000000e+00
-8.500000000000000000e+00
1.031250000000000000e+00
1.912500000000000000e+01
1.168750000000000000e+01
3.725000000000000000e+01
6.210937500000000000e-01
3.325000000000000000e+01
-2.484375000000000000e+00
2.500000000000000000e+00
1.304687500000000000e+00
-9.562500000000000000e+00
3.250000000000000000e+00
1.210937500000000000e+00
2.075000000000000000e+01
2.462500000000000000e+01
-4.000000000000000000e+00
2.037500000000000000e+01
2.859375000000000000e+00
7.968750000000000000e+00
-4.500000000000000000e+00
1.737500000000000000e+01
3.625000000000000000e+01
2.337500000000000000e+01
-1.043750000000000000e+01
-2.140625000000000000e+00
-1.256250000000000000e+01
3.975000000000000000e+01
6.406250000000000000e+00
2.171875000000000000e+00
-7.843750000000000000e+00
4.250000000000000000e+00
1.550000000000000000e+01
-4.343750000000000000e+00
2.637500000000000000e+01
1.950000000000000000e+01
9.187500000000000000e+00
5.100000000000000000e+01
-5.000000000000000000e-01
5.925000000000000000e+01
-3.703125000000000000e+00
-1.343750000000000000e+00
1.898437500000000000e+00
4.600000000000000000e+01
-3.375000000000000000e+00
-1.150000000000000000e+01
1.992187500000000000e+00
3.525000000000000000e+01
-1.812500000000000000e+01
-5.968750000000000000e+00
1.812500000000000000e+01
2.462500000000000000e+01
-6.156250000000000000e+00
2.562500000000000000e+01
-4.250000000000000000e+00
2.812500000000000000e+00
-6.906250000000000000e+00
3.700000000000000000e+01
4.075000000000000000e+01
1.156250000000000000e+01
-2.700000000000000000e+01
6.000000000000000000e+01
-7.070312500000000000e-01
2.515625000000000000e+00
5.093750000000000000e+00
-5.039062500000000000e-01
4.400000000000000000e+01
-8.187500000000000000e+00
1.572265625000000000e-01
-2.609375000000000000e+00
2.987500000000000000e+01
-2.312500000000000000e+00
-5.343750000000000000e+00
5.725000000000000000e+01
5.525000000000000000e+01
-2.203125000000000000e+00
-1.156250000000000000e+00
-2.328125000000000000e+00
-1.231250000000000000e+01
7.093750000000000000e+00
-9.437500000000000000e+00
-2.312500000000000000e+00
1.093750000000000000e+01
-3.437500000000000000e-01
-3.100000000000000000e+01
-3.687500000000000000e+00
-1.054687500000000000e+00
1.171875000000000000e-01
1.382812500000000000e+00
-2.421875000000000000e+00
5.468750000000000000e-01
-3.171875000000000000e+00
5.725000000000000000e+01
-8.812500000000000000e+00
5.725000000000000000e+01
-3.328125000000000000e+00
1.150000000000000000e+01
-3.125000000000000000e+00
-1.068750000000000000e+01
-1.381250000000000000e+01
-9.625000000000000000e+00
-1.368750000000000000e+01
-1.687500000000000000e+01
-7.250000000000000000e+00
-3.296875000000000000e+00
-5.656250000000000000e+00
-6.343750000000000000e+00
-1.273437500000000000e+00
-1.231250000000000000e+01
2.001953125000000000e-01
2.703125000000000000e+00
-1.773437500000000000e+00
-1.023437500000000000e+00
-5.507812500000000000e-01
-8.125000000000000000e+00
1.268750000000000000e+01
-1.789062500000000000e+00
3.325000000000000000e+01
2.500000000000000000e+01
5.725000000000000000e+01
1.150000000000000000e+01
2.700000000000000000e+01
1.737500000000000000e+01
-1.054687500000000000e+00
-6.468750000000000000e+00
-1.945312500000000000e+00
-4.468750000000000000e+00
-1.250000000000000000e-01
1.700000000000000000e+01
9.437500000000000000e+00
-9.804687500000000000e-01
-8.937500000000000000e+00
1.906250000000000000e+00
1.000000000000000000e+01
-5.593750000000000000e+00
-3.828125000000000000e+00
-5.062500000000000000e+00
1.150000000000000000e+01
2.050000000000000000e+01
-8.437500000000000000e+00
1.900000000000000000e+01
8.867187500000000000e-01
4.667968750000000000e-01
-7.000000000000000000e+00
4.800000000000000000e+01
2.262500000000000000e+01
1.837500000000000000e+01
5.750000000000000000e+00
-1.696777343750000000e-02
4.825000000000000000e+01
-6.601562500000000000e-01
-1.148437500000000000e+00
1.687500000000000000e+01
-4.968750000000000000e+00
-7.875000000000000000e+00
2.000000000000000000e+01
7.250000000000000000e+00
-1.206250000000000000e+01
-3.609375000000000000e+00
2.937500000000000000e+01
1.737500000000000000e+01
-2.625000000000000000e+00
-8.750000000000000000e+00
2.037500000000000000e+01
1.468750000000000000e+01
1.414062500000000000e+00
2.662500000000000000e+01
-1.037500000000000000e+01
8.437500000000000000e-01
-6.375000000000000000e+00
2.421875000000000000e+00
-1.318750000000000000e+01
4.375000000000000000e+00
5.531250000000000000e+00
9.062500000000000000e+00
9.726562500000000000e-01
-8.937500000000000000e+00
4.375000000000000000e+01
-1.117187500000000000e+00
5.875000000000000000e+01
1.431250000000000000e+01
-1.081250000000000000e+01
-1.695312500000000000e+00
1.612500000000000000e+01
1.268750000000000000e+01
1.937500000000000000e+01
-1.742187500000000000e+00
2.762500000000000000e+01
-1.000000000000000000e+01
-1.443750000000000000e+01
-3.078125000000000000e+00
1.081250000000000000e+01
-6.156250000000000000e+00
2.262500000000000000e+01
-9.687500000000000000e+00
3.475000000000000000e+01
-5.531250000000000000e+00
2.100000000000000000e+01
-1.450000000000000000e+01
2.762500000000000000e+01
-1.075000000000000000e+01
3.700000000000000000e+01
-1.937500000000000000e+00
-7.773437500000000000e-01
3.800000000000000000e+01
2.637500000000000000e+01
3.046875000000000000e+00
-2.703125000000000000e+00
1.825000000000000000e+01
-1.226562500000000000e+00
-1.481250000000000000e+01
1.787500000000000000e+01
2.500000000000000000e+01
-4.656250000000000000e+00
9.562500000000000000e+00
4.600000000000000000e+01
-8.000000000000000000e+00
1.331250000000000000e+01
-1.168750000000000000e+01
4.843750000000000000e+00
-2.640625000000000000e+00
-1.826171875000000000e-01
-1.425000000000000000e+01
2.000000000000000000e+01
-9.812500000000000000e+00
4.600000000000000000e+01
