-1.093750000000000000e+00
-1.367187500000000000e-01
-1.929687500000000000e+00
1.195312500000000000e+00
-4.941406250000000000e-01
1.289062500000000000e+00
1.242187500000000000e+00
8.242187500000000000e-01
-1.218750000000000000e+00
-1.500000000000000000e+00
1.335937500000000000e+00
1.460937500000000000e+00
1.906250000000000000e+00
5.507812500000000000e-01
1.132812500000000000e+00
5.312500000000000000e-01
-3.198242187500000000e-02
8.632812500000000000e-01
-1.108398437500000000e-01
-1.054687500000000000e+00
-2.412109375000000000e-01
2.750000000000000000e+00
-5.375000000000000000e+00
-7.695312500000000000e-01
1.015625000000000000e+00
4.941406250000000000e-01
-3.625000000000000000e+00
-9.023437500000000000e-01
1.416015625000000000e-01
-1.296875000000000000e+00
1.351562500000000000e+00
1.992187500000000000e+00
1.335937500000000000e+00
-5.937500000000000000e-01
-9.765625000000000000e-02
-1.468750000000000000e+00
1.210937500000000000e+00
-8.007812500000000000e-01
1.416015625000000000e-01
-7.500000000000000000e-01
-2.119140625000000000e-01
1.898437500000000000e+00
1.242187500000000000e+00
-6.406250000000000000e-01
-1.648437500000000000e+00
1.289062500000000000e+00
1.351562500000000000e+00
-1.367187500000000000e-02
1.257812500000000000e+00
7.656250000000000000e-01
-4.902343750000000000e-01
-1.531250000000000000e+00
1.835937500000000000e+00
-1.054687500000000000e+00
1.132812500000000000e+00
-1.079101562500000000e-01
-9.460449218750000000e-03
-3.140625000000000000e+00
3.046875000000000000e-01
8.632812500000000000e-01
-8.710937500000000000e-01
1.148437500000000000e+00
-2.236328125000000000e-01
2.078125000000000000e+00
1.773437500000000000e+00
4.858398437500000000e-02
1.031250000000000000e+00
-4.843750000000000000e-01
2.265625000000000000e-01
1.210937500000000000e+00
-1.687500000000000000e+00
1.851562500000000000e+00
1.884765625000000000e-01
-1.500000000000000000e+00
2.734375000000000000e+00
9.062500000000000000e-01
2.140625000000000000e+00
1.398437500000000000e+00
1.812500000000000000e+00
2.343750000000000000e-01
2.453125000000000000e+00
8.320312500000000000e-01
-1.687500000000000000e+00
-9.804687500000000000e-01
-2.265625000000000000e+00
1.523437500000000000e+00
-3.691406250000000000e-01
1.257812500000000000e+00
6.875000000000000000e-01
-2.187500000000000000e+00
-6.835937500000000000e-01
1.187500000000000000e+00
-1.648437500000000000e+00
-8.056640625000000000e-02
1.304687500000000000e+00
-8.437500000000000000e-01
4.824218750000000000e-01
1.015625000000000000e+00
-6.718750000000000000e-01
1.148437500000000000e+00
4.785156250000000000e-01
-1.750000000000000000e+00
-1.093750000000000000e+00
1.750000000000000000e+00
1.257812500000000000e+00
1.757812500000000000e+00
-2.226562500000000000e-01
1.945312500000000000e+00
-1.187500000000000000e+00
-3.769531250000000000e-01
1.851562500000000000e+00
-2.851562500000000000e-01
1.523437500000000000e+00
-1.101562500000000000e+00
-6.250000000000000000e-01
2.000000000000000000e+00
2.234375000000000000e+00
-1.289062500000000000e+00
-1.476562500000000000e+00
-4.160156250000000000e-01
-1.242187500000000000e+00
-1.375000000000000000e+00
-7.226562500000000000e-02
1.531250000000000000e+00
1.414062500000000000e+00
4.316406250000000000e-01
1.789062500000000000e+00
1.585937500000000000e+00
1.398437500000000000e+00
9.882812500000000000e-01
2.000000000000000000e+00
9.570312500000000000e-01
9.101562500000000000e-01
-1.054687500000000000e+00
-2.765625000000000000e+00
-3.515625000000000000e-01
-4.667968750000000000e-01
7.968750000000000000e-01
1.875000000000000000e+00
-1.687500000000000000e+00
-7.382812500000000000e-01
2.312500000000000000e+00
1.898437500000000000e+00
7.304687500000000000e-01
1.625000000000000000e+00
-4.589843750000000000e-01
3.906250000000000000e-02
-5.976562500000000000e-01
1.218750000000000000e+00
1.625000000000000000e+00
-7.070312500000000000e-01
-2.949218750000000000e-01
-1.476562500000000000e+00
7.373046875000000000e-02
-1.250000000000000000e+00
-2.890625000000000000e+00
-4.062500000000000000e-01
-6.562500000000000000e-01
3.437500000000000000e-01
-8.320312500000000000e-01
-4.785156250000000000e-01
-1.562500000000000000e+00
7.812500000000000000e-01
-3.046875000000000000e+00
-2.373046875000000000e-01
1.601562500000000000e+00
-1.382812500000000000e+00
-3.125000000000000000e-01
2.203125000000000000e+00
-8.593750000000000000e-01
1.242187500000000000e+00
-1.085937500000000000e+00
2.171875000000000000e+00
1.320312500000000000e+00
5.566406250000000000e-02
1.648437500000000000e+00
-2.148437500000000000e-01
1.937500000000000000e+00
1.812500000000000000e+00
1.304687500000000000e+00
-1.015625000000000000e+00
1.500000000000000000e+00
2.871093750000000000e-01
-3.808593750000000000e-01
1.078125000000000000e+00
1.757812500000000000e+00
1.289062500000000000e+00
8.125000000000000000e-01
-1.398437500000000000e+00
8.007812500000000000e-01
1.507812500000000000e+00
-7.382812500000000000e-01
1.031250000000000000e+00
2.093750000000000000e+00
1.125000000000000000e+00
-1.789062500000000000e+00
2.148437500000000000e-01
-2.359375000000000000e+00
-1.320312500000000000e+00
-9.414062500000000000e-01
5.898437500000000000e-01
-1.179687500000000000e+00
-1.787109375000000000e-01
-3.125000000000000000e-01
5.351562500000000000e-01
9.570312500000000000e-01
3.359375000000000000e-01
-1.273437500000000000e+00
1.117187500000000000e+00
7.187500000000000000e-01
-1.148437500000000000e+00
9.726562500000000000e-01
-1.210937500000000000e+00
1.523437500000000000e+00
-4.160156250000000000e-01
1.750000000000000000e+00
-2.187500000000000000e-01
1.593750000000000000e+00
1.101562500000000000e+00
-2.328125000000000000e+00
-1.218750000000000000e+00
3.183593750000000000e-01
7.226562500000000000e-01
-1.348876953125000000e-02
-3.750000000000000000e+00
-1.460937500000000000e+00
-6.171875000000000000e-01
-1.687500000000000000e+00
-1.875000000000000000e+00
1.742187500000000000e+00
-9.960937500000000000e-01
-7.568359375000000000e-02
-9.960937500000000000e-01
1.030273437500000000e-01
-5.859375000000000000e-01
-1.492187500000000000e+00
-1.523437500000000000e-01
1.460937500000000000e+00
-2.046875000000000000e+00
-1.375000000000000000e+00
1.968750000000000000e+00
1.195312500000000000e+00
1.914062500000000000e+00
-7.031250000000000000e-02
-2.158203125000000000e-01
-9.492187500000000000e-01
-9.179687500000000000e-01
-5.390625000000000000e-01
-6.406250000000000000e-01
-1.507812500000000000e+00
-3.687500000000000000e+00
-1.476562500000000000e+00
-1.484375000000000000e-01
-1.257812500000000000e+00
1.531250000000000000e+00
1.054687500000000000e+00
-1.710937500000000000e+00
-1.375000000000000000e+00
-3.593750000000000000e-01
-2.832031250000000000e-01
-8.437500000000000000e-01
-2.216796875000000000e-01
-1.351562500000000000e+00
-7.695312500000000000e-01
1.132812500000000000e+00
6.210937500000000000e-01
-9.257812500000000000e-01
-8.945312500000000000e-01
-9.960937500000000000e-02
-1.460937500000000000e+00
-1.156250000000000000e+00
-8.867187500000000000e-01
-9.804687500000000000e-01
1.070312500000000000e+00
-5.976562500000000000e-01
-2.109375000000000000e+00
1.335937500000000000e+00
-1.726562500000000000e+00
1.367187500000000000e+00
1.031250000000000000e+00
5.468750000000000000e-01
-1.351562500000000000e+00
5.156250000000000000e-01
-9.062500000000000000e-01
4.472656250000000000e-01
-3.593750000000000000e-01
4.316406250000000000e-01
1.101562500000000000e+00
-9.804687500000000000e-01
-1.023437500000000000e+00
1.367187500000000000e+00
1.335937500000000000e+00
-1.757812500000000000e+00
9.804687500000000000e-01
-8.593750000000000000e-01
1.875000000000000000e+00
9.414062500000000000e-01
6.445312500000000000e-01
1.132812500000000000e+00
4.589843750000000000e-01
1.476562500000000000e+00
1.164062500000000000e+00
9.414062500000000000e-01
1.937500000000000000e+00
5.429687500000000000e-01
2.453125000000000000e+00
-1.296875000000000000e+00
-9.335937500000000000e-01
1.242187500000000000e+00
-4.160156250000000000e-01
7.148437500000000000e-01
5.737304687500000000e-02
8.789062500000000000e-01
1.320312500000000000e+00
1.093750000000000000e+00
-1.187500000000000000e+00
-1.398437500000000000e+00
8.710937500000000000e-01
8.320312500000000000e-01
-1.210937500000000000e+00
-1.289062500000000000e+00
8.242187500000000000e-01
1.812500000000000000e+00
1.562500000000000000e+00
-3.703125000000000000e+00
-1.062500000000000000e+00
-5.351562500000000000e-01
7.617187500000000000e-01
1.117187500000000000e+00
-1.296875000000000000e+00
8.242187500000000000e-01
1.460937500000000000e+00
1.710937500000000000e+00
1.976562500000000000e+00
-2.140625000000000000e+00
-4.031250000000000000e+00
3.300781250000000000e-01
-2.562500000000000000e+00
-1.750000000000000000e+00
-4.531250000000000000e-01
-1.632812500000000000e+00
1.664062500000000000e+00
3.125000000000000000e-01
7.382812500000000000e-01
-1.335937500000000000e+00
2.000000000000000000e+00
5.429687500000000000e-01
3.546875000000000000e+00
-1.250000000000000000e+00
-1.562500000000000000e+00
-9.570312500000000000e-01
5.664062500000000000e-01
1.007080078125000000e-02
6.054687500000000000e-01
-4.062500000000000000e-01
-1.750000000000000000e+00
2.203125000000000000e+00
-2.406250000000000000e+00
-2.470703125000000000e-01
-4.718750000000000000e+00
-2.792968750000000000e-01
-1.132812500000000000e+00
-3.984375000000000000e+00
1.101562500000000000e+00
1.250000000000000000e+00
-4.565429687500000000e-02
5.117187500000000000e-01
-1.054687500000000000e+00
-2.171875000000000000e+00
1.539062500000000000e+00
6.484375000000000000e-01
-9.179687500000000000e-01
1.476562500000000000e+00
1.343750000000000000e+00
-9.619140625000000000e-02
1.195312500000000000e+00
-8.320312500000000000e-01
8.906250000000000000e-01
-1.474609375000000000e-01
-1.085937500000000000e+00
-1.187500000000000000e+00
1.242187500000000000e+00
1.257812500000000000e+00
-1.070312500000000000e+00
