-1.710937500000000000e+00
-6.054687500000000000e-01
-1.312500000000000000e+00
8.750000000000000000e-01
-5.468750000000000000e-01
1.476562500000000000e+00
9.492187500000000000e-01
5.781250000000000000e-01
-1.093750000000000000e+00
-1.257812500000000000e+00
1.046875000000000000e+00
1.117187500000000000e+00
1.460937500000000000e+00
4.589843750000000000e-01
7.812500000000000000e-01
3.808593750000000000e-01
3.496093750000000000e-01
5.976562500000000000e-01
-2.578125000000000000e-01
-1.210937500000000000e+00
-2.871093750000000000e-01
3.125000000000000000e+00
-4.968750000000000000e+00
-4.687500000000000000e-01
7.148437500000000000e-01
1.718750000000000000e-01
-3.046875000000000000e+00
-8.437500000000000000e-01
-1.679687500000000000e-01
-9.062500000000000000e-01
1.031250000000000000e+00
2.515625000000000000e+00
1.054687500000000000e+00
-6.914062500000000000e-01
-4.077148437500000000e-02
-1.476562500000000000e+00
1.625000000000000000e+00
-1.046875000000000000e+00
-3.906250000000000000e-02
-1.125000000000000000e+00
-2.636718750000000000e-01
1.406250000000000000e+00
5.468750000000000000e-01
-3.144531250000000000e-01
-1.492187500000000000e+00
1.195312500000000000e+00
1.132812500000000000e+00
-1.904296875000000000e-01
1.507812500000000000e+00
5.546875000000000000e-01
-6.992187500000000000e-01
-1.328125000000000000e+00
2.296875000000000000e+00
-5.468750000000000000e-01
8.750000000000000000e-01
-2.373046875000000000e-01
-8.632812500000000000e-01
-3.421875000000000000e+00
9.094238281250000000e-03
6.289062500000000000e-01
-1.531250000000000000e+00
9.062500000000000000e-01
-4.667968750000000000e-01
1.445312500000000000e+00
1.304687500000000000e+00
-1.357421875000000000e-01
5.898437500000000000e-01
-6.718750000000000000e-01
-3.261718750000000000e-01
1.007812500000000000e+00
-1.507812500000000000e+00
1.429687500000000000e+00
-1.806640625000000000e-01
-1.343750000000000000e+00
2.687500000000000000e+00
1.492187500000000000e+00
1.554687500000000000e+00
1.195312500000000000e+00
1.226562500000000000e+00
2.675781250000000000e-01
2.265625000000000000e+00
6.914062500000000000e-01
-1.632812500000000000e+00
-9.062500000000000000e-01
-1.718750000000000000e+00
1.679687500000000000e+00
-4.199218750000000000e-01
8.398437500000000000e-01
5.781250000000000000e-01
-1.960937500000000000e+00
-9.882812500000000000e-01
5.039062500000000000e-01
-9.375000000000000000e-01
-3.281250000000000000e-01
1.843750000000000000e+00
-6.484375000000000000e-01
-3.046875000000000000e-01
6.679687500000000000e-01
-3.046875000000000000e-01
1.125000000000000000e+00
2.792968750000000000e-01
-1.562500000000000000e+00
-5.273437500000000000e-01
1.687500000000000000e+00
1.109375000000000000e+00
1.242187500000000000e+00
-3.183593750000000000e-01
1.867187500000000000e+00
-1.164062500000000000e+00
-7.304687500000000000e-01
1.343750000000000000e+00
-5.273437500000000000e-02
1.718750000000000000e+00
-1.335937500000000000e+00
-7.460937500000000000e-01
1.437500000000000000e+00
2.687500000000000000e+00
-1.132812500000000000e+00
-1.414062500000000000e+00
-3.066406250000000000e-01
-8.632812500000000000e-01
-1.046875000000000000e+00
-2.343750000000000000e-02
1.117187500000000000e+00
1.445312500000000000e+00
3.164062500000000000e-01
1.414062500000000000e+00
1.210937500000000000e+00
9.726562500000000000e-01
9.570312500000000000e-01
2.156250000000000000e+00
1.187500000000000000e+00
6.835937500000000000e-01
-7.500000000000000000e-01
-2.312500000000000000e+00
-2.187500000000000000e-01
-6.992187500000000000e-01
4.589843750000000000e-01
1.320312500000000000e+00
-1.687500000000000000e+00
-7.617187500000000000e-01
2.484375000000000000e+00
1.437500000000000000e+00
5.664062500000000000e-01
1.226562500000000000e+00
-4.121093750000000000e-01
-6.093750000000000000e-01
-9.726562500000000000e-01
9.062500000000000000e-01
1.250000000000000000e+00
-1.414062500000000000e+00
-3.808593750000000000e-01
-1.101562500000000000e+00
3.637695312500000000e-02
-1.218750000000000000e+00
-3.109375000000000000e+00
-7.304687500000000000e-01
-1.156250000000000000e+00
2.177734375000000000e-01
-5.507812500000000000e-01
-7.148437500000000000e-01
-1.726562500000000000e+00
7.031250000000000000e-01
-2.406250000000000000e+00
-8.085937500000000000e-01
1.164062500000000000e+00
-1.257812500000000000e+00
-2.578125000000000000e-01
2.265625000000000000e+00
-5.898437500000000000e-01
8.906250000000000000e-01
-1.015625000000000000e+00
1.632812500000000000e+00
9.179687500000000000e-01
-1.289062500000000000e-01
1.109375000000000000e+00
-4.746093750000000000e-01
1.851562500000000000e+00
2.484375000000000000e+00
9.804687500000000000e-01
-1.367187500000000000e+00
1.085937500000000000e+00
2.060546875000000000e-01
-8.554687500000000000e-01
4.394531250000000000e-01
1.406250000000000000e+00
9.804687500000000000e-01
6.484375000000000000e-01
-1.414062500000000000e+00
7.187500000000000000e-01
1.171875000000000000e+00
-1.054687500000000000e+00
7.695312500000000000e-01
1.476562500000000000e+00
8.125000000000000000e-01
-2.250000000000000000e+00
3.085937500000000000e-01
-2.343750000000000000e+00
-1.289062500000000000e+00
-6.992187500000000000e-01
5.585937500000000000e-01
-1.773437500000000000e+00
-8.642578125000000000e-02
-1.007080078125000000e-02
3.515625000000000000e-01
6.757812500000000000e-01
-9.094238281250000000e-03
-1.226562500000000000e+00
7.617187500000000000e-01
4.277343750000000000e-01
-7.695312500000000000e-01
6.875000000000000000e-01
-1.039062500000000000e+00
1.351562500000000000e+00
-2.148437500000000000e-01
1.210937500000000000e+00
-9.062500000000000000e-01
1.031250000000000000e+00
8.398437500000000000e-01
-2.671875000000000000e+00
-1.054687500000000000e+00
1.281738281250000000e-03
4.843750000000000000e-01
-1.000976562500000000e-01
-3.750000000000000000e+00
-9.882812500000000000e-01
-8.007812500000000000e-01
-1.523437500000000000e+00
-2.171875000000000000e+00
1.687500000000000000e+00
-4.980468750000000000e-01
-8.867187500000000000e-01
-1.023437500000000000e+00
9.375000000000000000e-02
-5.625000000000000000e-01
-1.257812500000000000e+00
-8.125000000000000000e-01
1.007812500000000000e+00
-1.476562500000000000e+00
-9.687500000000000000e-01
1.375000000000000000e+00
1.531250000000000000e+00
2.687500000000000000e+00
-3.906250000000000000e-01
-5.507812500000000000e-01
-1.109375000000000000e+00
-9.257812500000000000e-01
-5.234375000000000000e-01
-7.851562500000000000e-01
-1.367187500000000000e+00
-3.828125000000000000e+00
-9.257812500000000000e-01
-6.875000000000000000e-01
-1.062500000000000000e+00
1.125000000000000000e+00
1.375000000000000000e+00
-1.335937500000000000e+00
-7.773437500000000000e-01
-3.925781250000000000e-01
-3.144531250000000000e-01
-9.335937500000000000e-01
-7.148437500000000000e-01
-1.117187500000000000e+00
-8.632812500000000000e-01
8.750000000000000000e-01
7.500000000000000000e-01
-6.640625000000000000e-01
-1.125000000000000000e+00
-5.429687500000000000e-01
-1.195312500000000000e+00
-1.382812500000000000e+00
-9.570312500000000000e-01
-4.863281250000000000e-01
8.437500000000000000e-01
-8.867187500000000000e-01
-1.750000000000000000e+00
9.570312500000000000e-01
-2.125000000000000000e+00
1.148437500000000000e+00
6.601562500000000000e-01
5.541992187500000000e-02
-1.039062500000000000e+00
-2.675781250000000000e-01
-8.125000000000000000e-01
-1.250000000000000000e-01
-6.132812500000000000e-01
2.343750000000000000e-01
8.867187500000000000e-01
-9.804687500000000000e-01
-5.820312500000000000e-01
1.085937500000000000e+00
1.007812500000000000e+00
-1.710937500000000000e+00
4.062500000000000000e-01
-7.539062500000000000e-01
1.398437500000000000e+00
6.718750000000000000e-01
2.460937500000000000e-01
8.789062500000000000e-01
3.027343750000000000e-01
1.562500000000000000e+00
1.398437500000000000e+00
3.730468750000000000e-01
1.500000000000000000e+00
2.597656250000000000e-01
2.203125000000000000e+00
-1.289062500000000000e+00
-8.164062500000000000e-01
1.218750000000000000e+00
-7.968750000000000000e-01
4.160156250000000000e-01
-5.117187500000000000e-01
6.054687500000000000e-01
1.007812500000000000e+00
9.179687500000000000e-01
-1.046875000000000000e+00
-1.195312500000000000e+00
5.625000000000000000e-01
6.328125000000000000e-01
-1.007812500000000000e+00
-1.062500000000000000e+00
5.468750000000000000e-01
1.289062500000000000e+00
1.539062500000000000e+00
-3.609375000000000000e+00
-6.992187500000000000e-01
-9.414062500000000000e-01
6.132812500000000000e-01
9.414062500000000000e-01
-1.210937500000000000e+00
4.433593750000000000e-01
9.492187500000000000e-01
1.476562500000000000e+00
2.078125000000000000e+00
-1.742187500000000000e+00
-3.265625000000000000e+00
1.298828125000000000e-01
-2.921875000000000000e+00
-1.757812500000000000e+00
-4.472656250000000000e-01
-1.320312500000000000e+00
1.257812500000000000e+00
-3.125000000000000000e-01
4.550781250000000000e-01
-1.218750000000000000e+00
1.437500000000000000e+00
1.259765625000000000e-01
4.031250000000000000e+00
-1.187500000000000000e+00
-1.437500000000000000e+00
-9.179687500000000000e-01
3.339843750000000000e-01
3.378906250000000000e-01
3.183593750000000000e-01
-5.273437500000000000e-02
-1.789062500000000000e+00
2.671875000000000000e+00
-2.609375000000000000e+00
-5.273437500000000000e-01
-4.281250000000000000e+00
-2.109375000000000000e-01
-1.398437500000000000e+00
-3.953125000000000000e+00
8.242187500000000000e-01
1.054687500000000000e+00
-5.156250000000000000e-01
2.636718750000000000e-01
-8.320312500000000000e-01
-1.726562500000000000e+00
1.148437500000000000e+00
5.312500000000000000e-01
-7.812500000000000000e-01
1.132812500000000000e+00
1.140625000000000000e+00
2.226562500000000000e-01
8.554687500000000000e-01
-1.117187500000000000e+00
7.031250000000000000e-01
-8.154296875000000000e-02
-9.804687500000000000e-01
-1.039062500000000000e+00
1.046875000000000000e+00
1.710937500000000000e+00
-1.562500000000000000e+00
