6.601562500000000000e-01
-5.117187500000000000e-01
-1.867187500000000000e+00
1.726562500000000000e+00
3.027343750000000000e-01
2.078125000000000000e+00
1.914062500000000000e+00
1.507812500000000000e+00
-1.398437500000000000e+00
-8.320312500000000000e-01
1.914062500000000000e+00
1.429687500000000000e+00
2.125000000000000000e+00
7.695312500000000000e-01
1.617187500000000000e+00
1.164062500000000000e+00
-2.294921875000000000e-01
1.406250000000000000e+00
2.171875000000000000e+00
-2.109375000000000000e+00
4.472656250000000000e-01
3.500000000000000000e+00
-4.000000000000000000e+00
-5.234375000000000000e-01
1.500000000000000000e+00
7.929687500000000000e-01
-1.937500000000000000e+00
3.847656250000000000e-01
-4.531250000000000000e-01
-1.195312500000000000e+00
2.234375000000000000e+00
2.359375000000000000e+00
1.937500000000000000e+00
-6.875000000000000000e-01
3.784179687500000000e-02
-1.203125000000000000e+00
1.960937500000000000e+00
-1.414062500000000000e+00
7.187500000000000000e-01
-2.203125000000000000e+00
7.851562500000000000e-01
2.671875000000000000e+00
5.742187500000000000e-01
-5.468750000000000000e-01
-1.093750000000000000e-01
2.109375000000000000e+00
1.476562500000000000e+00
-1.210937500000000000e+00
1.718750000000000000e+00
1.710937500000000000e+00
-1.078125000000000000e+00
-1.281250000000000000e+00
2.546875000000000000e+00
-9.804687500000000000e-01
1.742187500000000000e+00
1.648437500000000000e+00
-1.789062500000000000e+00
-1.789062500000000000e+00
-1.300048828125000000e-02
1.226562500000000000e+00
-2.046875000000000000e+00
1.437500000000000000e+00
-7.773437500000000000e-01
2.640625000000000000e+00
1.937500000000000000e+00
-3.593750000000000000e-01
1.718750000000000000e+00
-1.132812500000000000e+00
-9.257812500000000000e-01
1.445312500000000000e+00
-1.320312500000000000e+00
2.312500000000000000e+00
-6.835937500000000000e-01
-1.664062500000000000e+00
3.203125000000000000e+00
9.726562500000000000e-01
2.687500000000000000e+00
1.843750000000000000e+00
2.140625000000000000e+00
2.871093750000000000e-01
3.203125000000000000e+00
1.648437500000000000e+00
-1.601562500000000000e+00
-7.304687500000000000e-01
-2.937500000000000000e+00
2.281250000000000000e+00
1.851562500000000000e+00
1.898437500000000000e+00
1.367187500000000000e+00
-5.898437500000000000e-01
-1.585937500000000000e+00
3.066406250000000000e-01
-2.484375000000000000e+00
-6.445312500000000000e-01
1.773437500000000000e+00
-7.539062500000000000e-01
2.515625000000000000e+00
1.523437500000000000e+00
5.664062500000000000e-01
1.429687500000000000e+00
2.015625000000000000e+00
-4.433593750000000000e-01
-7.070312500000000000e-01
2.265625000000000000e+00
2.625000000000000000e+00
2.265625000000000000e+00
-7.148437500000000000e-01
2.390625000000000000e+00
-2.265625000000000000e-01
-1.398437500000000000e+00
2.687500000000000000e+00
4.824218750000000000e-01
1.523437500000000000e+00
-2.453125000000000000e+00
-4.550781250000000000e-01
2.515625000000000000e+00
1.960937500000000000e+00
-1.570312500000000000e+00
-4.707031250000000000e-01
-5.781250000000000000e-01
-1.289062500000000000e+00
-3.457031250000000000e-01
-1.396484375000000000e-01
2.015625000000000000e+00
1.851562500000000000e+00
1.296875000000000000e+00
2.171875000000000000e+00
2.765625000000000000e+00
1.882812500000000000e+00
1.335937500000000000e+00
2.406250000000000000e+00
9.375000000000000000e-01
1.460937500000000000e+00
-8.554687500000000000e-01
-1.500000000000000000e+00
-4.785156250000000000e-01
-1.117187500000000000e+00
1.679687500000000000e+00
2.000000000000000000e+00
-2.171875000000000000e+00
-1.242187500000000000e+00
2.578125000000000000e+00
2.656250000000000000e+00
1.304687500000000000e+00
2.187500000000000000e+00
-1.818847656250000000e-02
1.289062500000000000e+00
-1.242187500000000000e+00
1.945312500000000000e+00
2.359375000000000000e+00
6.992187500000000000e-01
5.039062500000000000e-01
-7.773437500000000000e-01
8.320312500000000000e-01
-1.040039062500000000e-01
-1.726562500000000000e+00
-8.007812500000000000e-01
-1.242187500000000000e+00
1.117187500000000000e+00
-4.062500000000000000e-01
-1.351562500000000000e+00
-1.835937500000000000e+00
1.156250000000000000e+00
-2.203125000000000000e+00
-1.226562500000000000e+00
2.546875000000000000e+00
-1.132812500000000000e+00
-3.808593750000000000e-01
2.750000000000000000e+00
-1.132812500000000000e+00
1.312500000000000000e+00
-1.562500000000000000e+00
2.765625000000000000e+00
1.914062500000000000e+00
-1.300048828125000000e-02
2.046875000000000000e+00
-5.976562500000000000e-01
2.890625000000000000e+00
2.953125000000000000e+00
1.976562500000000000e+00
8.837890625000000000e-02
2.125000000000000000e+00
-3.144531250000000000e-01
-1.617187500000000000e+00
1.171875000000000000e-01
3.015625000000000000e+00
1.750000000000000000e+00
1.156250000000000000e+00
-1.289062500000000000e+00
1.242187500000000000e+00
2.171875000000000000e+00
-9.687500000000000000e-01
1.679687500000000000e+00
2.500000000000000000e+00
1.468750000000000000e+00
-4.394531250000000000e-01
4.628906250000000000e-01
-1.435546875000000000e-01
-1.070312500000000000e+00
-1.826171875000000000e-01
1.085937500000000000e+00
-3.027343750000000000e-01
-4.174804687500000000e-02
1.196289062500000000e-01
7.656250000000000000e-01
1.781250000000000000e+00
-1.250000000000000000e+00
-6.210937500000000000e-01
1.656250000000000000e+00
1.304687500000000000e+00
-9.257812500000000000e-01
1.726562500000000000e+00
-1.826171875000000000e-01
2.046875000000000000e+00
1.250000000000000000e-01
2.796875000000000000e+00
5.078125000000000000e-01
2.000000000000000000e+00
1.046875000000000000e+00
-4.902343750000000000e-01
-9.023437500000000000e-01
8.437500000000000000e-01
9.179687500000000000e-01
-3.535156250000000000e-01
-2.468750000000000000e+00
-1.226562500000000000e+00
-1.687500000000000000e+00
-5.742187500000000000e-01
-1.039062500000000000e+00
2.406250000000000000e+00
-7.968750000000000000e-01
1.210937500000000000e+00
1.023437500000000000e+00
1.718750000000000000e-01
-8.945312500000000000e-01
-3.637695312500000000e-02
-1.062500000000000000e+00
1.937500000000000000e+00
-2.171875000000000000e+00
-2.558593750000000000e-01
2.156250000000000000e+00
1.476562500000000000e+00
1.726562500000000000e+00
1.117187500000000000e+00
-9.882812500000000000e-01
-1.648437500000000000e+00
-1.250000000000000000e+00
1.992187500000000000e-01
-1.617187500000000000e+00
-1.562500000000000000e-01
-1.851562500000000000e+00
-1.187500000000000000e+00
1.687500000000000000e+00
-4.980468750000000000e-01
1.789062500000000000e+00
2.062500000000000000e+00
-1.507812500000000000e+00
-1.304687500000000000e+00
-4.316406250000000000e-01
8.447265625000000000e-02
-1.281250000000000000e+00
-1.875000000000000000e+00
-8.398437500000000000e-01
-1.835937500000000000e-01
8.867187500000000000e-01
9.335937500000000000e-01
-6.679687500000000000e-01
-1.648437500000000000e+00
-9.179687500000000000e-01
-2.031250000000000000e-01
-6.289062500000000000e-01
-1.101562500000000000e+00
-5.703125000000000000e-01
1.445312500000000000e+00
-1.031250000000000000e+00
-1.117187500000000000e+00
2.046875000000000000e+00
-2.451171875000000000e-01
2.078125000000000000e+00
1.937500000000000000e+00
1.023437500000000000e+00
-2.031250000000000000e-01
-1.226562500000000000e+00
-3.691406250000000000e-01
-6.679687500000000000e-01
-9.335937500000000000e-01
8.281250000000000000e-01
1.617187500000000000e+00
-1.273437500000000000e+00
-8.554687500000000000e-01
1.335937500000000000e+00
1.812500000000000000e+00
-3.671875000000000000e+00
4.003906250000000000e-01
-1.982421875000000000e-01
1.976562500000000000e+00
1.492187500000000000e+00
5.781250000000000000e-01
1.382812500000000000e+00
6.875000000000000000e-01
1.945312500000000000e+00
1.242187500000000000e+00
2.328125000000000000e+00
2.515625000000000000e+00
9.843750000000000000e-01
3.375000000000000000e+00
-8.476562500000000000e-01
1.164062500000000000e+00
1.218750000000000000e+00
-1.289062500000000000e+00
1.195312500000000000e+00
-4.980468750000000000e-01
4.316406250000000000e-01
1.914062500000000000e+00
1.687500000000000000e+00
-1.179687500000000000e+00
-2.600097656250000000e-02
1.718750000000000000e+00
1.562500000000000000e+00
-8.750000000000000000e-01
-8.320312500000000000e-01
1.445312500000000000e+00
2.328125000000000000e+00
2.015625000000000000e+00
-3.015625000000000000e+00
-7.070312500000000000e-01
-1.039062500000000000e+00
8.242187500000000000e-01
1.593750000000000000e+00
-1.562500000000000000e+00
8.437500000000000000e-01
1.296875000000000000e+00
2.640625000000000000e+00
2.750000000000000000e+00
-2.531250000000000000e+00
-2.234375000000000000e+00
4.375000000000000000e-01
-1.054687500000000000e+00
-2.015625000000000000e+00
-1.531250000000000000e+00
-8.320312500000000000e-01
2.390625000000000000e+00
-4.375000000000000000e-01
1.070312500000000000e+00
-6.445312500000000000e-01
2.703125000000000000e+00
2.138671875000000000e-01
4.062500000000000000e+00
-3.808593750000000000e-01
-1.718750000000000000e+00
2.294921875000000000e-01
1.257812500000000000e+00
2.695312500000000000e-01
1.664062500000000000e+00
6.787109375000000000e-02
-1.710937500000000000e+00
2.265625000000000000e+00
-1.492187500000000000e+00
-4.589843750000000000e-01
-3.453125000000000000e+00
2.001953125000000000e-01
-2.453125000000000000e+00
-2.671875000000000000e+00
1.960937500000000000e+00
1.632812500000000000e+00
-7.070312500000000000e-01
1.156250000000000000e+00
-6.132812500000000000e-01
-2.437500000000000000e+00
2.171875000000000000e+00
1.875000000000000000e+00
3.906250000000000000e-01
1.976562500000000000e+00
2.937500000000000000e+00
8.056640625000000000e-02
1.750000000000000000e+00
-2.203125000000000000e+00
1.117187500000000000e+00
9.492187500000000000e-01
-1.070312500000000000e+00
-1.328125000000000000e+00
2.046875000000000000e+00
1.101562500000000000e+00
-8.593750000000000000e-02
