-2.046875000000000000e+00
-6.210937500000000000e-01
-5.156250000000000000e-01
3.964843750000000000e-01
5.976562500000000000e-01
1.617187500000000000e+00
5.625000000000000000e-01
4.121093750000000000e-01
-8.242187500000000000e-01
-1.689453125000000000e-01
6.718750000000000000e-01
5.312500000000000000e-01
1.039062500000000000e+00
2.314453125000000000e-01
1.235351562500000000e-01
9.375000000000000000e-02
1.351562500000000000e+00
3.515625000000000000e-01
4.707031250000000000e-01
-2.109375000000000000e+00
5.742187500000000000e-01
3.625000000000000000e+00
-3.890625000000000000e+00
3.203125000000000000e-01
3.378906250000000000e-01
-3.339843750000000000e-01
-1.625000000000000000e+00
8.242187500000000000e-01
-7.343750000000000000e-01
-2.451171875000000000e-01
5.078125000000000000e-01
2.453125000000000000e+00
6.992187500000000000e-01
-7.539062500000000000e-01
-4.941406250000000000e-01
-6.992187500000000000e-01
2.296875000000000000e+00
-1.898437500000000000e+00
-1.010742187500000000e-01
-1.585937500000000000e+00
1.093750000000000000e+00
6.210937500000000000e-01
-8.007812500000000000e-01
4.160156250000000000e-01
6.406250000000000000e-01
1.164062500000000000e+00
5.820312500000000000e-01
-1.148437500000000000e+00
1.625000000000000000e+00
2.988281250000000000e-01
-1.101562500000000000e+00
-9.179687500000000000e-01
2.828125000000000000e+00
7.304687500000000000e-01
4.921875000000000000e-01
1.298828125000000000e-01
-1.781250000000000000e+00
-3.359375000000000000e+00
-2.910156250000000000e-01
2.910156250000000000e-01
-2.265625000000000000e+00
4.980468750000000000e-01
-9.179687500000000000e-01
6.054687500000000000e-01
6.445312500000000000e-01
-1.059570312500000000e-01
-9.228515625000000000e-02
-9.492187500000000000e-01
-1.140625000000000000e+00
3.984375000000000000e-01
-3.066406250000000000e-01
6.054687500000000000e-01
-1.031250000000000000e+00
-1.070312500000000000e+00
2.734375000000000000e+00
1.210937500000000000e+00
6.093750000000000000e-01
8.125000000000000000e-01
2.832031250000000000e-01
4.746093750000000000e-01
2.187500000000000000e+00
5.781250000000000000e-01
-5.078125000000000000e-01
-9.460449218750000000e-03
-1.398437500000000000e+00
1.429687500000000000e+00
2.431640625000000000e-01
1.494140625000000000e-01
4.472656250000000000e-01
4.062500000000000000e-01
-1.398437500000000000e+00
-7.187500000000000000e-01
-1.865234375000000000e-01
-7.617187500000000000e-01
2.671875000000000000e+00
-1.118164062500000000e-01
-1.148437500000000000e+00
2.197265625000000000e-01
6.396484375000000000e-02
9.804687500000000000e-01
3.457031250000000000e-01
1.591796875000000000e-01
7.031250000000000000e-01
1.914062500000000000e+00
8.906250000000000000e-01
4.121093750000000000e-01
-1.101562500000000000e+00
1.914062500000000000e+00
2.236328125000000000e-01
-1.523437500000000000e+00
4.472656250000000000e-01
2.597656250000000000e-01
1.351562500000000000e+00
-1.664062500000000000e+00
4.809570312500000000e-02
5.937500000000000000e-01
2.765625000000000000e+00
-6.250000000000000000e-01
-1.562500000000000000e-02
-1.572265625000000000e-01
-5.273437500000000000e-01
2.216796875000000000e-01
4.140625000000000000e-01
2.636718750000000000e-01
1.414062500000000000e+00
2.392578125000000000e-01
1.015625000000000000e+00
7.187500000000000000e-01
3.339843750000000000e-01
7.773437500000000000e-01
2.015625000000000000e+00
7.304687500000000000e-01
5.039062500000000000e-01
-1.118164062500000000e-01
-7.812500000000000000e-01
2.949218750000000000e-01
-1.132812500000000000e+00
-2.119140625000000000e-01
4.628906250000000000e-01
-1.773437500000000000e+00
-1.554687500000000000e+00
1.992187500000000000e+00
7.460937500000000000e-01
2.343750000000000000e-01
6.132812500000000000e-01
2.890625000000000000e-01
-1.351562500000000000e+00
-9.218750000000000000e-01
3.984375000000000000e-01
6.171875000000000000e-01
-1.867187500000000000e+00
7.617187500000000000e-01
-1.455078125000000000e-01
-1.347656250000000000e-01
5.078125000000000000e-01
-2.890625000000000000e+00
-6.679687500000000000e-01
-1.343750000000000000e+00
9.218750000000000000e-01
-2.451171875000000000e-01
-1.437500000000000000e+00
-1.812500000000000000e+00
6.054687500000000000e-01
-1.273437500000000000e+00
-1.945312500000000000e+00
5.625000000000000000e-01
-6.835937500000000000e-01
-5.078125000000000000e-02
2.406250000000000000e+00
1.552734375000000000e-01
1.279296875000000000e-01
-5.781250000000000000e-01
7.968750000000000000e-01
2.001953125000000000e-01
1.225585937500000000e-01
2.792968750000000000e-01
-7.070312500000000000e-01
1.742187500000000000e+00
2.859375000000000000e+00
5.351562500000000000e-01
-1.835937500000000000e+00
3.847656250000000000e-01
1.127929687500000000e-01
-1.625000000000000000e+00
-7.812500000000000000e-01
1.031250000000000000e+00
6.718750000000000000e-01
5.898437500000000000e-01
-1.234375000000000000e+00
6.718750000000000000e-01
7.031250000000000000e-01
-9.023437500000000000e-01
3.300781250000000000e-01
5.273437500000000000e-01
2.636718750000000000e-01
-2.484375000000000000e+00
2.294921875000000000e-01
-1.648437500000000000e+00
-8.085937500000000000e-01
6.132812500000000000e-01
6.640625000000000000e-01
-2.546875000000000000e+00
-3.496093750000000000e-01
9.765625000000000000e-02
5.937500000000000000e-01
1.953125000000000000e-01
-7.343750000000000000e-01
-5.078125000000000000e-02
2.255859375000000000e-01
-1.235351562500000000e-01
-5.468750000000000000e-01
4.316406250000000000e-01
3.417968750000000000e-01
9.062500000000000000e-01
-2.226562500000000000e-01
3.652343750000000000e-01
-1.562500000000000000e+00
1.494140625000000000e-01
-3.593750000000000000e-01
-2.687500000000000000e+00
-1.992187500000000000e-01
4.062500000000000000e-01
2.770996093750000000e-02
3.393554687500000000e-02
-3.171875000000000000e+00
-1.650390625000000000e-01
-1.351562500000000000e+00
-1.104736328125000000e-02
-2.250000000000000000e+00
1.179687500000000000e+00
2.294921875000000000e-01
-1.656250000000000000e+00
-1.914062500000000000e-01
-5.273437500000000000e-01
-4.863281250000000000e-01
4.687500000000000000e-01
-2.015625000000000000e+00
3.261718750000000000e-01
-1.164062500000000000e+00
-1.171875000000000000e-01
4.589843750000000000e-01
1.968750000000000000e+00
2.437500000000000000e+00
-1.494140625000000000e-01
-1.500000000000000000e+00
-1.554687500000000000e+00
-1.679687500000000000e+00
2.714843750000000000e-01
-1.382812500000000000e+00
4.140625000000000000e-01
-3.390625000000000000e+00
-4.003906250000000000e-01
-1.164062500000000000e+00
5.346679687500000000e-02
4.160156250000000000e-01
1.304687500000000000e+00
-7.656250000000000000e-01
1.640625000000000000e-01
-6.367187500000000000e-01
-7.177734375000000000e-02
-1.273437500000000000e+00
-1.406250000000000000e+00
-3.457031250000000000e-01
-6.640625000000000000e-01
2.392578125000000000e-01
7.070312500000000000e-01
-1.611328125000000000e-01
-1.500000000000000000e+00
-1.039062500000000000e+00
3.593750000000000000e-01
2.138671875000000000e-01
-1.148437500000000000e+00
-9.814453125000000000e-02
4.980468750000000000e-01
-6.523437500000000000e-01
-6.679687500000000000e-01
4.843750000000000000e-01
-2.359375000000000000e+00
9.687500000000000000e-01
1.166992187500000000e-01
-6.679687500000000000e-01
3.203125000000000000e-01
-1.117187500000000000e+00
2.070312500000000000e-01
-6.523437500000000000e-01
-7.187500000000000000e-01
5.151367187500000000e-02
5.078125000000000000e-01
-9.492187500000000000e-01
-2.519531250000000000e-01
6.914062500000000000e-01
4.062500000000000000e-01
-2.312500000000000000e+00
-6.367187500000000000e-01
2.695312500000000000e-01
5.937500000000000000e-01
2.343750000000000000e-01
8.164062500000000000e-01
5.039062500000000000e-01
5.039062500000000000e-01
1.710937500000000000e+00
1.164062500000000000e+00
-3.144531250000000000e-01
9.062500000000000000e-01
-3.027343750000000000e-01
1.875000000000000000e+00
-2.832031250000000000e-01
2.138671875000000000e-01
8.867187500000000000e-01
-1.320312500000000000e+00
3.808593750000000000e-02
-8.593750000000000000e-01
-6.289062500000000000e-01
4.843750000000000000e-01
6.679687500000000000e-01
-7.304687500000000000e-01
4.746093750000000000e-01
2.158203125000000000e-01
4.316406250000000000e-01
-3.593750000000000000e-01
-1.611328125000000000e-01
1.298828125000000000e-01
3.652343750000000000e-01
1.679687500000000000e+00
-3.140625000000000000e+00
-3.007812500000000000e-01
-1.781250000000000000e+00
1.031250000000000000e+00
8.125000000000000000e-01
-1.132812500000000000e+00
-1.494140625000000000e-01
-1.625061035156250000e-03
1.335937500000000000e+00
2.234375000000000000e+00
-1.367187500000000000e+00
-1.312500000000000000e+00
3.808593750000000000e-01
-2.921875000000000000e+00
-1.898437500000000000e+00
-9.570312500000000000e-01
7.763671875000000000e-02
5.742187500000000000e-01
-1.906250000000000000e+00
-9.765625000000000000e-02
3.063964843750000000e-02
5.937500000000000000e-01
-7.695312500000000000e-01
4.250000000000000000e+00
4.223632812500000000e-02
-7.031250000000000000e-01
8.945312500000000000e-01
-1.660156250000000000e-02
7.695312500000000000e-01
-1.020507812500000000e-01
7.812500000000000000e-01
-1.812500000000000000e+00
2.375000000000000000e+00
-2.328125000000000000e+00
-1.474609375000000000e-01
-2.921875000000000000e+00
5.664062500000000000e-01
-2.171875000000000000e+00
-3.375000000000000000e+00
4.785156250000000000e-01
8.945312500000000000e-01
-7.851562500000000000e-01
-2.109375000000000000e-01
2.832031250000000000e-01
-1.750000000000000000e+00
6.992187500000000000e-01
6.171875000000000000e-01
8.945312500000000000e-01
8.007812500000000000e-01
9.960937500000000000e-01
3.125000000000000000e-01
2.470703125000000000e-01
-2.015625000000000000e+00
4.472656250000000000e-01
9.804687500000000000e-01
-5.468750000000000000e-01
-9.257812500000000000e-01
8.437500000000000000e-01
2.015625000000000000e+00
-2.109375000000000000e+00
