1.914062500000000000e+00
-8.437500000000000000e-01
-2.140625000000000000e+00
2.234375000000000000e+00
-5.390625000000000000e-01
1.812500000000000000e+00
2.265625000000000000e+00
1.750000000000000000e+00
-1.632812500000000000e+00
-1.601562500000000000e+00
2.328125000000000000e+00
1.914062500000000000e+00
2.421875000000000000e+00
1.054687500000000000e+00
2.171875000000000000e+00
1.593750000000000000e+00
-1.304687500000000000e+00
1.789062500000000000e+00
2.671875000000000000e+00
-1.718750000000000000e+00
-3.066406250000000000e-01
3.078125000000000000e+00
-3.796875000000000000e+00
-9.804687500000000000e-01
1.960937500000000000e+00
1.328125000000000000e+00
-2.093750000000000000e+00
-6.992187500000000000e-01
-6.250000000000000000e-02
-1.867187500000000000e+00
2.937500000000000000e+00
1.562500000000000000e+00
2.453125000000000000e+00
-7.617187500000000000e-01
-1.298828125000000000e-01
-1.906250000000000000e+00
1.585937500000000000e+00
-9.726562500000000000e-01
9.179687500000000000e-01
-2.171875000000000000e+00
-2.197265625000000000e-01
3.421875000000000000e+00
1.164062500000000000e+00
-9.492187500000000000e-01
-1.445312500000000000e+00
2.218750000000000000e+00
1.601562500000000000e+00
-6.718750000000000000e-01
1.507812500000000000e+00
2.250000000000000000e+00
-8.906250000000000000e-01
-1.554687500000000000e+00
2.203125000000000000e+00
-1.742187500000000000e+00
2.312500000000000000e+00
2.078125000000000000e+00
-1.750000000000000000e+00
-5.742187500000000000e-01
1.572265625000000000e-01
1.687500000000000000e+00
-1.750000000000000000e+00
1.757812500000000000e+00
-3.261718750000000000e-01
3.296875000000000000e+00
2.421875000000000000e+00
-6.640625000000000000e-01
2.531250000000000000e+00
-9.726562500000000000e-01
-6.093750000000000000e-01
1.656250000000000000e+00
-2.125000000000000000e+00
2.796875000000000000e+00
-3.847656250000000000e-01
-1.710937500000000000e+00
2.937500000000000000e+00
1.669921875000000000e-01
3.421875000000000000e+00
2.000000000000000000e+00
2.921875000000000000e+00
5.273437500000000000e-01
3.312500000000000000e+00
1.976562500000000000e+00
-2.015625000000000000e+00
-1.281250000000000000e+00
-3.062500000000000000e+00
2.140625000000000000e+00
2.234375000000000000e+00
2.578125000000000000e+00
1.710937500000000000e+00
-2.046875000000000000e+00
-1.539062500000000000e+00
7.656250000000000000e-01
-3.312500000000000000e+00
-2.792968750000000000e-01
9.804687500000000000e-01
-1.507812500000000000e+00
4.125000000000000000e+00
1.960937500000000000e+00
6.992187500000000000e-01
1.476562500000000000e+00
2.562500000000000000e+00
-1.648437500000000000e+00
-1.375000000000000000e+00
2.093750000000000000e+00
3.250000000000000000e+00
3.000000000000000000e+00
-4.785156250000000000e-01
2.343750000000000000e+00
-1.156250000000000000e+00
-9.062500000000000000e-01
3.625000000000000000e+00
-3.686523437500000000e-02
1.257812500000000000e+00
-2.546875000000000000e+00
-1.093750000000000000e+00
3.250000000000000000e+00
1.164062500000000000e+00
-2.078125000000000000e+00
-1.382812500000000000e+00
-6.445312500000000000e-01
-1.500000000000000000e+00
-9.726562500000000000e-01
-7.539062500000000000e-01
2.609375000000000000e+00
1.875000000000000000e+00
1.585937500000000000e+00
2.734375000000000000e+00
3.578125000000000000e+00
2.515625000000000000e+00
1.468750000000000000e+00
2.203125000000000000e+00
6.640625000000000000e-01
1.750000000000000000e+00
-1.257812500000000000e+00
-1.437500000000000000e+00
-7.187500000000000000e-01
-8.281250000000000000e-01
2.484375000000000000e+00
2.515625000000000000e+00
-2.078125000000000000e+00
-6.757812500000000000e-01
2.171875000000000000e+00
3.328125000000000000e+00
1.710937500000000000e+00
2.828125000000000000e+00
-8.867187500000000000e-01
2.546875000000000000e+00
-1.132812500000000000e+00
2.625000000000000000e+00
3.000000000000000000e+00
1.937500000000000000e+00
-3.906250000000000000e-01
-1.445312500000000000e+00
8.632812500000000000e-01
-1.117187500000000000e+00
-8.710937500000000000e-01
-8.554687500000000000e-01
-1.351562500000000000e+00
5.273437500000000000e-01
-4.277343750000000000e-01
-1.054687500000000000e+00
-1.023437500000000000e+00
1.476562500000000000e+00
-2.234375000000000000e+00
-6.289062500000000000e-01
3.250000000000000000e+00
-1.617187500000000000e+00
-3.144531250000000000e-01
2.750000000000000000e+00
-1.851562500000000000e+00
1.773437500000000000e+00
-2.015625000000000000e+00
3.515625000000000000e+00
2.609375000000000000e+00
-3.964843750000000000e-01
2.703125000000000000e+00
-2.519531250000000000e-01
2.937500000000000000e+00
2.484375000000000000e+00
2.500000000000000000e+00
1.117187500000000000e+00
2.859375000000000000e+00
-3.437500000000000000e-01
-1.289062500000000000e+00
4.160156250000000000e-01
3.750000000000000000e+00
2.109375000000000000e+00
1.070312500000000000e+00
-1.351562500000000000e+00
1.539062500000000000e+00
2.703125000000000000e+00
-1.242187500000000000e+00
2.203125000000000000e+00
3.203125000000000000e+00
1.976562500000000000e+00
7.070312500000000000e-01
3.515625000000000000e-01
5.078125000000000000e-01
-1.375000000000000000e+00
-9.804687500000000000e-01
1.148437500000000000e+00
9.687500000000000000e-01
-2.773437500000000000e-01
7.568359375000000000e-02
4.003906250000000000e-01
2.421875000000000000e+00
-1.406250000000000000e+00
-1.460937500000000000e+00
2.265625000000000000e+00
1.968750000000000000e+00
-8.320312500000000000e-01
2.234375000000000000e+00
-1.179687500000000000e+00
2.203125000000000000e+00
1.748046875000000000e-01
3.703125000000000000e+00
1.500000000000000000e+00
2.640625000000000000e+00
1.187500000000000000e+00
4.707031250000000000e-01
-1.429687500000000000e+00
3.085937500000000000e-01
1.320312500000000000e+00
-3.300781250000000000e-01
-1.843750000000000000e+00
-1.750000000000000000e+00
-1.398437500000000000e+00
-1.789062500000000000e+00
-1.406250000000000000e-01
2.812500000000000000e+00
-1.304687500000000000e+00
2.546875000000000000e+00
1.335937500000000000e+00
3.984375000000000000e-01
-6.445312500000000000e-01
-1.195312500000000000e+00
-2.832031250000000000e-01
2.390625000000000000e+00
-2.515625000000000000e+00
-7.304687500000000000e-01
2.875000000000000000e+00
8.554687500000000000e-01
4.140625000000000000e-01
1.179687500000000000e+00
-3.496093750000000000e-01
-1.257812500000000000e+00
-6.367187500000000000e-01
-2.460937500000000000e-01
-1.320312500000000000e+00
-1.375000000000000000e+00
-1.101562500000000000e+00
-1.492187500000000000e+00
2.984375000000000000e+00
-1.242187500000000000e+00
2.375000000000000000e+00
2.140625000000000000e+00
-1.726562500000000000e+00
-2.078125000000000000e+00
-5.781250000000000000e-01
7.568359375000000000e-02
-1.195312500000000000e+00
-2.015625000000000000e+00
-1.289062500000000000e+00
-1.250000000000000000e-01
1.429687500000000000e+00
7.695312500000000000e-01
-9.687500000000000000e-01
-1.335937500000000000e+00
-6.015625000000000000e-01
-1.171875000000000000e+00
-1.960937500000000000e+00
-7.539062500000000000e-01
-6.601562500000000000e-01
1.875000000000000000e+00
-1.304687500000000000e+00
-1.164062500000000000e+00
2.625000000000000000e+00
8.710937500000000000e-01
2.484375000000000000e+00
2.640625000000000000e+00
1.851562500000000000e+00
-9.804687500000000000e-01
-1.070312500000000000e+00
-1.179687500000000000e+00
-6.757812500000000000e-01
-7.929687500000000000e-01
1.179687500000000000e+00
2.062500000000000000e+00
-1.562500000000000000e+00
-9.179687500000000000e-01
1.601562500000000000e+00
2.359375000000000000e+00
-3.750000000000000000e+00
6.992187500000000000e-01
-1.031250000000000000e+00
2.484375000000000000e+00
1.945312500000000000e+00
-4.077148437500000000e-02
1.906250000000000000e+00
9.570312500000000000e-01
1.781250000000000000e+00
8.867187500000000000e-01
3.390625000000000000e+00
3.171875000000000000e+00
1.593750000000000000e+00
3.421875000000000000e+00
-1.562500000000000000e+00
1.382812500000000000e+00
1.148437500000000000e+00
-9.101562500000000000e-01
1.664062500000000000e+00
-6.171875000000000000e-01
9.804687500000000000e-01
2.421875000000000000e+00
2.125000000000000000e+00
-1.281250000000000000e+00
-1.187500000000000000e+00
2.312500000000000000e+00
2.015625000000000000e+00
-1.531250000000000000e+00
-1.679687500000000000e+00
1.968750000000000000e+00
3.109375000000000000e+00
1.937500000000000000e+00
-2.625000000000000000e+00
-9.335937500000000000e-01
-6.445312500000000000e-01
3.261718750000000000e-01
1.773437500000000000e+00
-1.585937500000000000e+00
1.218750000000000000e+00
1.750000000000000000e+00
2.890625000000000000e+00
2.578125000000000000e+00
-2.640625000000000000e+00
-2.437500000000000000e+00
-4.125976562500000000e-02
1.147460937500000000e-01
-1.335937500000000000e+00
-1.398437500000000000e+00
-1.648437500000000000e+00
3.000000000000000000e+00
1.000000000000000000e+00
1.585937500000000000e+00
-1.468750000000000000e+00
3.484375000000000000e+00
2.558593750000000000e-01
3.312500000000000000e+00
-1.335937500000000000e+00
-1.726562500000000000e+00
-9.257812500000000000e-01
1.789062500000000000e+00
2.792968750000000000e-01
2.421875000000000000e+00
-3.906250000000000000e-01
-8.867187500000000000e-01
1.648437500000000000e+00
-7.812500000000000000e-01
-9.375000000000000000e-01
-3.562500000000000000e+00
-3.652343750000000000e-01
-2.046875000000000000e+00
-2.171875000000000000e+00
2.500000000000000000e+00
1.937500000000000000e+00
-7.304687500000000000e-01
1.523437500000000000e+00
-1.289062500000000000e+00
-2.578125000000000000e+00
2.640625000000000000e+00
2.250000000000000000e+00
-8.125000000000000000e-01
2.406250000000000000e+00
3.671875000000000000e+00
1.767578125000000000e-01
2.234375000000000000e+00
-1.656250000000000000e+00
1.500000000000000000e+00
5.937500000000000000e-01
-1.351562500000000000e+00
-1.375000000000000000e+00
2.546875000000000000e+00
3.906250000000000000e-01
9.843750000000000000e-01
