-4.843750000000000000e-01
-5.585937500000000000e-01
-1.773437500000000000e+00
1.460937500000000000e+00
-4.277343750000000000e-01
2.031250000000000000e+00
1.718750000000000000e+00
1.062500000000000000e+00
-1.304687500000000000e+00
-1.343750000000000000e+00
1.648437500000000000e+00
1.375000000000000000e+00
1.937500000000000000e+00
6.875000000000000000e-01
1.398437500000000000e+00
9.960937500000000000e-01
-6.601562500000000000e-01
1.101562500000000000e+00
8.632812500000000000e-01
-1.687500000000000000e+00
-3.007812500000000000e-01
3.375000000000000000e+00
-4.906250000000000000e+00
-9.843750000000000000e-01
1.226562500000000000e+00
6.757812500000000000e-01
-2.859375000000000000e+00
-6.757812500000000000e-01
-5.039062500000000000e-01
-1.156250000000000000e+00
1.820312500000000000e+00
2.328125000000000000e+00
1.585937500000000000e+00
-7.148437500000000000e-01
2.001953125000000000e-01
-1.648437500000000000e+00
1.789062500000000000e+00
-1.250000000000000000e+00
3.964843750000000000e-01
-2.078125000000000000e+00
-1.474609375000000000e-01
2.296875000000000000e+00
6.132812500000000000e-01
-6.601562500000000000e-01
-1.218750000000000000e+00
1.898437500000000000e+00
1.398437500000000000e+00
-7.031250000000000000e-01
1.601562500000000000e+00
1.226562500000000000e+00
-1.195312500000000000e+00
-1.429687500000000000e+00
2.562500000000000000e+00
-1.007812500000000000e+00
1.414062500000000000e+00
7.851562500000000000e-01
-1.625000000000000000e+00
-2.671875000000000000e+00
-1.503906250000000000e-01
1.070312500000000000e+00
-1.835937500000000000e+00
1.414062500000000000e+00
-7.695312500000000000e-01
2.296875000000000000e+00
1.867187500000000000e+00
-4.746093750000000000e-01
1.414062500000000000e+00
-8.320312500000000000e-01
-8.789062500000000000e-01
1.328125000000000000e+00
-1.812500000000000000e+00
2.265625000000000000e+00
-6.835937500000000000e-01
-1.570312500000000000e+00
3.046875000000000000e+00
1.265625000000000000e+00
2.390625000000000000e+00
1.757812500000000000e+00
2.031250000000000000e+00
2.197265625000000000e-01
2.921875000000000000e+00
1.320312500000000000e+00
-1.687500000000000000e+00
-1.304687500000000000e+00
-2.421875000000000000e+00
2.203125000000000000e+00
7.500000000000000000e-01
1.625000000000000000e+00
1.187500000000000000e+00
-1.898437500000000000e+00
-1.468750000000000000e+00
3.925781250000000000e-01
-2.250000000000000000e+00
-6.601562500000000000e-01
1.679687500000000000e+00
-8.750000000000000000e-01
1.445312500000000000e+00
1.226562500000000000e+00
5.429687500000000000e-01
1.437500000000000000e+00
1.250000000000000000e+00
-1.562500000000000000e+00
-1.062500000000000000e+00
1.976562500000000000e+00
2.046875000000000000e+00
2.000000000000000000e+00
-2.031250000000000000e-01
2.328125000000000000e+00
-1.195312500000000000e+00
-1.062500000000000000e+00
2.343750000000000000e+00
4.160156250000000000e-01
1.710937500000000000e+00
-2.078125000000000000e+00
-8.945312500000000000e-01
2.328125000000000000e+00
2.250000000000000000e+00
-1.648437500000000000e+00
-1.437500000000000000e+00
-3.535156250000000000e-01
-1.054687500000000000e+00
-9.648437500000000000e-01
-4.746093750000000000e-01
1.929687500000000000e+00
1.812500000000000000e+00
9.062500000000000000e-01
2.015625000000000000e+00
2.203125000000000000e+00
1.679687500000000000e+00
1.195312500000000000e+00
2.484375000000000000e+00
9.335937500000000000e-01
1.226562500000000000e+00
-1.046875000000000000e+00
-2.578125000000000000e+00
-7.304687500000000000e-01
-1.007812500000000000e+00
1.382812500000000000e+00
1.875000000000000000e+00
-1.679687500000000000e+00
-7.500000000000000000e-01
2.703125000000000000e+00
2.421875000000000000e+00
1.226562500000000000e+00
2.031250000000000000e+00
-4.589843750000000000e-01
6.406250000000000000e-01
-1.156250000000000000e+00
1.718750000000000000e+00
2.171875000000000000e+00
-4.453125000000000000e-01
-3.046875000000000000e-01
-1.179687500000000000e+00
5.859375000000000000e-01
-1.148437500000000000e+00
-2.578125000000000000e+00
-6.523437500000000000e-01
-1.492187500000000000e+00
4.687500000000000000e-01
-4.062500000000000000e-01
-1.187500000000000000e+00
-1.843750000000000000e+00
9.531250000000000000e-01
-2.796875000000000000e+00
-9.414062500000000000e-01
2.062500000000000000e+00
-1.375000000000000000e+00
-3.691406250000000000e-01
2.671875000000000000e+00
-1.109375000000000000e+00
1.351562500000000000e+00
-1.726562500000000000e+00
2.546875000000000000e+00
1.664062500000000000e+00
-3.886718750000000000e-01
1.812500000000000000e+00
-6.992187500000000000e-01
2.484375000000000000e+00
2.812500000000000000e+00
1.679687500000000000e+00
-3.027343750000000000e-01
1.835937500000000000e+00
-3.164062500000000000e-01
-1.476562500000000000e+00
4.472656250000000000e-01
2.390625000000000000e+00
1.539062500000000000e+00
8.750000000000000000e-01
-6.914062500000000000e-01
1.085937500000000000e+00
1.929687500000000000e+00
-1.203125000000000000e+00
1.312500000000000000e+00
2.265625000000000000e+00
1.335937500000000000e+00
-1.156250000000000000e+00
5.312500000000000000e-01
-1.375000000000000000e+00
-1.304687500000000000e+00
-9.257812500000000000e-01
8.867187500000000000e-01
-8.593750000000000000e-01
1.030273437500000000e-01
3.144531250000000000e-01
2.578125000000000000e-01
1.335937500000000000e+00
-7.695312500000000000e-01
-1.328125000000000000e+00
1.437500000000000000e+00
1.007812500000000000e+00
-8.867187500000000000e-01
1.296875000000000000e+00
-9.570312500000000000e-01
2.015625000000000000e+00
2.148437500000000000e-01
2.296875000000000000e+00
-1.669921875000000000e-01
1.875000000000000000e+00
1.289062500000000000e+00
-1.539062500000000000e+00
-1.367187500000000000e+00
1.210937500000000000e-01
8.632812500000000000e-01
-4.316406250000000000e-01
-3.375000000000000000e+00
-1.304687500000000000e+00
-1.437500000000000000e+00
-1.851562500000000000e+00
-1.437500000000000000e+00
2.671875000000000000e+00
-9.687500000000000000e-01
2.929687500000000000e-01
-2.216796875000000000e-01
4.746093750000000000e-01
-6.406250000000000000e-01
-1.132812500000000000e+00
-4.707031250000000000e-01
1.914062500000000000e+00
-1.960937500000000000e+00
-7.070312500000000000e-01
2.125000000000000000e+00
1.195312500000000000e+00
1.773437500000000000e+00
6.875000000000000000e-01
-5.820312500000000000e-01
-1.414062500000000000e+00
-7.070312500000000000e-01
-3.203125000000000000e-01
-1.312500000000000000e+00
-1.320312500000000000e+00
-2.953125000000000000e+00
-1.039062500000000000e+00
8.242187500000000000e-01
-1.062500000000000000e+00
1.750000000000000000e+00
2.140625000000000000e+00
-1.414062500000000000e+00
-1.210937500000000000e+00
-1.650390625000000000e-01
-1.373291015625000000e-02
-9.882812500000000000e-01
-1.937500000000000000e+00
-1.148437500000000000e+00
-4.140625000000000000e-01
1.164062500000000000e+00
1.015625000000000000e+00
-7.382812500000000000e-01
-1.601562500000000000e+00
-1.054687500000000000e+00
-1.187500000000000000e+00
-2.062500000000000000e+00
-8.476562500000000000e-01
-5.117187500000000000e-01
1.242187500000000000e+00
-1.328125000000000000e+00
-1.992187500000000000e+00
1.625000000000000000e+00
-1.125000000000000000e+00
1.812500000000000000e+00
1.625000000000000000e+00
8.242187500000000000e-01
-1.156250000000000000e+00
-1.203125000000000000e+00
-9.375000000000000000e-01
-5.976562500000000000e-01
-8.085937500000000000e-01
5.781250000000000000e-01
1.468750000000000000e+00
-1.351562500000000000e+00
-7.187500000000000000e-01
1.406250000000000000e+00
1.750000000000000000e+00
-2.953125000000000000e+00
5.117187500000000000e-01
-6.875000000000000000e-01
1.781250000000000000e+00
1.218750000000000000e+00
-4.418945312500000000e-02
1.179687500000000000e+00
4.472656250000000000e-01
1.882812500000000000e+00
1.273437500000000000e+00
1.656250000000000000e+00
2.218750000000000000e+00
8.281250000000000000e-01
3.000000000000000000e+00
-1.507812500000000000e+00
1.030273437500000000e-01
1.414062500000000000e+00
-1.195312500000000000e+00
9.218750000000000000e-01
-8.398437500000000000e-01
9.375000000000000000e-01
1.617187500000000000e+00
1.500000000000000000e+00
-1.093750000000000000e+00
-1.007812500000000000e+00
1.289062500000000000e+00
1.281250000000000000e+00
-1.210937500000000000e+00
-1.140625000000000000e+00
1.179687500000000000e+00
2.234375000000000000e+00
1.882812500000000000e+00
-3.578125000000000000e+00
-7.187500000000000000e-01
-1.031250000000000000e+00
3.613281250000000000e-01
1.406250000000000000e+00
-1.304687500000000000e+00
7.500000000000000000e-01
1.257812500000000000e+00
2.312500000000000000e+00
2.546875000000000000e+00
-2.312500000000000000e+00
-3.234375000000000000e+00
-4.614257812500000000e-02
-2.046875000000000000e+00
-2.015625000000000000e+00
-5.390625000000000000e-01
-1.375000000000000000e+00
2.171875000000000000e+00
-3.198242187500000000e-02
8.554687500000000000e-01
-1.375000000000000000e+00
2.281250000000000000e+00
9.960937500000000000e-02
4.093750000000000000e+00
-1.195312500000000000e+00
-2.078125000000000000e+00
-7.070312500000000000e-01
8.867187500000000000e-01
2.216796875000000000e-01
1.234375000000000000e+00
-4.394531250000000000e-01
-1.789062500000000000e+00
2.515625000000000000e+00
-2.046875000000000000e+00
-5.781250000000000000e-01
-4.562500000000000000e+00
-3.496093750000000000e-01
-2.062500000000000000e+00
-3.562500000000000000e+00
1.562500000000000000e+00
1.570312500000000000e+00
-8.710937500000000000e-01
8.710937500000000000e-01
-1.062500000000000000e+00
-2.046875000000000000e+00
1.812500000000000000e+00
1.312500000000000000e+00
-6.835937500000000000e-01
1.804687500000000000e+00
2.265625000000000000e+00
2.519531250000000000e-01
1.585937500000000000e+00
-1.257812500000000000e+00
1.054687500000000000e+00
3.828125000000000000e-01
-1.414062500000000000e+00
-1.054687500000000000e+00
1.710937500000000000e+00
7.695312500000000000e-01
-6.875000000000000000e-01
