-1.132812500000000000e+00
-3.144531250000000000e-01
-1.781250000000000000e+00
1.195312500000000000e+00
-4.453125000000000000e-01
1.804687500000000000e+00
1.460937500000000000e+00
8.789062500000000000e-01
-1.156250000000000000e+00
-1.375000000000000000e+00
1.414062500000000000e+00
1.312500000000000000e+00
1.789062500000000000e+00
5.273437500000000000e-01
1.179687500000000000e+00
6.835937500000000000e-01
-2.216796875000000000e-01
8.867187500000000000e-01
9.228515625000000000e-02
-1.500000000000000000e+00
-2.910156250000000000e-01
3.234375000000000000e+00
-5.250000000000000000e+00
-9.492187500000000000e-01
1.023437500000000000e+00
4.296875000000000000e-01
-3.328125000000000000e+00
-8.789062500000000000e-01
-2.988281250000000000e-01
-1.117187500000000000e+00
1.429687500000000000e+00
2.484375000000000000e+00
1.312500000000000000e+00
-6.757812500000000000e-01
1.513671875000000000e-01
-1.742187500000000000e+00
1.687500000000000000e+00
-1.085937500000000000e+00
2.265625000000000000e-01
-1.656250000000000000e+00
-2.519531250000000000e-01
1.929687500000000000e+00
7.617187500000000000e-01
-5.429687500000000000e-01
-1.500000000000000000e+00
1.601562500000000000e+00
1.398437500000000000e+00
-3.691406250000000000e-01
1.601562500000000000e+00
9.687500000000000000e-01
-9.531250000000000000e-01
-1.523437500000000000e+00
2.328125000000000000e+00
-1.007812500000000000e+00
1.101562500000000000e+00
2.578125000000000000e-01
-1.070312500000000000e+00
-3.203125000000000000e+00
4.565429687500000000e-02
8.554687500000000000e-01
-1.601562500000000000e+00
1.226562500000000000e+00
-6.757812500000000000e-01
2.015625000000000000e+00
1.710937500000000000e+00
-1.875000000000000000e-01
1.023437500000000000e+00
-6.601562500000000000e-01
-4.531250000000000000e-01
1.164062500000000000e+00
-1.835937500000000000e+00
2.062500000000000000e+00
-2.421875000000000000e-01
-1.687500000000000000e+00
2.953125000000000000e+00
1.507812500000000000e+00
2.109375000000000000e+00
1.585937500000000000e+00
1.710937500000000000e+00
1.640625000000000000e-01
2.687500000000000000e+00
1.015625000000000000e+00
-1.820312500000000000e+00
-1.281250000000000000e+00
-2.375000000000000000e+00
2.015625000000000000e+00
7.275390625000000000e-02
1.312500000000000000e+00
8.867187500000000000e-01
-2.078125000000000000e+00
-1.257812500000000000e+00
5.976562500000000000e-01
-1.750000000000000000e+00
-5.351562500000000000e-01
1.695312500000000000e+00
-7.031250000000000000e-01
5.468750000000000000e-01
1.007812500000000000e+00
-5.468750000000000000e-02
1.304687500000000000e+00
7.968750000000000000e-01
-1.781250000000000000e+00
-1.062500000000000000e+00
1.914062500000000000e+00
1.562500000000000000e+00
1.656250000000000000e+00
-1.845703125000000000e-01
2.187500000000000000e+00
-1.273437500000000000e+00
-9.882812500000000000e-01
1.914062500000000000e+00
2.138671875000000000e-01
1.835937500000000000e+00
-1.554687500000000000e+00
-9.023437500000000000e-01
1.960937500000000000e+00
2.546875000000000000e+00
-1.500000000000000000e+00
-1.664062500000000000e+00
-4.218750000000000000e-01
-1.054687500000000000e+00
-1.242187500000000000e+00
-3.984375000000000000e-01
1.656250000000000000e+00
1.625000000000000000e+00
7.070312500000000000e-01
1.757812500000000000e+00
1.710937500000000000e+00
1.398437500000000000e+00
1.117187500000000000e+00
2.375000000000000000e+00
1.109375000000000000e+00
9.648437500000000000e-01
-1.039062500000000000e+00
-2.921875000000000000e+00
-6.484375000000000000e-01
-8.710937500000000000e-01
9.726562500000000000e-01
1.718750000000000000e+00
-1.648437500000000000e+00
-8.632812500000000000e-01
2.750000000000000000e+00
2.015625000000000000e+00
9.257812500000000000e-01
1.687500000000000000e+00
-3.750000000000000000e-01
-4.565429687500000000e-02
-1.367187500000000000e+00
1.335937500000000000e+00
1.773437500000000000e+00
-9.843750000000000000e-01
-3.378906250000000000e-01
-1.281250000000000000e+00
3.574218750000000000e-01
-1.398437500000000000e+00
-3.046875000000000000e+00
-6.875000000000000000e-01
-1.242187500000000000e+00
4.277343750000000000e-01
-6.992187500000000000e-01
-9.179687500000000000e-01
-1.968750000000000000e+00
7.695312500000000000e-01
-3.078125000000000000e+00
-7.773437500000000000e-01
1.656250000000000000e+00
-1.367187500000000000e+00
-3.359375000000000000e-01
2.515625000000000000e+00
-1.039062500000000000e+00
1.226562500000000000e+00
-1.414062500000000000e+00
2.156250000000000000e+00
1.367187500000000000e+00
-2.832031250000000000e-01
1.531250000000000000e+00
-6.992187500000000000e-01
2.218750000000000000e+00
2.625000000000000000e+00
1.375000000000000000e+00
-8.398437500000000000e-01
1.523437500000000000e+00
-1.152343750000000000e-01
-1.140625000000000000e+00
5.742187500000000000e-01
1.898437500000000000e+00
1.351562500000000000e+00
8.320312500000000000e-01
-7.851562500000000000e-01
8.750000000000000000e-01
1.625000000000000000e+00
-1.203125000000000000e+00
1.085937500000000000e+00
1.976562500000000000e+00
1.132812500000000000e+00
-1.726562500000000000e+00
4.687500000000000000e-01
-2.046875000000000000e+00
-1.414062500000000000e+00
-1.070312500000000000e+00
7.500000000000000000e-01
-1.375000000000000000e+00
2.478027343750000000e-02
2.734375000000000000e-02
4.121093750000000000e-01
1.078125000000000000e+00
-4.375000000000000000e-01
-1.468750000000000000e+00
1.117187500000000000e+00
7.539062500000000000e-01
-1.007812500000000000e+00
1.000000000000000000e+00
-1.078125000000000000e+00
1.812500000000000000e+00
4.370117187500000000e-02
1.773437500000000000e+00
-5.664062500000000000e-01
1.531250000000000000e+00
1.179687500000000000e+00
-2.156250000000000000e+00
-1.289062500000000000e+00
1.650390625000000000e-01
7.070312500000000000e-01
-2.412109375000000000e-01
-3.812500000000000000e+00
-1.351562500000000000e+00
-1.148437500000000000e+00
-1.929687500000000000e+00
-1.929687500000000000e+00
2.281250000000000000e+00
-8.320312500000000000e-01
-3.046875000000000000e-01
-7.968750000000000000e-01
3.593750000000000000e-01
-6.523437500000000000e-01
-1.414062500000000000e+00
-1.953125000000000000e-01
1.601562500000000000e+00
-1.835937500000000000e+00
-1.039062500000000000e+00
1.820312500000000000e+00
1.351562500000000000e+00
2.421875000000000000e+00
2.490234375000000000e-01
-5.898437500000000000e-01
-1.460937500000000000e+00
-1.015625000000000000e+00
-4.062500000000000000e-01
-1.125000000000000000e+00
-1.593750000000000000e+00
-3.546875000000000000e+00
-1.085937500000000000e+00
4.809570312500000000e-02
-1.164062500000000000e+00
1.500000000000000000e+00
1.679687500000000000e+00
-1.523437500000000000e+00
-1.093750000000000000e+00
-2.792968750000000000e-01
-2.988281250000000000e-01
-8.437500000000000000e-01
-1.312500000000000000e+00
-1.156250000000000000e+00
-5.195312500000000000e-01
1.054687500000000000e+00
9.687500000000000000e-01
-7.695312500000000000e-01
-1.476562500000000000e+00
-7.304687500000000000e-01
-1.429687500000000000e+00
-1.929687500000000000e+00
-9.570312500000000000e-01
-6.445312500000000000e-01
1.046875000000000000e+00
-1.054687500000000000e+00
-2.234375000000000000e+00
1.304687500000000000e+00
-1.718750000000000000e+00
1.460937500000000000e+00
1.195312500000000000e+00
4.472656250000000000e-01
-1.351562500000000000e+00
-6.445312500000000000e-01
-9.023437500000000000e-01
-1.513671875000000000e-01
-6.757812500000000000e-01
4.472656250000000000e-01
1.195312500000000000e+00
-1.179687500000000000e+00
-8.007812500000000000e-01
1.304687500000000000e+00
1.468750000000000000e+00
-2.265625000000000000e+00
7.343750000000000000e-01
-7.031250000000000000e-01
1.695312500000000000e+00
1.000000000000000000e+00
2.197265625000000000e-01
1.023437500000000000e+00
2.734375000000000000e-01
1.812500000000000000e+00
1.320312500000000000e+00
1.031250000000000000e+00
1.914062500000000000e+00
5.664062500000000000e-01
2.765625000000000000e+00
-1.570312500000000000e+00
-4.765625000000000000e-01
1.460937500000000000e+00
-8.554687500000000000e-01
6.757812500000000000e-01
-6.679687500000000000e-01
1.039062500000000000e+00
1.375000000000000000e+00
1.226562500000000000e+00
-1.289062500000000000e+00
-1.164062500000000000e+00
9.687500000000000000e-01
1.007812500000000000e+00
-1.164062500000000000e+00
-1.062500000000000000e+00
8.945312500000000000e-01
1.851562500000000000e+00
1.789062500000000000e+00
-3.828125000000000000e+00
-8.320312500000000000e-01
-8.710937500000000000e-01
4.980468750000000000e-01
1.218750000000000000e+00
-1.320312500000000000e+00
6.875000000000000000e-01
1.203125000000000000e+00
2.031250000000000000e+00
2.375000000000000000e+00
-2.281250000000000000e+00
-3.625000000000000000e+00
6.079101562500000000e-02
-2.625000000000000000e+00
-2.093750000000000000e+00
-2.373046875000000000e-01
-1.531250000000000000e+00
1.835937500000000000e+00
-1.591796875000000000e-01
7.187500000000000000e-01
-1.460937500000000000e+00
1.976562500000000000e+00
1.040039062500000000e-01
4.156250000000000000e+00
-1.398437500000000000e+00
-2.140625000000000000e+00
-8.007812500000000000e-01
6.289062500000000000e-01
-5.462646484375000000e-03
8.085937500000000000e-01
-4.375000000000000000e-01
-2.031250000000000000e+00
2.703125000000000000e+00
-2.531250000000000000e+00
-3.535156250000000000e-01
-4.718750000000000000e+00
-3.691406250000000000e-01
-1.820312500000000000e+00
-4.000000000000000000e+00
1.210937500000000000e+00
1.335937500000000000e+00
-6.914062500000000000e-01
6.679687500000000000e-01
-1.031250000000000000e+00
-2.140625000000000000e+00
1.570312500000000000e+00
8.710937500000000000e-01
-8.632812500000000000e-01
1.539062500000000000e+00
1.648437500000000000e+00
1.708984375000000000e-02
1.320312500000000000e+00
-9.257812500000000000e-01
8.554687500000000000e-01
-2.087402343750000000e-02
-1.351562500000000000e+00
-1.070312500000000000e+00
1.351562500000000000e+00
1.289062500000000000e+00
-1.148437500000000000e+00
