9.414062500000000000e-01
2.792968750000000000e-01
-2.250000000000000000e+00
1.710937500000000000e+00
-4.394531250000000000e-01
1.218750000000000000e+00
1.507812500000000000e+00
1.343750000000000000e+00
-9.570312500000000000e-01
-1.539062500000000000e+00
1.656250000000000000e+00
1.312500000000000000e+00
2.234375000000000000e+00
4.296875000000000000e-01
1.617187500000000000e+00
8.476562500000000000e-01
-1.171875000000000000e+00
1.304687500000000000e+00
1.773437500000000000e+00
-1.156250000000000000e+00
-6.640625000000000000e-01
2.515625000000000000e+00
-5.187500000000000000e+00
-8.945312500000000000e-01
1.437500000000000000e+00
7.929687500000000000e-01
-3.375000000000000000e+00
-1.187500000000000000e+00
1.386718750000000000e-01
-1.601562500000000000e+00
2.234375000000000000e+00
1.125000000000000000e+00
1.875000000000000000e+00
-9.492187500000000000e-01
-3.125000000000000000e-01
-1.804687500000000000e+00
1.101562500000000000e+00
-3.886718750000000000e-01
4.980468750000000000e-01
-1.507812500000000000e+00
-8.320312500000000000e-01
2.609375000000000000e+00
1.492187500000000000e+00
-5.195312500000000000e-01
-1.812500000000000000e+00
1.507812500000000000e+00
1.257812500000000000e+00
-3.906250000000000000e-02
1.179687500000000000e+00
1.601562500000000000e+00
-2.753906250000000000e-01
-1.710937500000000000e+00
1.664062500000000000e+00
-1.367187500000000000e+00
1.687500000000000000e+00
1.460937500000000000e+00
-6.250000000000000000e-01
-1.414062500000000000e+00
4.824218750000000000e-01
1.062500000000000000e+00
-9.414062500000000000e-01
1.210937500000000000e+00
-2.109375000000000000e-01
2.828125000000000000e+00
2.234375000000000000e+00
-8.984375000000000000e-02
1.851562500000000000e+00
1.621093750000000000e-01
1.845703125000000000e-01
9.804687500000000000e-01
-1.835937500000000000e+00
1.773437500000000000e+00
2.734375000000000000e-01
-1.789062500000000000e+00
2.218750000000000000e+00
-2.041015625000000000e-01
2.796875000000000000e+00
1.585937500000000000e+00
2.437500000000000000e+00
-5.761718750000000000e-02
2.812500000000000000e+00
1.148437500000000000e+00
-1.195312500000000000e+00
-8.281250000000000000e-01
-2.875000000000000000e+00
1.289062500000000000e+00
8.593750000000000000e-01
1.898437500000000000e+00
1.007812500000000000e+00
-2.328125000000000000e+00
-7.070312500000000000e-01
1.492187500000000000e+00
-2.062500000000000000e+00
-9.619140625000000000e-02
4.843750000000000000e-01
-1.265625000000000000e+00
2.453125000000000000e+00
1.476562500000000000e+00
-1.132812500000000000e+00
1.320312500000000000e+00
1.664062500000000000e+00
-2.109375000000000000e+00
-1.773437500000000000e+00
1.960937500000000000e+00
2.296875000000000000e+00
2.375000000000000000e+00
-1.416015625000000000e-01
1.960937500000000000e+00
-1.210937500000000000e+00
-5.937500000000000000e-01
2.734375000000000000e+00
-8.945312500000000000e-01
1.492187500000000000e+00
-3.964843750000000000e-01
-9.179687500000000000e-01
2.640625000000000000e+00
9.375000000000000000e-01
-9.257812500000000000e-01
-1.648437500000000000e+00
-6.093750000000000000e-01
-1.218750000000000000e+00
-1.617187500000000000e+00
-9.687500000000000000e-01
1.710937500000000000e+00
1.523437500000000000e+00
1.015625000000000000e+00
2.140625000000000000e+00
2.640625000000000000e+00
1.937500000000000000e+00
1.132812500000000000e+00
1.882812500000000000e+00
1.015625000000000000e+00
1.179687500000000000e+00
-1.562500000000000000e+00
-1.382812500000000000e+00
-4.433593750000000000e-01
-3.574218750000000000e-01
1.562500000000000000e+00
2.140625000000000000e+00
-1.375000000000000000e+00
-1.101562500000000000e+00
1.929687500000000000e+00
2.375000000000000000e+00
9.062500000000000000e-01
2.125000000000000000e+00
-1.132812500000000000e+00
1.523437500000000000e+00
-1.687500000000000000e+00
1.812500000000000000e+00
2.078125000000000000e+00
1.445312500000000000e+00
-5.742187500000000000e-01
-1.148437500000000000e+00
1.474609375000000000e-01
-1.406250000000000000e+00
-1.406250000000000000e+00
-8.632812500000000000e-01
-6.171875000000000000e-01
2.080078125000000000e-01
-1.125000000000000000e+00
-7.695312500000000000e-01
-6.250000000000000000e-01
8.867187500000000000e-01
-2.796875000000000000e+00
-2.890625000000000000e-01
2.453125000000000000e+00
-1.304687500000000000e+00
-1.689453125000000000e-01
2.203125000000000000e+00
-1.710937500000000000e+00
1.273437500000000000e+00
-9.687500000000000000e-01
2.750000000000000000e+00
1.937500000000000000e+00
-1.875000000000000000e-01
2.296875000000000000e+00
-3.027343750000000000e-01
2.546875000000000000e+00
1.117187500000000000e+00
1.695312500000000000e+00
8.593750000000000000e-02
2.140625000000000000e+00
-2.314453125000000000e-01
-6.523437500000000000e-01
6.914062500000000000e-01
2.671875000000000000e+00
1.562500000000000000e+00
7.812500000000000000e-01
-4.062500000000000000e-01
9.570312500000000000e-01
2.062500000000000000e+00
-9.492187500000000000e-01
1.773437500000000000e+00
2.625000000000000000e+00
1.273437500000000000e+00
-2.080078125000000000e-01
2.871093750000000000e-01
-9.804687500000000000e-01
-1.210937500000000000e+00
-1.054687500000000000e+00
8.007812500000000000e-01
4.472656250000000000e-01
-2.304687500000000000e-01
-8.750000000000000000e-01
1.728515625000000000e-01
1.898437500000000000e+00
-5.195312500000000000e-01
-1.617187500000000000e+00
1.625000000000000000e+00
1.460937500000000000e+00
-1.343750000000000000e+00
1.601562500000000000e+00
-1.335937500000000000e+00
1.687500000000000000e+00
-8.789062500000000000e-01
2.750000000000000000e+00
1.250000000000000000e+00
1.789062500000000000e+00
1.030273437500000000e-01
-9.492187500000000000e-01
-9.179687500000000000e-01
2.812500000000000000e-01
8.945312500000000000e-01
-2.656250000000000000e-01
-2.765625000000000000e+00
-1.687500000000000000e+00
-8.242187500000000000e-01
-2.312500000000000000e+00
-1.195312500000000000e+00
1.648437500000000000e+00
-1.031250000000000000e+00
1.898437500000000000e+00
4.589843750000000000e-01
1.445312500000000000e-01
-2.519531250000000000e-01
-1.562500000000000000e+00
2.148437500000000000e-01
1.710937500000000000e+00
-1.820312500000000000e+00
-1.304687500000000000e+00
2.375000000000000000e+00
9.492187500000000000e-01
1.660156250000000000e-01
7.031250000000000000e-02
-5.585937500000000000e-01
-1.210937500000000000e+00
-1.210937500000000000e+00
-5.312500000000000000e-01
-1.085937500000000000e+00
-1.789062500000000000e+00
-2.921875000000000000e+00
-1.476562500000000000e+00
1.257812500000000000e+00
-1.257812500000000000e+00
1.851562500000000000e+00
1.179687500000000000e+00
-1.875000000000000000e+00
-1.906250000000000000e+00
-5.976562500000000000e-01
-9.257812500000000000e-01
-1.179687500000000000e+00
-3.750000000000000000e-01
-1.070312500000000000e+00
-2.304687500000000000e-01
1.101562500000000000e+00
5.390625000000000000e-01
-1.070312500000000000e+00
-9.687500000000000000e-01
-2.722167968750000000e-02
-1.500000000000000000e+00
-1.750000000000000000e+00
-7.187500000000000000e-01
-1.132812500000000000e+00
1.320312500000000000e+00
-5.117187500000000000e-01
-1.687500000000000000e+00
2.078125000000000000e+00
-1.767578125000000000e-01
1.687500000000000000e+00
1.617187500000000000e+00
1.187500000000000000e+00
-1.601562500000000000e+00
5.039062500000000000e-01
-6.718750000000000000e-01
4.941406250000000000e-01
-5.742187500000000000e-01
7.343750000000000000e-01
1.429687500000000000e+00
-6.601562500000000000e-01
-1.375000000000000000e+00
1.539062500000000000e+00
1.625000000000000000e+00
-2.062500000000000000e+00
1.156250000000000000e+00
-1.117187500000000000e+00
2.156250000000000000e+00
1.414062500000000000e+00
1.533203125000000000e-01
1.539062500000000000e+00
2.060546875000000000e-01
1.523437500000000000e+00
1.023437500000000000e+00
2.203125000000000000e+00
2.375000000000000000e+00
1.070312500000000000e+00
2.421875000000000000e+00
-1.117187500000000000e+00
3.574218750000000000e-01
1.046875000000000000e+00
2.001953125000000000e-01
1.085937500000000000e+00
-8.867187500000000000e-01
1.429687500000000000e+00
1.726562500000000000e+00
1.226562500000000000e+00
-1.664062500000000000e+00
-1.468750000000000000e+00
1.539062500000000000e+00
1.281250000000000000e+00
-1.507812500000000000e+00
-1.710937500000000000e+00
1.398437500000000000e+00
2.140625000000000000e+00
1.710937500000000000e+00
-3.171875000000000000e+00
-1.257812500000000000e+00
-4.707031250000000000e-01
4.062500000000000000e-01
1.171875000000000000e+00
-1.789062500000000000e+00
8.632812500000000000e-01
1.726562500000000000e+00
2.125000000000000000e+00
2.171875000000000000e+00
-2.437500000000000000e+00
-3.953125000000000000e+00
-1.494140625000000000e-01
-9.101562500000000000e-01
-1.054687500000000000e+00
1.235351562500000000e-01
-1.664062500000000000e+00
2.156250000000000000e+00
1.468750000000000000e+00
1.226562500000000000e+00
-1.039062500000000000e+00
2.765625000000000000e+00
-2.148437500000000000e-01
2.750000000000000000e+00
-1.523437500000000000e+00
-1.320312500000000000e+00
-1.093750000000000000e+00
1.281250000000000000e+00
-3.437500000000000000e-01
1.710937500000000000e+00
-3.261718750000000000e-01
-7.812500000000000000e-01
1.250000000000000000e+00
-1.679687500000000000e+00
-2.714843750000000000e-01
-4.656250000000000000e+00
-5.976562500000000000e-01
-1.218750000000000000e+00
-3.312500000000000000e+00
1.710937500000000000e+00
1.539062500000000000e+00
-5.742187500000000000e-01
8.632812500000000000e-01
-1.320312500000000000e+00
-3.015625000000000000e+00
2.203125000000000000e+00
1.382812500000000000e+00
-1.242187500000000000e+00
1.804687500000000000e+00
2.468750000000000000e+00
-4.511718750000000000e-01
1.500000000000000000e+00
-5.468750000000000000e-01
9.687500000000000000e-01
-4.296875000000000000e-01
-6.523437500000000000e-01
-1.523437500000000000e+00
1.664062500000000000e+00
1.023437500000000000e+00
3.691406250000000000e-01
