-2.203125000000000000e+00
1.865234375000000000e-01
-4.160156250000000000e-01
-1.962890625000000000e-01
1.554687500000000000e+00
1.523437500000000000e+00
-3.613281250000000000e-01
-1.425781250000000000e-01
1.225585937500000000e-01
7.539062500000000000e-01
-5.200195312500000000e-02
-2.792968750000000000e-01
3.496093750000000000e-01
-4.121093750000000000e-01
-6.093750000000000000e-01
-5.585937500000000000e-01
2.093750000000000000e+00
-2.597656250000000000e-01
5.820312500000000000e-01
-1.804687500000000000e+00
8.554687500000000000e-01
3.515625000000000000e+00
-2.890625000000000000e+00
5.507812500000000000e-01
-2.597656250000000000e-01
-8.710937500000000000e-01
-4.121093750000000000e-01
1.789062500000000000e+00
-7.695312500000000000e-01
6.250000000000000000e-01
-6.542968750000000000e-02
2.546875000000000000e+00
3.710937500000000000e-02
-1.101562500000000000e+00
-1.386718750000000000e-01
3.457031250000000000e-01
2.625000000000000000e+00
-1.867187500000000000e+00
-4.140625000000000000e-01
-9.882812500000000000e-01
1.742187500000000000e+00
-1.030273437500000000e-01
-1.156250000000000000e+00
6.679687500000000000e-01
2.171875000000000000e+00
5.351562500000000000e-01
-4.980468750000000000e-02
-1.312500000000000000e+00
1.570312500000000000e+00
3.738403320312500000e-03
-9.375000000000000000e-01
-1.904296875000000000e-01
2.687500000000000000e+00
1.468750000000000000e+00
-9.619140625000000000e-02
-3.393554687500000000e-02
-1.367187500000000000e+00
-3.078125000000000000e+00
1.298828125000000000e-01
-3.750000000000000000e-01
-2.046875000000000000e+00
7.031250000000000000e-02
-1.265625000000000000e+00
-3.344726562500000000e-02
-7.812500000000000000e-02
2.988281250000000000e-01
-7.226562500000000000e-01
-4.746093750000000000e-01
-8.789062500000000000e-01
-7.382812500000000000e-01
9.687500000000000000e-01
-6.289062500000000000e-01
-9.375000000000000000e-01
-1.492187500000000000e+00
2.109375000000000000e+00
1.179687500000000000e+00
-3.105468750000000000e-01
4.042968750000000000e-01
-4.218750000000000000e-01
3.125000000000000000e-01
1.312500000000000000e+00
-4.125976562500000000e-02
4.003906250000000000e-01
6.210937500000000000e-01
-1.351562500000000000e+00
8.554687500000000000e-01
3.515625000000000000e-02
-4.765625000000000000e-01
-2.949218750000000000e-01
2.156250000000000000e+00
-1.132812500000000000e+00
-8.867187500000000000e-01
9.648437500000000000e-01
-1.226562500000000000e+00
2.828125000000000000e+00
1.132812500000000000e+00
-2.312500000000000000e+00
-3.183593750000000000e-01
-6.210937500000000000e-01
8.164062500000000000e-01
1.250000000000000000e-01
1.382812500000000000e+00
9.843750000000000000e-01
1.695312500000000000e+00
2.421875000000000000e-01
-2.148437500000000000e-01
-8.242187500000000000e-01
1.773437500000000000e+00
1.007812500000000000e+00
-1.929687500000000000e+00
-5.000000000000000000e-01
1.230468750000000000e-01
1.585937500000000000e+00
-1.225585937500000000e-01
1.101562500000000000e+00
-3.808593750000000000e-01
2.500000000000000000e+00
2.558593750000000000e-01
8.945312500000000000e-01
3.886718750000000000e-01
-8.349609375000000000e-02
6.875000000000000000e-01
7.656250000000000000e-01
-5.000000000000000000e-01
1.187500000000000000e+00
-2.041015625000000000e-01
1.108398437500000000e-01
4.687500000000000000e-02
-3.300781250000000000e-01
3.540039062500000000e-02
1.851562500000000000e+00
-8.789062500000000000e-03
-3.735351562500000000e-02
6.982421875000000000e-02
5.937500000000000000e-01
3.027343750000000000e-01
-1.304687500000000000e+00
-9.179687500000000000e-01
-1.416015625000000000e-01
-1.210937500000000000e+00
-2.328125000000000000e+00
1.742187500000000000e+00
-2.578125000000000000e-01
-4.589843750000000000e-01
-2.812500000000000000e-01
1.320312500000000000e+00
-2.093750000000000000e+00
-1.210937500000000000e+00
-2.558593750000000000e-01
-2.656250000000000000e-01
-1.992187500000000000e+00
1.687500000000000000e+00
4.843750000000000000e-01
-5.742187500000000000e-01
1.429687500000000000e+00
-2.625000000000000000e+00
-3.535156250000000000e-01
-7.304687500000000000e-01
1.320312500000000000e+00
-7.929687500000000000e-01
-1.414062500000000000e+00
-1.757812500000000000e+00
1.079101562500000000e-01
9.375000000000000000e-02
-2.390625000000000000e+00
-1.318359375000000000e-01
3.691406250000000000e-01
2.031250000000000000e-01
1.867187500000000000e+00
1.445312500000000000e+00
-6.992187500000000000e-01
5.585937500000000000e-01
-7.519531250000000000e-02
-4.121093750000000000e-01
6.992187500000000000e-01
-3.886718750000000000e-01
-1.023437500000000000e+00
9.687500000000000000e-01
2.390625000000000000e+00
-2.871093750000000000e-01
-2.421875000000000000e+00
-4.199218750000000000e-01
-7.080078125000000000e-02
-1.648437500000000000e+00
-1.195312500000000000e+00
4.082031250000000000e-01
-1.728515625000000000e-01
2.001953125000000000e-01
-4.746093750000000000e-01
6.152343750000000000e-02
-1.196289062500000000e-01
-4.238281250000000000e-01
-1.308593750000000000e-01
-2.988281250000000000e-01
-5.039062500000000000e-01
-2.640625000000000000e+00
5.117187500000000000e-01
-1.679687500000000000e+00
-3.222656250000000000e-01
1.281250000000000000e+00
7.080078125000000000e-02
-2.828125000000000000e+00
-1.630859375000000000e-01
-3.261718750000000000e-01
1.070312500000000000e+00
-2.255859375000000000e-01
-5.429687500000000000e-01
6.718750000000000000e-01
-4.902343750000000000e-01
-6.601562500000000000e-01
-7.382812500000000000e-01
-8.935546875000000000e-02
1.398437500000000000e+00
4.140625000000000000e-01
-9.492187500000000000e-01
-3.750000000000000000e-01
-1.812500000000000000e+00
-6.679687500000000000e-01
-1.851562500000000000e+00
-2.562500000000000000e+00
7.773437500000000000e-01
1.226562500000000000e+00
-6.289062500000000000e-01
6.127929687500000000e-02
-2.500000000000000000e+00
4.082031250000000000e-01
-1.250000000000000000e+00
1.375000000000000000e+00
-2.703125000000000000e+00
4.296875000000000000e-01
6.992187500000000000e-01
-2.078125000000000000e+00
3.964843750000000000e-01
-7.968750000000000000e-01
-4.746093750000000000e-01
1.632812500000000000e+00
-2.296875000000000000e+00
-4.472656250000000000e-01
-3.261718750000000000e-01
6.494140625000000000e-02
-3.828125000000000000e-01
2.296875000000000000e+00
2.203125000000000000e+00
-8.867187500000000000e-01
-2.453125000000000000e+00
-1.773437500000000000e+00
-2.328125000000000000e+00
7.851562500000000000e-01
-1.242187500000000000e+00
1.539062500000000000e+00
-2.953125000000000000e+00
-2.421875000000000000e-01
-1.789062500000000000e+00
1.070312500000000000e+00
-3.808593750000000000e-01
6.367187500000000000e-01
-6.484375000000000000e-01
8.945312500000000000e-01
-6.093750000000000000e-01
-9.375000000000000000e-01
-1.398437500000000000e+00
-8.437500000000000000e-01
4.433593750000000000e-01
-1.039062500000000000e+00
-3.535156250000000000e-01
8.437500000000000000e-01
-5.000000000000000000e-01
-1.820312500000000000e+00
-1.039062500000000000e+00
1.125000000000000000e+00
1.742187500000000000e+00
-1.351562500000000000e+00
-4.003906250000000000e-01
-3.222656250000000000e-02
1.298828125000000000e-01
4.355468750000000000e-01
-5.566406250000000000e-02
-2.546875000000000000e+00
2.080078125000000000e-01
-6.093750000000000000e-01
-1.531250000000000000e+00
7.929687500000000000e-01
-7.148437500000000000e-01
1.250000000000000000e+00
1.794433593750000000e-02
-1.845703125000000000e-01
-3.242187500000000000e-01
-3.027343750000000000e-01
8.837890625000000000e-02
-6.484375000000000000e-01
4.042968750000000000e-01
-4.160156250000000000e-01
-8.867187500000000000e-01
-7.617187500000000000e-01
1.367187500000000000e+00
-9.912109375000000000e-02
-3.417968750000000000e-01
1.500000000000000000e+00
5.078125000000000000e-02
2.187500000000000000e-01
1.476562500000000000e+00
1.367187500000000000e+00
-9.726562500000000000e-01
3.491210937500000000e-02
-7.656250000000000000e-01
9.179687500000000000e-01
9.492187500000000000e-01
4.687500000000000000e-01
9.023437500000000000e-01
-1.273437500000000000e+00
-5.039062500000000000e-01
-1.242187500000000000e+00
-1.289062500000000000e+00
-2.294921875000000000e-01
-2.753906250000000000e-01
-1.156250000000000000e+00
1.726562500000000000e+00
-3.652343750000000000e-01
-2.519531250000000000e-01
4.746093750000000000e-01
1.156250000000000000e+00
-3.925781250000000000e-01
-5.781250000000000000e-01
1.492187500000000000e+00
-2.437500000000000000e+00
-4.765625000000000000e-01
-2.000000000000000000e+00
1.562500000000000000e+00
1.434326171875000000e-02
-1.335937500000000000e+00
-7.226562500000000000e-01
-3.066406250000000000e-01
4.843750000000000000e-01
1.898437500000000000e+00
-1.085937500000000000e+00
1.059570312500000000e-01
1.007812500000000000e+00
-2.750000000000000000e+00
-2.046875000000000000e+00
-1.318359375000000000e-01
1.054687500000000000e+00
-2.412109375000000000e-01
-2.812500000000000000e+00
-4.531250000000000000e-01
9.062500000000000000e-01
-2.578125000000000000e-01
-1.132812500000000000e+00
4.062500000000000000e+00
9.882812500000000000e-01
-4.418945312500000000e-02
2.140625000000000000e+00
-4.003906250000000000e-01
9.704589843750000000e-03
-5.742187500000000000e-01
7.812500000000000000e-01
-1.945312500000000000e+00
2.312500000000000000e+00
-2.390625000000000000e+00
1.023437500000000000e+00
-1.304687500000000000e+00
9.179687500000000000e-01
-1.687500000000000000e+00
-2.828125000000000000e+00
-1.020507812500000000e-01
2.001953125000000000e-01
-9.023437500000000000e-01
-5.351562500000000000e-01
1.320312500000000000e+00
-2.265625000000000000e+00
-6.523132324218750000e-04
2.343750000000000000e-01
1.937500000000000000e+00
3.833007812500000000e-02
2.519531250000000000e-01
-6.718750000000000000e-01
-5.078125000000000000e-01
-1.664062500000000000e+00
-2.558593750000000000e-01
9.492187500000000000e-01
1.696777343750000000e-02
-1.007812500000000000e+00
-4.882812500000000000e-03
2.390625000000000000e+00
-2.250000000000000000e+00
