6.750000000000000000e+00
-8.632812500000000000e-01
-3.140625000000000000e+00
3.750000000000000000e+00
-8.867187500000000000e-01
7.070312500000000000e-01
2.828125000000000000e+00
2.640625000000000000e+00
-2.187500000000000000e+00
-1.773437500000000000e+00
3.328125000000000000e+00
2.640625000000000000e+00
2.953125000000000000e+00
1.414062500000000000e+00
3.640625000000000000e+00
2.437500000000000000e+00
-2.796875000000000000e+00
2.828125000000000000e+00
6.750000000000000000e+00
-9.375000000000000000e-01
-8.320312500000000000e-01
1.875000000000000000e+00
-1.789062500000000000e+00
-1.664062500000000000e+00
3.250000000000000000e+00
2.562500000000000000e+00
-4.375000000000000000e-01
-9.375000000000000000e-01
6.210937500000000000e-01
-2.875000000000000000e+00
5.468750000000000000e+00
-6.835937500000000000e-01
4.250000000000000000e+00
-1.601562500000000000e+00
-4.160156250000000000e-01
-1.906250000000000000e+00
4.785156250000000000e-01
1.328125000000000000e-01
1.804687500000000000e+00
-2.250000000000000000e+00
-8.750000000000000000e-01
5.875000000000000000e+00
2.453125000000000000e+00
-1.710937500000000000e+00
-1.718750000000000000e+00
2.312500000000000000e+00
1.750000000000000000e+00
-6.718750000000000000e-01
8.750000000000000000e-01
4.406250000000000000e+00
-2.353515625000000000e-01
-1.656250000000000000e+00
1.109375000000000000e+00
-2.750000000000000000e+00
4.187500000000000000e+00
4.937500000000000000e+00
-1.882812500000000000e+00
3.453125000000000000e+00
7.500000000000000000e-01
2.687500000000000000e+00
-1.617187500000000000e+00
2.171875000000000000e+00
5.351562500000000000e-01
5.000000000000000000e+00
3.234375000000000000e+00
-9.570312500000000000e-01
4.812500000000000000e+00
-7.929687500000000000e-01
-3.979492187500000000e-02
1.226562500000000000e+00
-2.125000000000000000e+00
2.703125000000000000e+00
4.589843750000000000e-01
-2.937500000000000000e+00
1.718750000000000000e+00
-2.421875000000000000e+00
5.187500000000000000e+00
2.187500000000000000e+00
4.625000000000000000e+00
8.398437500000000000e-01
3.250000000000000000e+00
3.062500000000000000e+00
-2.328125000000000000e+00
-1.500000000000000000e+00
-4.125000000000000000e+00
1.414062500000000000e+00
5.000000000000000000e+00
4.531250000000000000e+00
2.281250000000000000e+00
-2.171875000000000000e+00
-1.015625000000000000e+00
1.625000000000000000e+00
-4.843750000000000000e+00
1.884765625000000000e-01
-8.789062500000000000e-01
-2.578125000000000000e+00
9.312500000000000000e+00
3.250000000000000000e+00
1.787109375000000000e-01
1.375000000000000000e+00
5.281250000000000000e+00
-1.617187500000000000e+00
-2.484375000000000000e+00
1.851562500000000000e+00
5.843750000000000000e+00
5.031250000000000000e+00
-2.968750000000000000e-01
1.882812500000000000e+00
-1.148437500000000000e+00
-5.351562500000000000e-01
6.093750000000000000e+00
-1.210937500000000000e+00
7.187500000000000000e-01
-2.250000000000000000e+00
-1.460937500000000000e+00
5.000000000000000000e+00
-1.593750000000000000e+00
-2.140625000000000000e+00
-1.320312500000000000e+00
-8.789062500000000000e-01
-2.625000000000000000e+00
-9.218750000000000000e-01
-8.750000000000000000e-01
3.671875000000000000e+00
1.781250000000000000e+00
2.734375000000000000e+00
3.578125000000000000e+00
6.593750000000000000e+00
4.125000000000000000e+00
1.539062500000000000e+00
1.476562500000000000e+00
-1.088867187500000000e-01
2.546875000000000000e+00
-2.046875000000000000e+00
1.664062500000000000e+00
-1.414062500000000000e+00
-3.496093750000000000e-01
4.750000000000000000e+00
3.609375000000000000e+00
-2.921875000000000000e+00
-2.910156250000000000e-01
1.203125000000000000e+00
4.937500000000000000e+00
2.312500000000000000e+00
4.125000000000000000e+00
-1.695312500000000000e+00
6.156250000000000000e+00
-1.632812500000000000e+00
4.468750000000000000e+00
4.531250000000000000e+00
6.750000000000000000e+00
-1.101562500000000000e+00
-1.687500000000000000e+00
9.648437500000000000e-01
-1.234375000000000000e+00
2.234375000000000000e+00
-1.820312500000000000e+00
-1.070312500000000000e+00
6.494140625000000000e-02
-1.164062500000000000e+00
-5.195312500000000000e-01
6.835937500000000000e-01
2.453125000000000000e+00
-1.455078125000000000e-01
2.177734375000000000e-01
5.906250000000000000e+00
-2.015625000000000000e+00
-3.637695312500000000e-02
2.093750000000000000e+00
-2.609375000000000000e+00
2.265625000000000000e+00
-1.750000000000000000e+00
5.343750000000000000e+00
4.656250000000000000e+00
-3.066406250000000000e-01
4.656250000000000000e+00
6.601562500000000000e-01
3.421875000000000000e+00
7.304687500000000000e-01
3.671875000000000000e+00
3.562500000000000000e+00
4.593750000000000000e+00
-7.695312500000000000e-01
-7.929687500000000000e-01
4.375000000000000000e-01
6.625000000000000000e+00
2.703125000000000000e+00
9.960937500000000000e-01
-1.593750000000000000e+00
1.937500000000000000e+00
3.734375000000000000e+00
-1.210937500000000000e+00
4.187500000000000000e+00
5.156250000000000000e+00
2.890625000000000000e+00
4.093750000000000000e+00
8.154296875000000000e-02
3.937500000000000000e+00
-1.148437500000000000e+00
-7.500000000000000000e-01
1.148437500000000000e+00
4.656250000000000000e+00
-5.585937500000000000e-01
-9.335937500000000000e-01
5.742187500000000000e-01
4.843750000000000000e+00
-2.171875000000000000e+00
-1.648437500000000000e+00
3.953125000000000000e+00
3.875000000000000000e+00
-1.500000000000000000e+00
4.218750000000000000e+00
-1.710937500000000000e+00
2.203125000000000000e+00
-6.679687500000000000e-01
6.875000000000000000e+00
4.875000000000000000e+00
3.625000000000000000e+00
-6.250000000000000000e-02
4.375000000000000000e+00
-1.257812500000000000e+00
5.039062500000000000e-01
1.914062500000000000e+00
-3.925781250000000000e-01
7.617187500000000000e-01
-2.453125000000000000e+00
-1.023437500000000000e+00
-1.320312500000000000e+00
1.648437500000000000e+00
2.328125000000000000e+00
-1.335937500000000000e+00
7.093750000000000000e+00
4.812500000000000000e+00
2.470703125000000000e-01
-5.078125000000000000e-01
-1.125000000000000000e+00
-1.039062500000000000e+00
3.078125000000000000e+00
-3.421875000000000000e+00
-8.554687500000000000e-01
4.281250000000000000e+00
5.468750000000000000e-02
-2.750000000000000000e+00
1.195312500000000000e+00
5.346679687500000000e-02
-7.070312500000000000e-01
5.834960937500000000e-02
-4.628906250000000000e-01
-9.257812500000000000e-01
-1.343750000000000000e+00
2.046875000000000000e+00
-2.484375000000000000e+00
7.031250000000000000e+00
-1.601562500000000000e+00
3.421875000000000000e+00
1.687500000000000000e+00
-2.578125000000000000e+00
-3.453125000000000000e+00
-9.726562500000000000e-01
-9.687500000000000000e-01
-2.375000000000000000e+00
-1.812500000000000000e+00
-1.585937500000000000e+00
-2.558593750000000000e-01
1.500000000000000000e+00
3.769531250000000000e-01
-2.078125000000000000e+00
-6.484375000000000000e-01
2.695312500000000000e-01
-9.960937500000000000e-01
-1.281250000000000000e+00
-4.550781250000000000e-01
-1.593750000000000000e+00
3.171875000000000000e+00
-1.148437500000000000e+00
9.804687500000000000e-01
4.625000000000000000e+00
4.718750000000000000e+00
3.500000000000000000e+00
4.562500000000000000e+00
3.640625000000000000e+00
-8.164062500000000000e-01
-7.304687500000000000e-01
-1.218750000000000000e+00
-1.689453125000000000e-01
-7.929687500000000000e-01
2.203125000000000000e+00
2.765625000000000000e+00
-1.414062500000000000e+00
-1.929687500000000000e+00
2.015625000000000000e+00
3.125000000000000000e+00
-3.750000000000000000e+00
1.375000000000000000e+00
-1.750000000000000000e+00
3.796875000000000000e+00
3.296875000000000000e+00
-6.132812500000000000e-01
3.375000000000000000e+00
1.218750000000000000e+00
1.257812500000000000e+00
1.147460937500000000e-01
7.000000000000000000e+00
5.031250000000000000e+00
3.078125000000000000e+00
3.546875000000000000e+00
-1.195312500000000000e+00
4.093750000000000000e+00
5.117187500000000000e-01
-3.339843750000000000e-01
3.046875000000000000e+00
-3.652343750000000000e-01
1.328125000000000000e+00
4.093750000000000000e+00
2.609375000000000000e+00
-2.390625000000000000e+00
-1.625000000000000000e+00
4.343750000000000000e+00
3.078125000000000000e+00
-1.812500000000000000e+00
-2.890625000000000000e+00
3.328125000000000000e+00
4.531250000000000000e+00
1.695312500000000000e+00
-6.250000000000000000e-01
-1.914062500000000000e+00
1.298828125000000000e-01
9.619140625000000000e-02
1.789062500000000000e+00
-2.750000000000000000e+00
1.914062500000000000e+00
2.828125000000000000e+00
3.250000000000000000e+00
2.203125000000000000e+00
-3.546875000000000000e+00
-7.304687500000000000e-01
3.250122070312500000e-03
4.093750000000000000e+00
4.609375000000000000e-01
-1.539062500000000000e+00
-1.726562500000000000e+00
4.218750000000000000e+00
2.921875000000000000e+00
3.234375000000000000e+00
-1.320312500000000000e+00
5.656250000000000000e+00
4.316406250000000000e-01
9.179687500000000000e-01
-1.375000000000000000e+00
-7.500000000000000000e-01
-1.773437500000000000e+00
3.453125000000000000e+00
-7.470703125000000000e-02
5.000000000000000000e+00
-1.132812500000000000e+00
1.070312500000000000e+00
-4.433593750000000000e-01
1.101562500000000000e+00
-1.773437500000000000e+00
-1.601562500000000000e+00
-7.812500000000000000e-01
-1.296875000000000000e+00
1.982421875000000000e-01
4.343750000000000000e+00
2.140625000000000000e+00
-5.078125000000000000e-01
2.796875000000000000e+00
-1.625000000000000000e+00
-3.312500000000000000e+00
3.953125000000000000e+00
4.031250000000000000e+00
-1.179687500000000000e+00
3.125000000000000000e+00
6.781250000000000000e+00
-4.941406250000000000e-01
3.453125000000000000e+00
-2.171875000000000000e+00
2.046875000000000000e+00
5.156250000000000000e-01
-9.843750000000000000e-01
-2.750000000000000000e+00
4.000000000000000000e+00
-6.601562500000000000e-01
4.281250000000000000e+00
