-1.648437500000000000e+00
7.812500000000000000e-01
-7.812500000000000000e-01
2.773437500000000000e-01
3.437500000000000000e-01
1.289062500000000000e+00
1.796875000000000000e-01
1.533203125000000000e-01
-1.435546875000000000e-01
-6.250000000000000000e-02
2.871093750000000000e-01
-5.468750000000000000e-02
9.375000000000000000e-01
-3.750000000000000000e-01
-1.337890625000000000e-01
-1.225585937500000000e-01
7.031250000000000000e-01
7.958984375000000000e-02
8.398437500000000000e-01
-1.750000000000000000e+00
-2.392578125000000000e-01
3.625000000000000000e+00
-4.218750000000000000e+00
1.992187500000000000e-01
1.308593750000000000e-01
-3.066406250000000000e-01
-1.617187500000000000e+00
3.730468750000000000e-01
-8.007812500000000000e-01
1.943359375000000000e-01
6.562500000000000000e-01
2.000000000000000000e+00
4.082031250000000000e-01
-1.156250000000000000e+00
-1.679687500000000000e-01
-4.609375000000000000e-01
1.945312500000000000e+00
-1.632812500000000000e+00
-1.406250000000000000e-01
-1.507812500000000000e+00
5.273437500000000000e-01
6.171875000000000000e-01
-6.054687500000000000e-01
1.484375000000000000e-01
5.664062500000000000e-01
8.164062500000000000e-01
2.392578125000000000e-01
-8.945312500000000000e-01
1.257812500000000000e+00
4.843750000000000000e-01
-1.179687500000000000e+00
-7.343750000000000000e-01
2.484375000000000000e+00
8.593750000000000000e-01
3.183593750000000000e-01
4.375000000000000000e-01
-1.257812500000000000e+00
-2.921875000000000000e+00
1.245117187500000000e-01
-7.568359375000000000e-02
-1.585937500000000000e+00
3.847656250000000000e-01
-1.203125000000000000e+00
7.539062500000000000e-01
6.992187500000000000e-01
-1.495361328125000000e-02
4.028320312500000000e-02
-5.981445312500000000e-02
-9.101562500000000000e-01
-9.101562500000000000e-01
8.056640625000000000e-02
-2.001953125000000000e-01
-1.023437500000000000e+00
-1.648437500000000000e+00
2.187500000000000000e+00
6.250000000000000000e-01
4.921875000000000000e-01
7.695312500000000000e-01
4.746093750000000000e-01
3.652343750000000000e-01
1.937500000000000000e+00
1.835937500000000000e-01
5.078125000000000000e-01
8.593750000000000000e-02
-1.437500000000000000e+00
8.242187500000000000e-01
1.030273437500000000e-01
2.343750000000000000e-01
1.992187500000000000e-01
2.597656250000000000e-01
-9.570312500000000000e-01
-2.792968750000000000e-01
3.906250000000000000e-02
-1.054687500000000000e+00
2.296875000000000000e+00
4.160156250000000000e-01
-9.960937500000000000e-01
5.346679687500000000e-02
-9.882812500000000000e-01
1.085937500000000000e+00
5.742187500000000000e-01
-1.669921875000000000e-01
-8.837890625000000000e-02
2.015625000000000000e+00
7.617187500000000000e-01
3.437500000000000000e-01
-4.707031250000000000e-01
2.078125000000000000e+00
-2.460937500000000000e-01
-1.398437500000000000e+00
4.628906250000000000e-01
-7.373046875000000000e-02
1.710937500000000000e+00
7.421875000000000000e-02
2.226562500000000000e-01
5.156250000000000000e-01
1.929687500000000000e+00
-1.689453125000000000e-01
-3.437500000000000000e-01
2.451171875000000000e-01
-2.832031250000000000e-01
-4.355468750000000000e-01
9.375000000000000000e-02
4.956054687500000000e-02
1.320312500000000000e+00
5.737304687500000000e-02
8.007812500000000000e-01
8.750000000000000000e-01
3.613281250000000000e-01
9.765625000000000000e-02
1.976562500000000000e+00
-2.373046875000000000e-01
3.105468750000000000e-01
-4.062500000000000000e-01
1.718750000000000000e-01
1.562500000000000000e-02
-9.492187500000000000e-01
-1.455078125000000000e-01
4.941406250000000000e-01
-8.710937500000000000e-01
-1.492187500000000000e+00
1.945312500000000000e+00
5.000000000000000000e-01
-7.666015625000000000e-02
5.156250000000000000e-01
3.515625000000000000e-01
-1.070312500000000000e+00
-1.367187500000000000e+00
3.417968750000000000e-01
4.355468750000000000e-01
-1.351562500000000000e+00
3.906250000000000000e-01
-2.177734375000000000e-01
-2.871093750000000000e-01
5.468750000000000000e-02
-2.687500000000000000e+00
-4.628906250000000000e-01
-8.554687500000000000e-01
4.746093750000000000e-01
-9.570312500000000000e-01
-1.234375000000000000e+00
-1.351562500000000000e+00
1.494140625000000000e-01
-8.398437500000000000e-01
-1.687500000000000000e+00
5.742187500000000000e-01
-1.494140625000000000e-01
1.406250000000000000e-01
2.312500000000000000e+00
5.273437500000000000e-01
-1.523437500000000000e-01
-2.138671875000000000e-01
7.539062500000000000e-01
2.753906250000000000e-01
6.787109375000000000e-02
3.671875000000000000e-01
-1.054687500000000000e+00
1.531250000000000000e+00
2.015625000000000000e+00
2.812500000000000000e-01
-1.507812500000000000e+00
3.359375000000000000e-01
-4.589843750000000000e-01
-1.468750000000000000e+00
-7.382812500000000000e-01
1.148437500000000000e+00
2.968750000000000000e-01
3.378906250000000000e-01
9.179687500000000000e-01
2.695312500000000000e-01
5.820312500000000000e-01
-5.507812500000000000e-01
2.656250000000000000e-01
4.531250000000000000e-01
-1.030273437500000000e-01
-2.031250000000000000e+00
4.980468750000000000e-01
-1.773437500000000000e+00
-7.617187500000000000e-01
1.455078125000000000e-01
4.062500000000000000e-01
-2.078125000000000000e+00
1.118164062500000000e-01
-2.714843750000000000e-01
4.433593750000000000e-01
2.597656250000000000e-01
-4.628906250000000000e-01
-3.925781250000000000e-01
1.455078125000000000e-01
-1.328125000000000000e-01
-1.023437500000000000e+00
2.753906250000000000e-01
2.636718750000000000e-01
8.554687500000000000e-01
-8.632812500000000000e-01
4.433593750000000000e-01
-1.007812500000000000e+00
1.069335937500000000e-01
-2.000000000000000000e+00
-2.515625000000000000e+00
-1.069335937500000000e-01
5.625000000000000000e-01
-1.533203125000000000e-01
1.300048828125000000e-02
-3.062500000000000000e+00
-1.357421875000000000e-01
-1.078125000000000000e+00
-3.691406250000000000e-01
-2.140625000000000000e+00
1.179687500000000000e+00
1.210937500000000000e-01
-1.125000000000000000e+00
3.105468750000000000e-01
-4.628906250000000000e-01
-1.357421875000000000e-01
2.265625000000000000e-01
-1.773437500000000000e+00
2.773437500000000000e-01
-6.132812500000000000e-01
-5.351562500000000000e-01
4.531250000000000000e-01
1.976562500000000000e+00
1.117187500000000000e+00
-8.593750000000000000e-01
-1.562500000000000000e+00
-1.562500000000000000e+00
-1.398437500000000000e+00
1.304626464843750000e-03
-1.062500000000000000e+00
8.056640625000000000e-02
-3.375000000000000000e+00
-2.597656250000000000e-01
-1.000000000000000000e+00
1.953125000000000000e-01
3.593750000000000000e-01
1.015625000000000000e+00
-7.343750000000000000e-01
4.375000000000000000e-01
-5.273437500000000000e-01
-1.117187500000000000e+00
-1.437500000000000000e+00
-9.257812500000000000e-01
-2.753906250000000000e-01
-9.687500000000000000e-01
8.154296875000000000e-02
7.929687500000000000e-01
-6.250000000000000000e-01
-1.695312500000000000e+00
-1.179687500000000000e+00
-1.718750000000000000e-01
-4.687500000000000000e-02
-9.179687500000000000e-01
-5.468750000000000000e-01
1.718750000000000000e-01
-2.558593750000000000e-01
-5.664062500000000000e-01
3.964843750000000000e-01
-2.031250000000000000e+00
5.742187500000000000e-01
1.484375000000000000e-01
-8.945312500000000000e-01
-4.609375000000000000e-01
-5.703125000000000000e-01
4.921875000000000000e-01
2.373046875000000000e-01
-1.640625000000000000e-01
-7.275390625000000000e-02
2.421875000000000000e-01
-8.984375000000000000e-02
-8.281250000000000000e-01
9.570312500000000000e-01
2.187500000000000000e-01
-1.007812500000000000e+00
-4.218750000000000000e-01
4.902343750000000000e-01
2.412109375000000000e-01
1.484375000000000000e-01
3.906250000000000000e-01
4.042968750000000000e-01
1.186523437500000000e-01
1.820312500000000000e+00
1.273437500000000000e+00
2.087402343750000000e-02
6.875000000000000000e-01
-2.343750000000000000e-01
1.304687500000000000e+00
8.593750000000000000e-02
4.316406250000000000e-01
1.304687500000000000e+00
-9.062500000000000000e-01
-6.127929687500000000e-02
-1.585937500000000000e+00
-5.737304687500000000e-02
1.708984375000000000e-01
2.431640625000000000e-01
-1.210937500000000000e+00
3.750000000000000000e-01
2.158203125000000000e-01
2.060546875000000000e-01
-2.988281250000000000e-01
2.001953125000000000e-01
2.216796875000000000e-01
1.904296875000000000e-01
1.789062500000000000e+00
-3.187500000000000000e+00
-7.031250000000000000e-01
-1.875000000000000000e+00
7.851562500000000000e-01
3.984375000000000000e-01
-1.460937500000000000e+00
-4.160156250000000000e-01
7.666015625000000000e-02
1.054687500000000000e+00
2.109375000000000000e+00
-1.203125000000000000e+00
-1.320312500000000000e+00
2.890625000000000000e-01
-2.671875000000000000e+00
-1.976562500000000000e+00
1.367187500000000000e+00
1.015625000000000000e-01
4.687500000000000000e-01
-1.593750000000000000e+00
-6.787109375000000000e-02
-9.912109375000000000e-02
5.312500000000000000e-01
-1.507812500000000000e+00
3.625000000000000000e+00
-7.812500000000000000e-02
-5.000000000000000000e-01
6.250000000000000000e-01
-2.868652343750000000e-02
-2.792968750000000000e-01
1.250000000000000000e-01
2.558593750000000000e-01
-1.625000000000000000e+00
1.914062500000000000e+00
-2.296875000000000000e+00
3.437500000000000000e-01
-3.296875000000000000e+00
-7.812500000000000000e-03
-1.562500000000000000e+00
-3.500000000000000000e+00
5.664062500000000000e-01
8.750000000000000000e-01
-1.062500000000000000e+00
-3.300781250000000000e-01
1.728515625000000000e-01
-2.281250000000000000e+00
6.054687500000000000e-01
5.273437500000000000e-01
4.902343750000000000e-01
7.031250000000000000e-01
1.054687500000000000e+00
-5.078125000000000000e-01
-1.818847656250000000e-02
-4.667968750000000000e-01
8.984375000000000000e-02
3.515625000000000000e-01
-3.925781250000000000e-01
-1.007812500000000000e+00
4.355468750000000000e-01
1.226562500000000000e+00
-1.562500000000000000e+00
