4.400000000000000000e+01
-2.375000000000000000e+00
-7.656250000000000000e+00
1.450000000000000000e+01
-1.585937500000000000e+00
-1.445312500000000000e+00
9.062500000000000000e+00
1.093750000000000000e+01
-5.593750000000000000e+00
-3.140625000000000000e+00
1.012500000000000000e+01
5.593750000000000000e+00
5.500000000000000000e+00
4.000000000000000000e+00
1.381250000000000000e+01
9.500000000000000000e+00
-1.131250000000000000e+01
1.056250000000000000e+01
3.875000000000000000e+01
-2.359375000000000000e+00
-1.726562500000000000e+00
4.785156250000000000e-01
2.162500000000000000e+01
-4.093750000000000000e+00
1.181250000000000000e+01
1.125000000000000000e+01
1.987500000000000000e+01
-1.437500000000000000e+00
1.476562500000000000e+00
-8.687500000000000000e+00
2.387500000000000000e+01
-9.062500000000000000e+00
1.568750000000000000e+01
-5.062500000000000000e+00
-7.148437500000000000e-01
-4.250000000000000000e+00
-9.062500000000000000e-01
1.523437500000000000e+00
1.068750000000000000e+01
-8.375000000000000000e+00
-2.390625000000000000e+00
2.287500000000000000e+01
4.625000000000000000e+00
-6.781250000000000000e+00
-1.476562500000000000e+00
5.906250000000000000e+00
3.859375000000000000e+00
-6.531250000000000000e+00
-9.570312500000000000e-01
2.237500000000000000e+01
-6.406250000000000000e-01
-2.375000000000000000e+00
-2.500000000000000000e+00
-8.250000000000000000e+00
1.637500000000000000e+01
2.950000000000000000e+01
-9.937500000000000000e+00
3.825000000000000000e+01
7.070312500000000000e-01
9.812500000000000000e+00
-2.625000000000000000e+00
4.437500000000000000e+00
1.710937500000000000e+00
1.687500000000000000e+01
6.906250000000000000e+00
-6.093750000000000000e+00
2.150000000000000000e+01
-3.500000000000000000e+00
-1.226562500000000000e+00
-3.000000000000000000e+00
-2.515625000000000000e+00
4.593750000000000000e+00
-2.001953125000000000e-01
-9.687500000000000000e+00
-1.007812500000000000e+00
-1.131250000000000000e+01
1.650000000000000000e+01
5.218750000000000000e+00
1.475000000000000000e+01
1.992187500000000000e+00
6.406250000000000000e+00
1.218750000000000000e+01
-4.718750000000000000e+00
-4.562500000000000000e+00
-1.181250000000000000e+01
1.804687500000000000e+00
3.200000000000000000e+01
1.950000000000000000e+01
9.625000000000000000e+00
-2.031250000000000000e+00
-3.750000000000000000e+00
-1.437500000000000000e+00
-1.637500000000000000e+01
7.382812500000000000e-01
-7.093750000000000000e+00
-6.906250000000000000e+00
4.900000000000000000e+01
1.256250000000000000e+01
2.125000000000000000e+00
1.179687500000000000e+00
2.850000000000000000e+01
-2.078125000000000000e+00
-6.968750000000000000e+00
2.937500000000000000e+00
2.637500000000000000e+01
1.737500000000000000e+01
-1.750000000000000000e+00
2.250000000000000000e+00
-1.710937500000000000e+00
-1.632812500000000000e+00
2.400000000000000000e+01
-4.093750000000000000e+00
-2.953125000000000000e+00
-6.406250000000000000e+00
-2.640625000000000000e+00
1.500000000000000000e+01
-1.725000000000000000e+01
-6.656250000000000000e+00
-2.125000000000000000e+00
-2.437500000000000000e+00
-6.281250000000000000e+00
-2.236328125000000000e-01
-4.750000000000000000e+00
1.150000000000000000e+01
1.226562500000000000e+00
1.375000000000000000e+01
9.750000000000000000e+00
2.900000000000000000e+01
1.550000000000000000e+01
1.132812500000000000e+00
-5.312500000000000000e-01
-9.000000000000000000e+00
8.250000000000000000e+00
-4.625000000000000000e+00
2.837500000000000000e+01
-5.218750000000000000e+00
-1.476562500000000000e+00
2.187500000000000000e+01
9.500000000000000000e+00
-6.000000000000000000e+00
7.773437500000000000e-01
-3.421875000000000000e+00
1.687500000000000000e+01
8.250000000000000000e+00
1.400000000000000000e+01
-4.125000000000000000e+00
3.375000000000000000e+01
-5.156250000000000000e+00
1.737500000000000000e+01
1.500000000000000000e+01
4.175000000000000000e+01
-3.125000000000000000e+00
-3.812500000000000000e+00
6.093750000000000000e+00
-2.140625000000000000e+00
2.687500000000000000e+01
-5.281250000000000000e+00
-1.976562500000000000e+00
2.158203125000000000e-01
-2.734375000000000000e+00
-1.007812500000000000e+00
1.075000000000000000e+01
9.187500000000000000e+00
1.925000000000000000e+01
9.062500000000000000e-01
2.437500000000000000e+01
-3.390625000000000000e+00
-8.837890625000000000e-02
2.765625000000000000e+00
-7.968750000000000000e+00
5.375000000000000000e+00
-4.406250000000000000e+00
1.787500000000000000e+01
1.887500000000000000e+01
-3.953125000000000000e+00
1.612500000000000000e+01
1.695312500000000000e+00
8.500000000000000000e+00
-8.447265625000000000e-02
1.400000000000000000e+01
2.550000000000000000e+01
1.800000000000000000e+01
-7.343750000000000000e+00
-3.250000000000000000e+00
-4.656250000000000000e+00
2.837500000000000000e+01
7.531250000000000000e+00
2.125000000000000000e+00
-2.500000000000000000e+00
5.156250000000000000e+00
1.318750000000000000e+01
-2.500000000000000000e+00
1.862500000000000000e+01
1.662500000000000000e+01
9.062500000000000000e+00
3.375000000000000000e+01
-2.451171875000000000e-01
3.725000000000000000e+01
-2.015625000000000000e+00
-1.437500000000000000e+00
2.609375000000000000e+00
3.100000000000000000e+01
-2.312500000000000000e+00
-2.875000000000000000e+00
5.078125000000000000e-01
2.337500000000000000e+01
-1.225000000000000000e+01
-4.250000000000000000e+00
1.450000000000000000e+01
1.762500000000000000e+01
-2.812500000000000000e+00
1.837500000000000000e+01
-2.750000000000000000e+00
4.968750000000000000e+00
-7.187500000000000000e-01
2.812500000000000000e+01
2.750000000000000000e+01
1.175000000000000000e+01
-9.187500000000000000e+00
3.900000000000000000e+01
-2.625000000000000000e+00
1.414062500000000000e+00
5.500000000000000000e+00
-1.257812500000000000e+00
2.637500000000000000e+01
-6.281250000000000000e+00
-2.750000000000000000e+00
-2.796875000000000000e+00
2.062500000000000000e+01
4.406250000000000000e+00
-4.718750000000000000e+00
3.900000000000000000e+01
3.450000000000000000e+01
-9.375000000000000000e-02
-7.343750000000000000e-01
-1.117187500000000000e+00
-3.921875000000000000e+00
9.250000000000000000e+00
-9.687500000000000000e+00
-3.125000000000000000e-01
1.150000000000000000e+01
-1.937500000000000000e+00
-1.937500000000000000e+01
5.593750000000000000e+00
-1.225585937500000000e-01
-9.804687500000000000e-01
2.171875000000000000e+00
-8.554687500000000000e-01
-1.976562500000000000e+00
-1.875000000000000000e+00
3.625000000000000000e+01
-6.468750000000000000e+00
4.000000000000000000e+01
-2.578125000000000000e+00
1.031250000000000000e+01
3.421875000000000000e+00
-5.718750000000000000e+00
-1.118750000000000000e+01
-4.593750000000000000e+00
-3.500000000000000000e+00
-7.656250000000000000e+00
-9.812500000000000000e+00
-2.390625000000000000e+00
-4.941406250000000000e-01
-8.632812500000000000e-01
-2.868652343750000000e-02
-6.656250000000000000e+00
-1.507812500000000000e+00
4.687500000000000000e-01
-1.523437500000000000e+00
-3.671875000000000000e+00
-6.679687500000000000e-01
-3.750000000000000000e+00
1.100000000000000000e+01
-3.046875000000000000e+00
1.887500000000000000e+01
1.850000000000000000e+01
3.700000000000000000e+01
1.100000000000000000e+01
2.037500000000000000e+01
1.550000000000000000e+01
-1.164062500000000000e+00
-6.718750000000000000e+00
-2.328125000000000000e+00
-3.421875000000000000e+00
-1.898437500000000000e+00
1.168750000000000000e+01
8.937500000000000000e+00
-3.953125000000000000e+00
-4.625000000000000000e+00
3.078125000000000000e+00
1.012500000000000000e+01
-1.100000000000000000e+01
7.568359375000000000e-02
-3.250000000000000000e+00
1.037500000000000000e+01
1.475000000000000000e+01
-6.218750000000000000e+00
1.350000000000000000e+01
2.546875000000000000e+00
1.726562500000000000e+00
-4.500000000000000000e+00
3.425000000000000000e+01
1.775000000000000000e+01
1.400000000000000000e+01
8.562500000000000000e+00
-1.968750000000000000e+00
3.062500000000000000e+01
-5.117187500000000000e-01
-1.664062500000000000e+00
1.268750000000000000e+01
-2.171875000000000000e+00
-2.078125000000000000e+00
1.550000000000000000e+01
8.187500000000000000e+00
-6.218750000000000000e+00
-1.687500000000000000e+00
2.050000000000000000e+01
1.331250000000000000e+01
-4.218750000000000000e+00
-5.656250000000000000e+00
1.531250000000000000e+01
1.450000000000000000e+01
2.328125000000000000e+00
1.531250000000000000e+01
-5.031250000000000000e+00
2.312500000000000000e+00
-4.562500000000000000e+00
4.250000000000000000e+00
-7.343750000000000000e+00
5.281250000000000000e+00
6.281250000000000000e+00
9.750000000000000000e+00
3.062500000000000000e+00
-8.187500000000000000e+00
2.437500000000000000e+01
-1.757812500000000000e+00
3.775000000000000000e+01
7.656250000000000000e+00
-7.250000000000000000e+00
-1.851562500000000000e+00
1.431250000000000000e+01
9.937500000000000000e+00
1.400000000000000000e+01
-2.609375000000000000e+00
2.112500000000000000e+01
-2.000000000000000000e+00
-7.406250000000000000e+00
-2.484375000000000000e+00
3.984375000000000000e+00
-2.921875000000000000e+00
1.637500000000000000e+01
-3.109375000000000000e+00
2.450000000000000000e+01
-4.281250000000000000e+00
1.231250000000000000e+01
-8.937500000000000000e+00
1.900000000000000000e+01
-6.250000000000000000e+00
1.962500000000000000e+01
-2.640625000000000000e+00
-3.734375000000000000e+00
2.300000000000000000e+01
1.912500000000000000e+01
4.781250000000000000e+00
-1.960937500000000000e+00
1.350000000000000000e+01
-2.796875000000000000e+00
-8.812500000000000000e+00
1.400000000000000000e+01
1.862500000000000000e+01
-1.679687500000000000e+00
9.000000000000000000e+00
3.137500000000000000e+01
-3.046875000000000000e+00
1.181250000000000000e+01
-8.500000000000000000e+00
5.843750000000000000e+00
3.078125000000000000e+00
-1.531250000000000000e+00
-7.000000000000000000e+00
1.543750000000000000e+01
-8.437500000000000000e+00
3.012500000000000000e+01
