-5.039062500000000000e-01
-9.648437500000000000e-01
-1.242187500000000000e+00
1.078125000000000000e+00
6.445312500000000000e-01
2.296875000000000000e+00
1.414062500000000000e+00
1.007812500000000000e+00
-1.031250000000000000e+00
-4.765625000000000000e-01
1.406250000000000000e+00
1.085937500000000000e+00
1.601562500000000000e+00
5.742187500000000000e-01
1.015625000000000000e+00
7.382812500000000000e-01
6.523437500000000000e-01
9.335937500000000000e-01
1.242187500000000000e+00
-2.296875000000000000e+00
6.562500000000000000e-01
3.812500000000000000e+00
-3.812500000000000000e+00
-6.250000000000000000e-02
9.492187500000000000e-01
2.373046875000000000e-01
-1.593750000000000000e+00
8.320312500000000000e-01
-6.835937500000000000e-01
-5.937500000000000000e-01
1.375000000000000000e+00
3.125000000000000000e+00
1.296875000000000000e+00
-5.507812500000000000e-01
5.590820312500000000e-02
-7.929687500000000000e-01
2.484375000000000000e+00
-1.750000000000000000e+00
3.183593750000000000e-01
-2.359375000000000000e+00
1.242187500000000000e+00
1.687500000000000000e+00
-3.710937500000000000e-02
-1.845703125000000000e-01
4.589843750000000000e-01
1.812500000000000000e+00
1.250000000000000000e+00
-1.257812500000000000e+00
1.937500000000000000e+00
1.070312500000000000e+00
-1.101562500000000000e+00
-8.632812500000000000e-01
2.921875000000000000e+00
-3.222656250000000000e-01
1.132812500000000000e+00
8.554687500000000000e-01
-1.937500000000000000e+00
-2.546875000000000000e+00
-1.059570312500000000e-01
8.007812500000000000e-01
-2.250000000000000000e+00
1.015625000000000000e+00
-1.007812500000000000e+00
1.867187500000000000e+00
1.257812500000000000e+00
-2.353515625000000000e-01
8.789062500000000000e-01
-1.093750000000000000e+00
-1.179687500000000000e+00
1.476562500000000000e+00
-8.632812500000000000e-01
2.078125000000000000e+00
-9.179687500000000000e-01
-1.187500000000000000e+00
3.265625000000000000e+00
1.750000000000000000e+00
1.742187500000000000e+00
1.445312500000000000e+00
1.289062500000000000e+00
3.906250000000000000e-01
2.796875000000000000e+00
1.148437500000000000e+00
-1.468750000000000000e+00
-3.652343750000000000e-01
-2.390625000000000000e+00
2.453125000000000000e+00
1.179687500000000000e+00
1.117187500000000000e+00
1.007812500000000000e+00
1.718750000000000000e-01
-1.617187500000000000e+00
-2.197265625000000000e-01
-1.664062500000000000e+00
-8.476562500000000000e-01
2.484375000000000000e+00
-7.275390625000000000e-02
9.570312500000000000e-01
8.789062500000000000e-01
9.882812500000000000e-01
1.335937500000000000e+00
1.250000000000000000e+00
5.200195312500000000e-02
1.269531250000000000e-01
2.078125000000000000e+00
1.781250000000000000e+00
1.500000000000000000e+00
-7.617187500000000000e-01
2.234375000000000000e+00
1.953125000000000000e-02
-1.593750000000000000e+00
1.687500000000000000e+00
7.031250000000000000e-01
1.531250000000000000e+00
-2.500000000000000000e+00
-1.300048828125000000e-02
1.601562500000000000e+00
2.703125000000000000e+00
-1.414062500000000000e+00
-8.593750000000000000e-02
-3.066406250000000000e-01
-8.554687500000000000e-01
1.533203125000000000e-01
1.279296875000000000e-01
1.320312500000000000e+00
1.789062500000000000e+00
7.656250000000000000e-01
1.648437500000000000e+00
1.812500000000000000e+00
1.140625000000000000e+00
1.226562500000000000e+00
2.421875000000000000e+00
9.257812500000000000e-01
1.039062500000000000e+00
-5.781250000000000000e-01
-1.773437500000000000e+00
-1.660156250000000000e-01
-1.312500000000000000e+00
8.593750000000000000e-01
1.351562500000000000e+00
-1.960937500000000000e+00
-1.437500000000000000e+00
2.609375000000000000e+00
1.820312500000000000e+00
9.218750000000000000e-01
1.500000000000000000e+00
5.117187500000000000e-01
2.500000000000000000e-01
-1.039062500000000000e+00
1.257812500000000000e+00
1.593750000000000000e+00
-5.078125000000000000e-01
8.867187500000000000e-01
-4.687500000000000000e-01
6.992187500000000000e-01
3.066406250000000000e-01
-2.171875000000000000e+00
-5.507812500000000000e-01
-1.320312500000000000e+00
1.289062500000000000e+00
-5.346679687500000000e-02
-1.664062500000000000e+00
-2.203125000000000000e+00
8.945312500000000000e-01
-2.078125000000000000e+00
-1.820312500000000000e+00
1.570312500000000000e+00
-7.382812500000000000e-01
-3.046875000000000000e-01
2.703125000000000000e+00
-4.941406250000000000e-01
8.085937500000000000e-01
-1.289062500000000000e+00
1.898437500000000000e+00
1.101562500000000000e+00
2.353515625000000000e-01
1.109375000000000000e+00
-7.148437500000000000e-01
2.484375000000000000e+00
3.734375000000000000e+00
1.304687500000000000e+00
-6.875000000000000000e-01
1.375000000000000000e+00
-2.343750000000000000e-01
-1.851562500000000000e+00
-2.431640625000000000e-01
2.031250000000000000e+00
1.218750000000000000e+00
9.570312500000000000e-01
-1.539062500000000000e+00
1.062500000000000000e+00
1.531250000000000000e+00
-9.492187500000000000e-01
1.007812500000000000e+00
1.593750000000000000e+00
9.179687500000000000e-01
-1.343750000000000000e+00
4.511718750000000000e-01
-7.382812500000000000e-01
-8.125000000000000000e-01
2.177734375000000000e-01
9.492187500000000000e-01
-1.320312500000000000e+00
-8.642578125000000000e-02
4.082031250000000000e-01
8.554687500000000000e-01
9.882812500000000000e-01
-1.460937500000000000e+00
-2.080078125000000000e-01
9.492187500000000000e-01
6.484375000000000000e-01
-6.289062500000000000e-01
1.093750000000000000e+00
3.925781250000000000e-01
1.710937500000000000e+00
3.125000000000000000e-01
1.726562500000000000e+00
-4.199218750000000000e-01
1.375000000000000000e+00
1.343750000000000000e+00
-1.296875000000000000e+00
-5.625000000000000000e-01
8.593750000000000000e-01
4.941406250000000000e-01
-3.691406250000000000e-01
-2.687500000000000000e+00
-6.992187500000000000e-01
-1.820312500000000000e+00
-6.787109375000000000e-02
-1.562500000000000000e+00
2.265625000000000000e+00
-2.812500000000000000e-01
1.043701171875000000e-02
3.437500000000000000e-01
3.784179687500000000e-02
-8.476562500000000000e-01
4.375000000000000000e-01
-1.101562500000000000e+00
1.375000000000000000e+00
-1.562500000000000000e+00
6.396484375000000000e-02
1.414062500000000000e+00
1.789062500000000000e+00
2.703125000000000000e+00
8.632812500000000000e-01
-1.335937500000000000e+00
-1.664062500000000000e+00
-1.445312500000000000e+00
4.531250000000000000e-01
-1.664062500000000000e+00
3.066406250000000000e-01
-2.296875000000000000e+00
-6.992187500000000000e-01
6.875000000000000000e-01
-2.600097656250000000e-02
1.117187500000000000e+00
2.109375000000000000e+00
-1.156250000000000000e+00
-7.343750000000000000e-01
-4.785156250000000000e-01
4.433593750000000000e-01
-1.039062500000000000e+00
-2.171875000000000000e+00
-5.117187500000000000e-01
-4.472656250000000000e-01
6.757812500000000000e-01
9.843750000000000000e-01
-4.082031250000000000e-01
-1.773437500000000000e+00
-1.156250000000000000e+00
2.304687500000000000e-01
-2.392578125000000000e-01
-1.148437500000000000e+00
-2.060546875000000000e-01
9.882812500000000000e-01
-9.492187500000000000e-01
-1.054687500000000000e+00
1.289062500000000000e+00
-1.226562500000000000e+00
1.585937500000000000e+00
1.218750000000000000e+00
3.378906250000000000e-01
2.158203125000000000e-01
-1.625000000000000000e+00
-7.812500000000000000e-03
-1.187500000000000000e+00
-7.226562500000000000e-01
4.433593750000000000e-01
1.132812500000000000e+00
-1.164062500000000000e+00
-3.906250000000000000e-01
9.570312500000000000e-01
1.242187500000000000e+00
-3.500000000000000000e+00
-4.547119140625000000e-03
3.261718750000000000e-01
1.335937500000000000e+00
9.179687500000000000e-01
9.101562500000000000e-01
9.023437500000000000e-01
6.992187500000000000e-01
1.867187500000000000e+00
1.476562500000000000e+00
1.164062500000000000e+00
1.710937500000000000e+00
3.964843750000000000e-01
2.953125000000000000e+00
-5.195312500000000000e-01
6.367187500000000000e-01
1.140625000000000000e+00
-1.335937500000000000e+00
7.031250000000000000e-01
-6.992187500000000000e-01
2.990722656250000000e-02
1.195312500000000000e+00
1.320312500000000000e+00
-8.007812500000000000e-01
5.312500000000000000e-01
1.054687500000000000e+00
1.093750000000000000e+00
-4.707031250000000000e-01
-1.298828125000000000e-01
8.554687500000000000e-01
1.539062500000000000e+00
1.812500000000000000e+00
-3.140625000000000000e+00
-4.238281250000000000e-01
-1.398437500000000000e+00
1.140625000000000000e+00
1.289062500000000000e+00
-1.093750000000000000e+00
4.609375000000000000e-01
6.718750000000000000e-01
2.140625000000000000e+00
2.640625000000000000e+00
-1.976562500000000000e+00
-1.820312500000000000e+00
5.859375000000000000e-01
-1.867187500000000000e+00
-2.187500000000000000e+00
-1.781250000000000000e+00
-3.359375000000000000e-01
1.648437500000000000e+00
-1.335937500000000000e+00
4.843750000000000000e-01
-3.339843750000000000e-01
1.773437500000000000e+00
2.226562500000000000e-01
4.656250000000000000e+00
-1.043701171875000000e-02
-1.664062500000000000e+00
8.593750000000000000e-01
6.835937500000000000e-01
5.312500000000000000e-01
8.437500000000000000e-01
4.472656250000000000e-01
-2.000000000000000000e+00
2.953125000000000000e+00
-1.851562500000000000e+00
-1.108398437500000000e-01
-3.140625000000000000e+00
6.015625000000000000e-01
-2.609375000000000000e+00
-2.875000000000000000e+00
1.250000000000000000e+00
1.289062500000000000e+00
-8.164062500000000000e-01
6.484375000000000000e-01
-1.300048828125000000e-02
-2.203125000000000000e+00
1.476562500000000000e+00
1.289062500000000000e+00
8.750000000000000000e-01
1.476562500000000000e+00
1.929687500000000000e+00
2.617187500000000000e-01
1.117187500000000000e+00
-2.359375000000000000e+00
8.242187500000000000e-01
1.210937500000000000e+00
-7.695312500000000000e-01
-9.218750000000000000e-01
1.468750000000000000e+00
1.851562500000000000e+00
-1.007812500000000000e+00
