1.572265625000000000e-01
-8.320312500000000000e-01
-2.078125000000000000e+00
1.742187500000000000e+00
-1.787109375000000000e-01
2.234375000000000000e+00
2.046875000000000000e+00
1.382812500000000000e+00
-1.398437500000000000e+00
-1.460937500000000000e+00
1.976562500000000000e+00
1.718750000000000000e+00
2.187500000000000000e+00
8.476562500000000000e-01
1.804687500000000000e+00
1.179687500000000000e+00
-3.652343750000000000e-01
1.351562500000000000e+00
9.960937500000000000e-01
-1.804687500000000000e+00
-6.030273437500000000e-02
3.203125000000000000e+00
-4.656250000000000000e+00
-1.070312500000000000e+00
1.492187500000000000e+00
8.320312500000000000e-01
-2.828125000000000000e+00
-6.875000000000000000e-01
-2.597656250000000000e-01
-1.437500000000000000e+00
2.062500000000000000e+00
2.562500000000000000e+00
1.812500000000000000e+00
-4.433593750000000000e-01
2.236328125000000000e-01
-1.750000000000000000e+00
1.929687500000000000e+00
-1.218750000000000000e+00
5.898437500000000000e-01
-2.000000000000000000e+00
-8.251953125000000000e-02
2.656250000000000000e+00
1.070312500000000000e+00
-7.617187500000000000e-01
-1.273437500000000000e+00
2.078125000000000000e+00
1.687500000000000000e+00
-7.070312500000000000e-01
1.843750000000000000e+00
1.531250000000000000e+00
-1.039062500000000000e+00
-1.437500000000000000e+00
2.500000000000000000e+00
-1.562500000000000000e+00
1.585937500000000000e+00
8.945312500000000000e-01
-1.320312500000000000e+00
-2.312500000000000000e+00
4.785156250000000000e-02
1.242187500000000000e+00
-1.687500000000000000e+00
1.625000000000000000e+00
-6.640625000000000000e-01
2.875000000000000000e+00
2.078125000000000000e+00
-3.320312500000000000e-01
1.695312500000000000e+00
-8.320312500000000000e-01
-7.539062500000000000e-01
1.937500000000000000e+00
-1.937500000000000000e+00
2.953125000000000000e+00
-3.105468750000000000e-01
-1.585937500000000000e+00
3.265625000000000000e+00
1.242187500000000000e+00
2.828125000000000000e+00
1.960937500000000000e+00
2.343750000000000000e+00
2.031250000000000000e-01
3.125000000000000000e+00
1.523437500000000000e+00
-2.437500000000000000e+00
-1.343750000000000000e+00
-3.078125000000000000e+00
2.500000000000000000e+00
1.054687500000000000e+00
1.960937500000000000e+00
1.351562500000000000e+00
-1.742187500000000000e+00
-1.531250000000000000e+00
6.992187500000000000e-01
-2.796875000000000000e+00
-5.820312500000000000e-01
1.585937500000000000e+00
-7.812500000000000000e-01
2.250000000000000000e+00
1.476562500000000000e+00
8.007812500000000000e-01
1.531250000000000000e+00
1.523437500000000000e+00
-1.523437500000000000e+00
-1.195312500000000000e+00
2.000000000000000000e+00
2.234375000000000000e+00
2.359375000000000000e+00
-2.773437500000000000e-01
2.484375000000000000e+00
-1.101562500000000000e+00
-1.164062500000000000e+00
2.765625000000000000e+00
4.003906250000000000e-01
1.687500000000000000e+00
-2.484375000000000000e+00
-7.343750000000000000e-01
2.609375000000000000e+00
2.343750000000000000e+00
-1.976562500000000000e+00
-1.460937500000000000e+00
-4.902343750000000000e-01
-1.195312500000000000e+00
-8.906250000000000000e-01
-4.003906250000000000e-01
2.312500000000000000e+00
1.898437500000000000e+00
1.164062500000000000e+00
2.312500000000000000e+00
2.531250000000000000e+00
1.976562500000000000e+00
1.437500000000000000e+00
2.562500000000000000e+00
1.054687500000000000e+00
1.398437500000000000e+00
-1.195312500000000000e+00
-3.171875000000000000e+00
-8.125000000000000000e-01
-1.117187500000000000e+00
1.687500000000000000e+00
2.234375000000000000e+00
-1.812500000000000000e+00
-1.039062500000000000e+00
2.875000000000000000e+00
2.796875000000000000e+00
1.460937500000000000e+00
2.296875000000000000e+00
-2.968750000000000000e-01
1.210937500000000000e+00
-1.148437500000000000e+00
1.992187500000000000e+00
2.484375000000000000e+00
1.455078125000000000e-01
-9.228515625000000000e-02
-1.437500000000000000e+00
9.570312500000000000e-01
-1.148437500000000000e+00
-2.234375000000000000e+00
-6.445312500000000000e-01
-1.195312500000000000e+00
8.007812500000000000e-01
-4.609375000000000000e-01
-1.281250000000000000e+00
-2.062500000000000000e+00
1.085937500000000000e+00
-3.359375000000000000e+00
-9.414062500000000000e-01
2.437500000000000000e+00
-1.398437500000000000e+00
-5.585937500000000000e-01
2.796875000000000000e+00
-1.343750000000000000e+00
1.632812500000000000e+00
-1.820312500000000000e+00
2.875000000000000000e+00
1.914062500000000000e+00
-2.753906250000000000e-01
2.078125000000000000e+00
-5.781250000000000000e-01
2.703125000000000000e+00
3.078125000000000000e+00
2.000000000000000000e+00
3.393554687500000000e-02
2.203125000000000000e+00
-2.431640625000000000e-01
-1.406250000000000000e+00
6.757812500000000000e-01
2.703125000000000000e+00
1.789062500000000000e+00
1.054687500000000000e+00
-1.648437500000000000e+00
1.273437500000000000e+00
2.234375000000000000e+00
-1.273437500000000000e+00
1.554687500000000000e+00
2.687500000000000000e+00
1.625000000000000000e+00
-7.539062500000000000e-01
5.625000000000000000e-01
-9.687500000000000000e-01
-1.304687500000000000e+00
-1.062500000000000000e+00
9.687500000000000000e-01
-4.941406250000000000e-01
-4.882812500000000000e-03
1.787109375000000000e-01
5.273437500000000000e-01
1.617187500000000000e+00
-1.000000000000000000e+00
-1.414062500000000000e+00
1.656250000000000000e+00
1.296875000000000000e+00
-9.062500000000000000e-01
1.562500000000000000e+00
-8.906250000000000000e-01
2.265625000000000000e+00
3.691406250000000000e-01
2.687500000000000000e+00
3.183593750000000000e-01
2.296875000000000000e+00
2.171875000000000000e+00
-9.687500000000000000e-01
-1.304687500000000000e+00
3.496093750000000000e-01
1.039062500000000000e+00
-4.472656250000000000e-01
-3.046875000000000000e+00
-1.632812500000000000e+00
-1.585937500000000000e+00
-1.710937500000000000e+00
-1.210937500000000000e+00
2.796875000000000000e+00
-1.070312500000000000e+00
9.648437500000000000e-01
-1.171875000000000000e-01
5.234375000000000000e-01
-8.750000000000000000e-01
-1.195312500000000000e+00
2.675781250000000000e-01
2.234375000000000000e+00
-2.203125000000000000e+00
-6.679687500000000000e-01
2.437500000000000000e+00
1.125000000000000000e+00
2.015625000000000000e+00
1.039062500000000000e+00
-6.835937500000000000e-01
-1.507812500000000000e+00
-1.117187500000000000e+00
-1.098632812500000000e-01
-1.429687500000000000e+00
-1.382812500000000000e+00
-2.312500000000000000e+00
-1.398437500000000000e+00
1.531250000000000000e+00
-1.023437500000000000e+00
1.968750000000000000e+00
1.937500000000000000e+00
-1.757812500000000000e+00
-1.742187500000000000e+00
-2.675781250000000000e-01
3.281250000000000000e-01
-6.523437500000000000e-01
-1.773437500000000000e+00
-1.117187500000000000e+00
-3.105468750000000000e-01
1.335937500000000000e+00
1.085937500000000000e+00
-7.812500000000000000e-01
-1.585937500000000000e+00
-7.656250000000000000e-01
-1.289062500000000000e+00
-1.835937500000000000e+00
-1.031250000000000000e+00
-6.640625000000000000e-01
1.437500000000000000e+00
-1.265625000000000000e+00
-2.171875000000000000e+00
1.960937500000000000e+00
-6.875000000000000000e-01
2.015625000000000000e+00
2.000000000000000000e+00
1.140625000000000000e+00
-1.117187500000000000e+00
-1.062500000000000000e+00
-9.218750000000000000e-01
-6.992187500000000000e-01
-6.367187500000000000e-01
7.929687500000000000e-01
1.710937500000000000e+00
-1.476562500000000000e+00
-8.320312500000000000e-01
1.523437500000000000e+00
2.046875000000000000e+00
-3.484375000000000000e+00
8.281250000000000000e-01
-5.742187500000000000e-01
2.203125000000000000e+00
1.507812500000000000e+00
3.359375000000000000e-01
1.312500000000000000e+00
6.757812500000000000e-01
1.851562500000000000e+00
1.210937500000000000e+00
2.109375000000000000e+00
2.515625000000000000e+00
1.054687500000000000e+00
3.453125000000000000e+00
-1.539062500000000000e+00
1.640625000000000000e-01
1.460937500000000000e+00
-9.570312500000000000e-01
1.195312500000000000e+00
-5.859375000000000000e-01
9.492187500000000000e-01
1.898437500000000000e+00
1.750000000000000000e+00
-1.156250000000000000e+00
-9.023437500000000000e-01
1.625000000000000000e+00
1.539062500000000000e+00
-1.304687500000000000e+00
-9.531250000000000000e-01
1.406250000000000000e+00
2.609375000000000000e+00
1.937500000000000000e+00
-3.500000000000000000e+00
-8.554687500000000000e-01
-7.031250000000000000e-01
4.394531250000000000e-01
1.625000000000000000e+00
-1.210937500000000000e+00
1.085937500000000000e+00
1.539062500000000000e+00
2.625000000000000000e+00
2.609375000000000000e+00
-2.531250000000000000e+00
-3.312500000000000000e+00
1.015625000000000000e-01
-1.617187500000000000e+00
-2.140625000000000000e+00
-1.429687500000000000e+00
-1.562500000000000000e+00
2.562500000000000000e+00
3.735351562500000000e-02
1.085937500000000000e+00
-1.437500000000000000e+00
2.796875000000000000e+00
7.968750000000000000e-01
4.281250000000000000e+00
-1.289062500000000000e+00
-2.562500000000000000e+00
-4.863281250000000000e-01
1.156250000000000000e+00
9.765625000000000000e-02
1.468750000000000000e+00
-4.687500000000000000e-01
-1.992187500000000000e+00
2.687500000000000000e+00
-1.851562500000000000e+00
-3.496093750000000000e-01
-4.281250000000000000e+00
-2.343750000000000000e-01
-2.218750000000000000e+00
-3.250000000000000000e+00
1.835937500000000000e+00
1.625000000000000000e+00
-7.656250000000000000e-01
1.289062500000000000e+00
-1.062500000000000000e+00
-2.546875000000000000e+00
2.140625000000000000e+00
1.492187500000000000e+00
-7.304687500000000000e-01
2.046875000000000000e+00
2.437500000000000000e+00
2.478027343750000000e-02
1.914062500000000000e+00
-1.539062500000000000e+00
1.210937500000000000e+00
4.121093750000000000e-01
-1.468750000000000000e+00
-1.039062500000000000e+00
1.914062500000000000e+00
1.039062500000000000e+00
-3.085937500000000000e-01
