2.431640625000000000e-01
2.001953125000000000e-01
6.054687500000000000e-01
-2.203125000000000000e+00
-3.125000000000000000e+00
4.160156250000000000e-01
-3.078125000000000000e+00
1.591796875000000000e-01
2.539062500000000000e-01
4.160156250000000000e-01
-2.390625000000000000e+00
4.003906250000000000e-01
-1.845703125000000000e-01
1.855468750000000000e-02
2.812500000000000000e-01
2.333984375000000000e-01
8.632812500000000000e-01
1.992187500000000000e-01
3.261718750000000000e-01
2.734375000000000000e-01
-2.792968750000000000e-01
4.277343750000000000e-01
4.843750000000000000e-01
3.750000000000000000e-01
5.429687500000000000e-01
7.861328125000000000e-02
3.593750000000000000e-01
3.144531250000000000e-01
2.500000000000000000e-01
3.222656250000000000e-01
-3.000000000000000000e+00
2.294921875000000000e-01
2.109375000000000000e-01
1.728515625000000000e-01
5.234375000000000000e-01
-2.875000000000000000e+00
2.695312500000000000e-01
3.359375000000000000e-01
4.199218750000000000e-01
-3.015625000000000000e+00
6.787109375000000000e-02
2.753906250000000000e-01
9.619140625000000000e-02
5.312500000000000000e-01
1.235351562500000000e-01
2.578125000000000000e-01
-3.588867187500000000e-02
3.906250000000000000e-01
3.144531250000000000e-01
-2.937500000000000000e+00
4.843750000000000000e-01
1.031250000000000000e+00
1.397705078125000000e-02
3.769531250000000000e-01
3.906250000000000000e-01
4.589843750000000000e-01
2.832031250000000000e-01
8.710937500000000000e-01
3.183593750000000000e-01
1.030273437500000000e-01
5.781250000000000000e-01
5.664062500000000000e-01
5.234375000000000000e-01
6.396484375000000000e-02
2.949218750000000000e-01
-8.349609375000000000e-02
4.511718750000000000e-01
2.041015625000000000e-01
4.980468750000000000e-01
1.669921875000000000e-01
2.578125000000000000e-01
-4.516601562500000000e-03
4.433593750000000000e-01
-2.187500000000000000e-01
3.652343750000000000e-01
9.179687500000000000e-02
2.714843750000000000e-01
4.902343750000000000e-01
-2.921875000000000000e+00
1.108398437500000000e-01
1.875000000000000000e-01
2.265625000000000000e-01
1.279296875000000000e-01
7.695312500000000000e-01
4.824218750000000000e-01
-2.671875000000000000e+00
1.435546875000000000e-01
5.234375000000000000e-01
7.275390625000000000e-02
2.832031250000000000e-01
3.847656250000000000e-01
-2.640625000000000000e+00
-2.140625000000000000e+00
2.031250000000000000e-01
3.359375000000000000e-01
5.664062500000000000e-01
4.316406250000000000e-01
-2.078125000000000000e+00
3.183593750000000000e-01
1.069335937500000000e-01
4.902343750000000000e-01
4.785156250000000000e-01
2.314453125000000000e-01
2.070312500000000000e-01
1.396484375000000000e-01
3.437500000000000000e-01
5.566406250000000000e-02
6.484375000000000000e-01
2.294921875000000000e-01
2.675781250000000000e-01
3.652343750000000000e-01
1.335937500000000000e+00
1.591796875000000000e-01
-3.062500000000000000e+00
3.769531250000000000e-01
8.437500000000000000e-01
1.953125000000000000e-01
3.750000000000000000e-01
-2.687500000000000000e+00
4.160156250000000000e-01
3.515625000000000000e-01
-2.929687500000000000e-01
3.457031250000000000e-01
2.656250000000000000e-01
7.373046875000000000e-02
3.437500000000000000e-01
1.108398437500000000e-01
-5.566406250000000000e-02
4.316406250000000000e-01
-4.516601562500000000e-02
-3.710937500000000000e-02
5.195312500000000000e-01
3.144531250000000000e-01
4.199218750000000000e-01
3.066406250000000000e-01
4.565429687500000000e-02
5.000000000000000000e-01
2.099609375000000000e-01
1.049804687500000000e-01
3.496093750000000000e-01
4.687500000000000000e-01
6.683349609375000000e-03
1.728515625000000000e-01
4.453125000000000000e-01
2.597656250000000000e-01
2.697753906250000000e-02
4.003906250000000000e-01
5.195312500000000000e-01
3.144531250000000000e-01
9.619140625000000000e-02
-2.765625000000000000e+00
4.218750000000000000e-01
-4.609375000000000000e-01
1.718750000000000000e-01
-3.046875000000000000e+00
7.968750000000000000e-01
4.355468750000000000e-01
2.968750000000000000e-01
-2.578125000000000000e+00
2.761840820312500000e-03
4.628906250000000000e-01
-3.171875000000000000e+00
4.062500000000000000e-01
8.740234375000000000e-02
6.015625000000000000e-01
3.730468750000000000e-01
3.457031250000000000e-01
3.046875000000000000e-01
1.572265625000000000e-01
1.127929687500000000e-01
4.902343750000000000e-01
8.154296875000000000e-02
2.636718750000000000e-01
-3.691406250000000000e-01
6.210937500000000000e-01
1.308593750000000000e-01
-3.078125000000000000e+00
4.375000000000000000e-01
2.753906250000000000e-01
3.906250000000000000e-01
-2.765625000000000000e+00
-9.716796875000000000e-02
-3.000000000000000000e+00
2.636718750000000000e-01
4.062500000000000000e-01
3.437500000000000000e-01
4.272460937500000000e-02
1.335937500000000000e+00
4.628906250000000000e-01
3.261718750000000000e-01
2.451171875000000000e-01
3.574218750000000000e-01
1.117187500000000000e+00
2.187500000000000000e-01
5.820312500000000000e-01
2.294921875000000000e-01
4.628906250000000000e-01
3.027343750000000000e-01
6.298828125000000000e-02
4.316406250000000000e-01
2.968750000000000000e-01
2.988281250000000000e-01
-2.296875000000000000e+00
3.652343750000000000e-01
3.457031250000000000e-01
3.295898437500000000e-02
2.236328125000000000e-01
9.375000000000000000e-01
3.847656250000000000e-01
3.964843750000000000e-01
4.433593750000000000e-01
-2.500000000000000000e+00
-2.453125000000000000e+00
8.125000000000000000e-01
3.930664062500000000e-02
-3.312500000000000000e+00
5.156250000000000000e-01
3.437500000000000000e-01
6.250000000000000000e-01
2.343750000000000000e-01
7.500000000000000000e-01
5.312500000000000000e-01
2.675781250000000000e-01
-9.765625000000000000e-04
8.593750000000000000e-02
-3.320312500000000000e-02
2.832031250000000000e-01
3.378906250000000000e-01
-5.053710937500000000e-02
6.992187500000000000e-01
5.273437500000000000e-01
-2.015625000000000000e+00
-1.218750000000000000e+00
2.099609375000000000e-01
3.671875000000000000e-01
5.507812500000000000e-01
3.691406250000000000e-01
-6.968750000000000000e+00
5.507812500000000000e-01
1.679687500000000000e-01
-3.125000000000000000e+00
-1.664062500000000000e+00
2.890625000000000000e-01
1.157226562500000000e-01
-2.015625000000000000e+00
5.507812500000000000e-01
-3.250122070312500000e-03
1.015625000000000000e+00
3.457031250000000000e-01
5.546875000000000000e-01
8.642578125000000000e-02
5.195312500000000000e-01
1.289062500000000000e-01
2.138671875000000000e-01
2.871093750000000000e-01
3.769531250000000000e-01
3.300781250000000000e-01
1.621093750000000000e-01
1.474609375000000000e-01
1.007812500000000000e+00
3.671875000000000000e-01
3.808593750000000000e-01
-5.625000000000000000e+00
3.588867187500000000e-02
1.304687500000000000e+00
3.925781250000000000e-01
-3.140625000000000000e+00
2.812500000000000000e-01
8.632812500000000000e-01
-2.265625000000000000e+00
1.101562500000000000e+00
4.062500000000000000e-01
-1.906250000000000000e+00
3.183593750000000000e-01
2.470703125000000000e-01
1.054687500000000000e+00
1.806640625000000000e-01
-4.956054687500000000e-02
-2.546875000000000000e+00
-5.507812500000000000e-01
3.437500000000000000e-01
1.507812500000000000e+00
4.160156250000000000e-01
4.550781250000000000e-01
4.843750000000000000e-01
7.666015625000000000e-02
-7.031250000000000000e-01
1.728515625000000000e-01
2.890625000000000000e-01
2.792968750000000000e-01
5.312500000000000000e-01
-9.765625000000000000e-02
2.382812500000000000e-01
1.582031250000000000e-01
4.902343750000000000e-01
2.675781250000000000e-01
4.218750000000000000e-01
1.982421875000000000e-01
3.339843750000000000e-01
1.298828125000000000e-01
4.511718750000000000e-01
5.117187500000000000e-01
5.937500000000000000e-01
-2.343750000000000000e-01
-2.453125000000000000e+00
2.871093750000000000e-01
2.373046875000000000e-01
-3.062500000000000000e+00
5.117187500000000000e-01
-2.373046875000000000e-01
2.558593750000000000e-01
9.101562500000000000e-01
1.259765625000000000e-01
2.871093750000000000e-01
-3.078125000000000000e+00
2.216796875000000000e-01
-9.326171875000000000e-02
1.118164062500000000e-01
1.015625000000000000e+00
-6.298828125000000000e-02
3.535156250000000000e-01
2.753906250000000000e-01
4.921875000000000000e-01
1.093750000000000000e-01
3.144531250000000000e-01
-1.843750000000000000e+00
5.820312500000000000e-01
-2.890625000000000000e+00
4.809570312500000000e-02
6.640625000000000000e-02
-1.179687500000000000e+00
1.396484375000000000e-01
1.085937500000000000e+00
-1.770019531250000000e-02
-2.625000000000000000e+00
2.812500000000000000e-01
-1.726562500000000000e+00
9.460449218750000000e-03
6.030273437500000000e-02
3.750000000000000000e-01
1.748046875000000000e-01
8.105468750000000000e-02
-2.429199218750000000e-02
5.468750000000000000e-01
3.222656250000000000e-01
1.533203125000000000e-01
1.992187500000000000e-01
2.675781250000000000e-01
2.832031250000000000e-01
1.298828125000000000e-01
3.613281250000000000e-01
1.324462890625000000e-02
9.179687500000000000e-01
2.575683593750000000e-02
-3.390625000000000000e+00
8.320312500000000000e-01
4.707031250000000000e-01
3.671875000000000000e-01
3.808593750000000000e-01
1.357421875000000000e-01
-3.015625000000000000e+00
1.164062500000000000e+00
1.376953125000000000e-01
4.140625000000000000e-01
-1.242187500000000000e+00
2.216796875000000000e-01
-5.249023437500000000e-02
3.300781250000000000e-01
2.412109375000000000e-01
3.457031250000000000e-01
1.279296875000000000e-01
1.796875000000000000e-01
4.589843750000000000e-01
3.769531250000000000e-01
1.533203125000000000e-01
1.904296875000000000e-01
5.737304687500000000e-02
-3.686523437500000000e-02
1.875000000000000000e-01
4.140625000000000000e-01
1.312500000000000000e+00
3.164062500000000000e-01
-2.109375000000000000e+00
2.753906250000000000e-01
3.906250000000000000e-01
5.039062500000000000e-01
1.562500000000000000e-02
1.337890625000000000e-01
1.572265625000000000e-01
2.001953125000000000e-01
-2.140625000000000000e+00
-4.296875000000000000e-01
2.949218750000000000e-01
-1.187500000000000000e+00
5.585937500000000000e-01
-1.582031250000000000e-01
-2.375000000000000000e+00
5.937500000000000000e-01
-7.695312500000000000e-01
1.196289062500000000e-01
-9.726562500000000000e-01
-6.523437500000000000e-01
-2.750000000000000000e+00
2.675781250000000000e-01
3.183593750000000000e-01
3.378906250000000000e-01
5.625000000000000000e-01
-2.062500000000000000e+00
1.648437500000000000e+00
1.259765625000000000e-01
8.154296875000000000e-02
1.562500000000000000e-01
3.242187500000000000e-01
2.783203125000000000e-02
1.230468750000000000e-01
2.968750000000000000e-01
5.195312500000000000e-01
-6.523132324218750000e-04
3.535156250000000000e-01
9.414062500000000000e-01
-2.765625000000000000e+00
9.375000000000000000e-01
1.147460937500000000e-01
-1.300048828125000000e-02
2.792968750000000000e-01
-2.255859375000000000e-01
5.820312500000000000e-01
3.457031250000000000e-01
4.511718750000000000e-01
5.664062500000000000e-01
1.235351562500000000e-01
8.349609375000000000e-02
2.792968750000000000e-01
1.492187500000000000e+00
1.109375000000000000e+00
8.740234375000000000e-02
8.632812500000000000e-01
5.742187500000000000e-01
3.378906250000000000e-01
2.753906250000000000e-01
3.437500000000000000e-01
2.734375000000000000e-01
3.886718750000000000e-01
4.375000000000000000e-01
-4.119873046875000000e-03
-4.394531250000000000e-02
5.151367187500000000e-02
3.691406250000000000e-01
9.023437500000000000e-01
1.757812500000000000e-01
4.121093750000000000e-01
5.117187500000000000e-01
7.187500000000000000e-01
-2.125000000000000000e+00
-3.125000000000000000e+00
3.300781250000000000e-01
2.490234375000000000e-01
3.574218750000000000e-01
1.845703125000000000e-01
1.085937500000000000e+00
-2.625000000000000000e+00
2.753906250000000000e-01
-1.460937500000000000e+00
1.109375000000000000e+00
3.300781250000000000e-01
-6.640625000000000000e-02
3.691406250000000000e-01
-3.312500000000000000e+00
1.767578125000000000e-01
-2.796875000000000000e+00
3.906250000000000000e-01
2.636718750000000000e-01
-4.218750000000000000e-01
7.460937500000000000e-01
2.314453125000000000e-01
1.259765625000000000e-01
5.000000000000000000e-01
3.964843750000000000e-01
1.136779785156250000e-03
-2.734375000000000000e+00
1.357421875000000000e-01
5.000000000000000000e-01
6.875000000000000000e-01
1.376953125000000000e-01
3.066406250000000000e-01
-3.281250000000000000e-01
7.666015625000000000e-02
2.917480468750000000e-02
-1.523437500000000000e+00
1.757812500000000000e-02
4.746093750000000000e-01
-2.859375000000000000e+00
4.218750000000000000e-01
-3.808593750000000000e-01
3.808593750000000000e-01
2.177734375000000000e-01
4.941406250000000000e-01
5.546875000000000000e-01
9.023437500000000000e-01
-2.750000000000000000e+00
-1.977539062500000000e-02
8.554687500000000000e-01
3.593750000000000000e-01
-1.960937500000000000e+00
-3.062500000000000000e+00
2.792968750000000000e-01
4.355468750000000000e-01
6.171875000000000000e-01
4.687500000000000000e-01
4.921875000000000000e-01
7.070312500000000000e-01
3.964843750000000000e-01
2.558593750000000000e-01
3.496093750000000000e-01
4.687500000000000000e-01
-2.640625000000000000e+00
2.578125000000000000e-01
2.519531250000000000e-01
4.082031250000000000e-01
5.429687500000000000e-01
5.156250000000000000e-01
2.001953125000000000e-01
1.335937500000000000e+00
-7.031250000000000000e-01
4.687500000000000000e-01
5.742187500000000000e-01
6.289062500000000000e-01
1.648437500000000000e+00
8.281250000000000000e-01
4.472656250000000000e-01
1.210937500000000000e-01
7.031250000000000000e-02
1.230468750000000000e-01
1.767578125000000000e-01
-2.515625000000000000e+00
1.000976562500000000e-02
4.140625000000000000e-01
1.015625000000000000e-01
2.792968750000000000e-01
6.835937500000000000e-01
5.781250000000000000e-01
3.964843750000000000e-01
3.593750000000000000e-01
4.863281250000000000e-01
3.574218750000000000e-01
-2.531250000000000000e+00
5.742187500000000000e-01
2.216796875000000000e-01
5.000000000000000000e-01
8.789062500000000000e-03
3.535156250000000000e-01
8.320312500000000000e-01
1.757812500000000000e-01
3.750000000000000000e-01
5.590820312500000000e-02
2.910156250000000000e-01
-2.617187500000000000e-01
5.000000000000000000e-01
-3.109375000000000000e+00
1.806640625000000000e-01
2.734375000000000000e-01
-3.250000000000000000e+00
1.259765625000000000e-01
3.574218750000000000e-01
8.593750000000000000e-02
3.378906250000000000e-01
3.593750000000000000e-01
2.656250000000000000e-01
8.935546875000000000e-02
6.484375000000000000e-01
4.223632812500000000e-02
3.613281250000000000e-01
4.418945312500000000e-02
1.718750000000000000e+00
-3.171875000000000000e+00
8.632812500000000000e-01
-4.223632812500000000e-02
4.550781250000000000e-01
4.140625000000000000e-01
3.691406250000000000e-01
6.289062500000000000e-01
-1.696777343750000000e-02
6.054687500000000000e-01
9.882812500000000000e-01
3.906250000000000000e-01
1.259765625000000000e-01
-4.223632812500000000e-02
3.906250000000000000e-01
-2.673339843750000000e-02
3.261718750000000000e-01
5.117187500000000000e-01
5.000000000000000000e-01
1.157226562500000000e-01
1.611328125000000000e-01
3.496093750000000000e-01
9.179687500000000000e-01
3.808593750000000000e-01
3.652343750000000000e-01
9.375000000000000000e-02
1.226562500000000000e+00
2.714843750000000000e-01
2.148437500000000000e-01
9.521484375000000000e-02
9.375000000000000000e-02
6.367187500000000000e-01
1.484375000000000000e-01
4.433593750000000000e-01
5.351562500000000000e-01
3.808593750000000000e-01
4.531250000000000000e-01
4.218750000000000000e-01
3.300781250000000000e-01
2.734375000000000000e-01
4.687500000000000000e-01
2.109375000000000000e-01
4.238281250000000000e-01
1.132812500000000000e+00
4.785156250000000000e-01
6.298828125000000000e-02
7.177734375000000000e-02
3.652343750000000000e-01
-2.515625000000000000e+00
-7.226562500000000000e-01
-1.196289062500000000e-01
6.656250000000000000e+00
1.140625000000000000e+00
-3.046875000000000000e+00
-1.992187500000000000e+00
4.687500000000000000e-01
9.130859375000000000e-02
4.667968750000000000e-01
4.160156250000000000e-01
2.949218750000000000e-01
4.589843750000000000e-01
3.066406250000000000e-01
5.898437500000000000e-01
2.558593750000000000e-01
4.453125000000000000e-01
1.125000000000000000e+00
2.412109375000000000e-01
5.390625000000000000e-01
1.965332031250000000e-02
3.671875000000000000e-01
9.882812500000000000e-01
2.949218750000000000e-01
3.808593750000000000e-01
4.316406250000000000e-01
-4.858398437500000000e-02
2.949218750000000000e-01
2.988281250000000000e-01
1.591796875000000000e-01
3.300781250000000000e-01
-1.245117187500000000e-01
5.937500000000000000e-01
-2.093750000000000000e+00
2.392578125000000000e-01
5.468750000000000000e-01
3.808593750000000000e-01
3.261718750000000000e-01
3.984375000000000000e-01
5.546875000000000000e-01
6.445312500000000000e-01
4.531250000000000000e-01
-1.398437500000000000e+00
1.250000000000000000e-01
2.675781250000000000e-01
5.898437500000000000e-01
1.748046875000000000e-01
8.447265625000000000e-02
5.390625000000000000e-01
5.507812500000000000e-01
5.312500000000000000e-01
-2.578125000000000000e+00
2.636718750000000000e-01
9.423828125000000000e-02
9.101562500000000000e-01
3.828125000000000000e-01
-3.247070312500000000e-02
5.390625000000000000e-01
-2.921875000000000000e+00
4.199218750000000000e-01
3.144531250000000000e-01
-1.318359375000000000e-02
4.785156250000000000e-01
-6.103515625000000000e-03
1.171875000000000000e-01
4.956054687500000000e-02
-3.234375000000000000e+00
5.507812500000000000e-01
4.238281250000000000e-01
-3.000000000000000000e+00
1.235351562500000000e-01
1.000976562500000000e-01
4.628906250000000000e-01
2.949218750000000000e-01
1.523437500000000000e-01
3.261718750000000000e-01
5.351562500000000000e-01
3.496093750000000000e-01
9.101562500000000000e-01
3.881835937500000000e-02
2.158203125000000000e-01
6.250000000000000000e-01
2.597656250000000000e-01
4.902343750000000000e-01
4.746093750000000000e-01
1.069335937500000000e-01
5.273437500000000000e-01
1.708984375000000000e-01
3.847656250000000000e-01
4.941406250000000000e-01
3.359375000000000000e-01
3.281250000000000000e-01
3.828125000000000000e-01
1.215820312500000000e-01
2.236328125000000000e-01
2.148437500000000000e-01
3.378906250000000000e-01
4.277343750000000000e-01
3.222656250000000000e-01
-2.015625000000000000e+00
4.003906250000000000e-01
5.820312500000000000e-01
3.066406250000000000e-01
-2.171875000000000000e+00
4.628906250000000000e-01
-1.708984375000000000e-02
9.814453125000000000e-02
3.769531250000000000e-01
1.455078125000000000e-01
6.992187500000000000e-01
1.943359375000000000e-01
3.183593750000000000e-01
-1.748046875000000000e-01
6.367187500000000000e-01
1.591796875000000000e-01
1.767578125000000000e-01
3.652343750000000000e-01
1.943359375000000000e-01
2.500000000000000000e-01
-4.614257812500000000e-02
4.062500000000000000e-01
-5.151367187500000000e-02
1.088867187500000000e-01
2.597656250000000000e-01
4.316406250000000000e-01
9.257812500000000000e-01
1.152343750000000000e-01
5.664062500000000000e-01
-1.906250000000000000e+00
-2.796875000000000000e+00
2.988281250000000000e-01
3.691406250000000000e-01
-1.296875000000000000e+00
2.099609375000000000e-01
3.828125000000000000e-01
5.468750000000000000e-01
7.468750000000000000e+00
2.392578125000000000e-01
3.496093750000000000e-01
-2.609375000000000000e+00
5.820312500000000000e-01
3.750000000000000000e-01
3.007812500000000000e-01
-3.125000000000000000e+00
6.992187500000000000e-01
2.597656250000000000e-01
1.953125000000000000e-01
2.871093750000000000e-01
4.433593750000000000e-01
2.871093750000000000e-01
4.843750000000000000e-01
1.040039062500000000e-01
2.343750000000000000e-01
-2.265625000000000000e+00
8.789062500000000000e-02
1.513671875000000000e-01
-2.539062500000000000e-01
-1.806640625000000000e-01
3.750000000000000000e-01
3.593750000000000000e-01
2.197265625000000000e-01
4.663085937500000000e-02
5.976562500000000000e-01
3.457031250000000000e-01
2.343750000000000000e-01
5.039062500000000000e-01
4.062500000000000000e-01
3.437500000000000000e-01
-3.686523437500000000e-02
1.206054687500000000e-01
1.650390625000000000e-01
4.843750000000000000e-01
7.187500000000000000e-01
5.000000000000000000e-01
9.619140625000000000e-02
-9.843750000000000000e-01
3.593750000000000000e-01
4.921875000000000000e-01
1.865234375000000000e-01
5.786132812500000000e-02
-2.609375000000000000e+00
9.726562500000000000e-01
3.457031250000000000e-01
1.591796875000000000e-01
-2.640625000000000000e+00
-1.218750000000000000e+00
-3.171875000000000000e+00
-1.137695312500000000e-01
3.417968750000000000e-01
9.716796875000000000e-02
3.574218750000000000e-01
1.147460937500000000e-01
-2.000000000000000000e+00
2.216796875000000000e-01
3.300781250000000000e-01
4.218750000000000000e-01
3.925781250000000000e-01
8.789062500000000000e-02
3.457031250000000000e-01
-6.132812500000000000e-01
3.925781250000000000e-01
1.318359375000000000e-01
6.210937500000000000e-01
3.691406250000000000e-01
3.066406250000000000e-01
2.490234375000000000e-01
-2.600097656250000000e-02
2.148437500000000000e-02
-2.046875000000000000e+00
-2.421875000000000000e+00
-3.234375000000000000e+00
-2.187500000000000000e+00
4.121093750000000000e-01
-2.296875000000000000e+00
3.300781250000000000e-01
5.898437500000000000e-01
2.636718750000000000e-01
2.812500000000000000e-01
5.468750000000000000e-01
3.105468750000000000e-01
1.186523437500000000e-01
1.152343750000000000e-01
1.406250000000000000e+00
2.451171875000000000e-01
2.158203125000000000e-01
9.130859375000000000e-02
3.652343750000000000e-01
2.001953125000000000e-01
-1.851562500000000000e+00
1.865234375000000000e-01
-1.235351562500000000e-01
5.468750000000000000e-01
1.826171875000000000e-01
3.281250000000000000e-01
1.884765625000000000e-01
-2.255859375000000000e-01
1.826171875000000000e-01
-4.241943359375000000e-03
2.001953125000000000e-01
3.417968750000000000e-01
2.890625000000000000e-01
-1.664062500000000000e+00
6.015625000000000000e-01
3.183593750000000000e-01
1.273437500000000000e+00
4.472656250000000000e-01
2.734375000000000000e-01
4.902343750000000000e-01
1.210937500000000000e-01
1.679687500000000000e-01
2.451171875000000000e-01
1.171875000000000000e+00
-2.988281250000000000e-01
-2.640625000000000000e+00
1.794433593750000000e-02
3.105468750000000000e-01
5.000000000000000000e-01
1.210937500000000000e+00
-3.063964843750000000e-02
1.030273437500000000e-01
1.357421875000000000e-01
2.431640625000000000e-01
4.140625000000000000e-01
2.675781250000000000e-01
4.531250000000000000e-01
3.164062500000000000e-01
4.375000000000000000e-01
2.714843750000000000e-01
-1.593750000000000000e+00
-3.000000000000000000e+00
3.808593750000000000e-01
4.199218750000000000e-01
-4.492187500000000000e-02
1.396484375000000000e-01
2.539062500000000000e-01
3.691406250000000000e-01
4.746093750000000000e-01
-9.948730468750000000e-03
2.871093750000000000e-01
1.923828125000000000e-01
3.339843750000000000e-01
1.148437500000000000e+00
1.748046875000000000e-01
2.636718750000000000e-01
1.796875000000000000e-01
2.431640625000000000e-01
3.613281250000000000e-01
1.513671875000000000e-01
4.082031250000000000e-01
1.304687500000000000e+00
1.845703125000000000e-01
5.507812500000000000e-01
4.003906250000000000e-01
4.941406250000000000e-01
-8.398437500000000000e-01
6.289062500000000000e-01
-1.632812500000000000e+00
2.421875000000000000e-01
1.117187500000000000e+00
-6.132812500000000000e-01
3.847656250000000000e-01
1.656250000000000000e+00
4.785156250000000000e-01
2.500000000000000000e-01
3.671875000000000000e-01
5.507812500000000000e-01
6.210937500000000000e-01
4.667968750000000000e-01
3.320312500000000000e-01
1.591796875000000000e-01
5.249023437500000000e-02
9.570312500000000000e-01
2.109375000000000000e-01
-3.066406250000000000e-01
3.271484375000000000e-02
1.187500000000000000e+00
1.318359375000000000e-01
5.039062500000000000e-01
6.523437500000000000e-01
-3.046875000000000000e+00
7.929687500000000000e-01
2.138671875000000000e-01
-1.937500000000000000e+00
6.054687500000000000e-02
-2.687500000000000000e+00
2.060546875000000000e-01
-2.671875000000000000e+00
5.371093750000000000e-03
5.625000000000000000e-01
3.320312500000000000e-01
3.203125000000000000e-01
4.277343750000000000e-01
4.667968750000000000e-01
4.003906250000000000e-01
3.808593750000000000e-01
3.183593750000000000e-01
1.845703125000000000e-01
5.039062500000000000e-01
3.007812500000000000e-01
4.003906250000000000e-01
1.601562500000000000e-01
-3.000000000000000000e+00
3.027343750000000000e-01
4.589843750000000000e-01
3.457031250000000000e-01
1.445312500000000000e-01
1.337890625000000000e-01
2.197265625000000000e-01
-4.003906250000000000e-02
4.746093750000000000e-01
7.382812500000000000e-01
-3.105468750000000000e-01
-1.960937500000000000e+00
1.416015625000000000e-01
2.138671875000000000e-01
4.160156250000000000e-01
5.195312500000000000e-01
6.054687500000000000e-01
2.968750000000000000e-01
6.132812500000000000e-01
4.902343750000000000e-01
-1.386718750000000000e-01
3.750000000000000000e-01
2.314453125000000000e-01
2.265625000000000000e-01
2.099609375000000000e-01
5.312500000000000000e-01
4.140625000000000000e-01
-2.921875000000000000e+00
3.964843750000000000e-01
2.832031250000000000e-01
-5.468750000000000000e-02
1.279296875000000000e-01
-1.794433593750000000e-02
2.597656250000000000e-01
4.902343750000000000e-01
2.519531250000000000e-01
-1.585937500000000000e+00
3.769531250000000000e-01
2.197265625000000000e-01
-1.250000000000000000e+00
5.039062500000000000e-01
-3.250000000000000000e+00
-2.953125000000000000e+00
2.187500000000000000e-01
1.343750000000000000e+00
3.979492187500000000e-02
5.625000000000000000e-01
2.714843750000000000e-01
-2.575683593750000000e-02
4.667968750000000000e-01
3.066406250000000000e-01
1.125000000000000000e+00
1.611328125000000000e-01
6.210937500000000000e-01
4.218750000000000000e-01
2.197265625000000000e-01
4.277343750000000000e-01
5.312500000000000000e-01
3.671875000000000000e-01
2.343750000000000000e-01
3.808593750000000000e-01
1.445312500000000000e-01
-6.396484375000000000e-02
1.503906250000000000e-01
5.117187500000000000e-01
1.767578125000000000e-01
-2.796875000000000000e+00
1.007812500000000000e+00
1.484375000000000000e-01
-2.921875000000000000e+00
3.847656250000000000e-01
1.445312500000000000e+00
2.656250000000000000e-01
2.832031250000000000e-01
3.457031250000000000e-01
9.765625000000000000e-02
4.843750000000000000e-01
1.318359375000000000e-02
1.039062500000000000e+00
2.910156250000000000e-01
2.060546875000000000e-01
1.164062500000000000e+00
2.910156250000000000e-01
3.671875000000000000e-01
1.225585937500000000e-01
8.984375000000000000e-02
2.382812500000000000e-01
-3.007812500000000000e-01
6.171875000000000000e-01
6.015625000000000000e-01
6.054687500000000000e-01
-1.010742187500000000e-01
1.943359375000000000e-01
4.907226562500000000e-02
-2.078125000000000000e+00
-3.171875000000000000e+00
5.351562500000000000e-01
2.460937500000000000e-01
1.445312500000000000e-01
9.130859375000000000e-02
4.003906250000000000e-01
1.474609375000000000e-01
2.949218750000000000e-01
2.792968750000000000e-01
4.667968750000000000e-01
1.630859375000000000e-01
4.843750000000000000e-01
-2.546875000000000000e+00
-2.296875000000000000e+00
3.847656250000000000e-01
1.101562500000000000e+00
3.203125000000000000e-01
1.494140625000000000e-01
1.689453125000000000e-01
5.468750000000000000e-01
1.098632812500000000e-01
3.300781250000000000e-01
-2.949218750000000000e-01
-9.326171875000000000e-02
-1.279296875000000000e-01
7.382812500000000000e-01
-7.460937500000000000e-01
1.023437500000000000e+00
3.593750000000000000e-01
5.351562500000000000e-01
1.865234375000000000e-01
4.907226562500000000e-02
8.281250000000000000e-01
4.453125000000000000e-01
7.460937500000000000e-01
2.119140625000000000e-01
4.687500000000000000e-01
1.992187500000000000e-01
3.393554687500000000e-02
4.316406250000000000e-01
2.910156250000000000e-01
9.130859375000000000e-02
1.396484375000000000e-01
3.125000000000000000e-01
-2.265625000000000000e+00
-6.992187500000000000e-01
2.001953125000000000e-01
3.847656250000000000e-01
4.277343750000000000e-01
3.515625000000000000e-01
3.105468750000000000e-01
-1.812500000000000000e+00
2.412109375000000000e-01
2.714843750000000000e-01
2.343750000000000000e-01
1.572265625000000000e-01
3.652343750000000000e-01
8.906250000000000000e-01
-2.203125000000000000e+00
1.943359375000000000e-01
2.314453125000000000e-01
4.589843750000000000e-01
-2.765625000000000000e+00
3.535156250000000000e-01
-2.875000000000000000e+00
2.519531250000000000e-01
3.027343750000000000e-01
3.769531250000000000e-01
6.992187500000000000e-01
1.179687500000000000e+00
3.750000000000000000e-01
8.437500000000000000e-01
4.843750000000000000e-01
8.007812500000000000e-02
5.664062500000000000e-01
-3.890991210937500000e-03
2.578125000000000000e-01
2.294921875000000000e-01
5.507812500000000000e-01
5.976562500000000000e-01
5.546875000000000000e-01
5.507812500000000000e-01
4.472656250000000000e-01
6.875000000000000000e-01
9.375000000000000000e-02
4.980468750000000000e-01
5.151367187500000000e-02
3.261718750000000000e-01
3.964843750000000000e-01
3.613281250000000000e-01
-3.613281250000000000e-02
-1.708984375000000000e-01
-4.843750000000000000e-01
3.769531250000000000e-01
2.187500000000000000e-01
6.406250000000000000e-01
-3.078125000000000000e+00
-1.898437500000000000e+00
1.708984375000000000e-01
-1.507812500000000000e+00
3.691406250000000000e-01
1.049804687500000000e-01
3.593750000000000000e-01
-1.726562500000000000e+00
-2.921875000000000000e+00
9.882812500000000000e-01
4.628906250000000000e-01
4.467773437500000000e-02
1.572265625000000000e-01
8.007812500000000000e-01
-2.158203125000000000e-01
3.457031250000000000e-01
2.500000000000000000e-01
1.982421875000000000e-01
5.468750000000000000e-01
2.753906250000000000e-01
6.015625000000000000e-01
1.669921875000000000e-01
5.429687500000000000e-01
5.234375000000000000e-01
3.496093750000000000e-01
4.902343750000000000e-01
3.691406250000000000e-01
2.099609375000000000e-01
3.144531250000000000e-01
2.138671875000000000e-01
-5.585937500000000000e-01
1.904296875000000000e-01
1.157226562500000000e-01
3.574218750000000000e-01
3.886718750000000000e-01
-3.250000000000000000e+00
2.060546875000000000e-01
1.718750000000000000e-01
-2.578125000000000000e+00
3.144531250000000000e-01
3.925781250000000000e-01
2.216796875000000000e-01
1.992187500000000000e-01
3.652343750000000000e-01
-3.535156250000000000e-01
1.202392578125000000e-02
1.552734375000000000e-01
3.496093750000000000e-01
3.964843750000000000e-01
3.593750000000000000e-01
-2.921875000000000000e+00
-3.881835937500000000e-02
-2.390625000000000000e+00
-2.562500000000000000e+00
5.039062500000000000e-01
-7.861328125000000000e-02
4.707031250000000000e-01
3.027343750000000000e-01
3.125000000000000000e-01
4.550781250000000000e-01
2.988281250000000000e-01
3.652343750000000000e-01
-2.328125000000000000e+00
1.257812500000000000e+00
3.496093750000000000e-01
3.535156250000000000e-01
3.183593750000000000e-01
4.394531250000000000e-01
2.910156250000000000e-01
4.687500000000000000e-01
2.001953125000000000e-01
-2.671875000000000000e+00
-2.562500000000000000e+00
4.785156250000000000e-01
5.117187500000000000e-01
3.378906250000000000e-01
3.496093750000000000e-01
2.890625000000000000e-01
2.734375000000000000e-01
-6.093750000000000000e+00
1.474609375000000000e-01
3.339843750000000000e-01
-7.324218750000000000e-02
5.156250000000000000e-01
1.435546875000000000e-01
-2.382812500000000000e-01
1.093750000000000000e+00
7.470703125000000000e-02
2.031250000000000000e-01
1.904296875000000000e-01
2.734375000000000000e-01
2.158203125000000000e-01
1.845703125000000000e-01
4.531250000000000000e-01
2.021484375000000000e-01
4.980468750000000000e-02
-8.750000000000000000e-01
-8.544921875000000000e-02
2.949218750000000000e-01
2.158203125000000000e-01
4.062500000000000000e-01
3.535156250000000000e-01
-2.203125000000000000e+00
2.265625000000000000e-01
4.902343750000000000e-01
-2.234375000000000000e+00
1.079101562500000000e-01
-2.140625000000000000e+00
1.757812500000000000e-01
4.531250000000000000e-01
4.218750000000000000e-01
4.707031250000000000e-01
4.667968750000000000e-01
1.904296875000000000e-01
4.589843750000000000e-01
5.000000000000000000e-01
-3.759765625000000000e-02
9.619140625000000000e-02
2.080078125000000000e-01
2.988281250000000000e-01
4.375000000000000000e-01
5.625000000000000000e-01
-5.786132812500000000e-02
1.630859375000000000e-01
-1.804687500000000000e+00
-8.632812500000000000e-01
1.059570312500000000e-01
-2.453125000000000000e+00
1.059570312500000000e-01
1.625000000000000000e+00
-2.890625000000000000e+00
2.060546875000000000e-01
4.316406250000000000e-01
4.628906250000000000e-01
5.898437500000000000e-01
4.531250000000000000e-01
9.130859375000000000e-02
2.294921875000000000e-01
9.726562500000000000e-01
1.435546875000000000e-01
-2.921875000000000000e+00
-6.210937500000000000e-01
3.281250000000000000e-01
-9.814453125000000000e-02
3.750000000000000000e-01
-3.662109375000000000e-02
3.222656250000000000e-01
8.154296875000000000e-02
3.535156250000000000e-01
2.636718750000000000e-01
7.958984375000000000e-02
3.808593750000000000e-01
-2.859375000000000000e+00
-1.757812500000000000e-01
1.611328125000000000e-01
5.546875000000000000e-01
1.328125000000000000e-01
1.074218750000000000e-01
3.203125000000000000e-01
2.109375000000000000e-01
-2.015625000000000000e+00
1.226806640625000000e-02
-2.929687500000000000e-02
3.300781250000000000e-01
2.519531250000000000e-01
2.343750000000000000e-01
3.906250000000000000e-01
2.988281250000000000e-01
4.121093750000000000e-01
1.923828125000000000e-01
3.046875000000000000e+00
1.843261718750000000e-02
9.277343750000000000e-03
4.941406250000000000e-01
1.289062500000000000e+00
3.964843750000000000e-01
3.671875000000000000e-01
4.472656250000000000e-01
3.300781250000000000e-01
1.826171875000000000e-01
3.588867187500000000e-02
2.099609375000000000e-01
-2.546875000000000000e+00
6.289062500000000000e-01
3.027343750000000000e-01
2.470703125000000000e-01
1.611328125000000000e-01
1.806640625000000000e-01
4.082031250000000000e-01
-2.062500000000000000e+00
3.828125000000000000e-01
5.664062500000000000e-01
6.054687500000000000e-01
2.177734375000000000e-01
1.195312500000000000e+00
9.492187500000000000e-01
4.394531250000000000e-02
7.275390625000000000e-02
1.298828125000000000e-01
-1.687500000000000000e+00
1.503906250000000000e-01
3.613281250000000000e-01
4.902343750000000000e-01
1.242187500000000000e+00
1.875000000000000000e-01
7.851562500000000000e-01
3.691406250000000000e-01
4.082031250000000000e-01
2.851562500000000000e-01
3.906250000000000000e-01
2.119140625000000000e-01
-2.765625000000000000e+00
1.191406250000000000e-01
2.871093750000000000e-01
2.441406250000000000e-04
2.966308593750000000e-02
2.001953125000000000e-01
4.277343750000000000e-01
2.910156250000000000e-01
1.523437500000000000e-01
5.195312500000000000e-01
5.351562500000000000e-01
1.298828125000000000e-01
-1.789062500000000000e+00
-2.921875000000000000e+00
4.902343750000000000e-01
1.696777343750000000e-02
5.351562500000000000e-01
6.367187500000000000e-01
5.781250000000000000e-01
2.138671875000000000e-01
2.343750000000000000e-01
4.140625000000000000e-01
2.412109375000000000e-01
4.296875000000000000e-01
8.945312500000000000e-01
4.238281250000000000e-01
1.806640625000000000e-01
6.992187500000000000e-01
4.042968750000000000e-01
2.636718750000000000e-01
3.027343750000000000e-01
3.007812500000000000e-01
2.392578125000000000e-01
2.832031250000000000e-02
3.574218750000000000e-01
3.261718750000000000e-01
9.326171875000000000e-02
3.105468750000000000e-01
5.346679687500000000e-02
-3.000000000000000000e+00
-3.198242187500000000e-02
4.765625000000000000e-01
-4.062500000000000000e-01
4.785156250000000000e-01
-6.093750000000000000e+00
2.304687500000000000e-01
1.148437500000000000e+00
1.630859375000000000e-01
3.105468750000000000e-01
5.390625000000000000e-01
3.984375000000000000e-01
2.333984375000000000e-01
-2.421875000000000000e+00
2.578125000000000000e-01
5.937500000000000000e-01
-2.796875000000000000e+00
4.121093750000000000e-01
1.396484375000000000e-01
4.707031250000000000e-01
3.300781250000000000e-01
-3.808593750000000000e-01
3.984375000000000000e-01
3.222656250000000000e-01
4.472656250000000000e-01
5.351562500000000000e-01
3.359375000000000000e-01
3.183593750000000000e-01
-2.015625000000000000e+00
5.249023437500000000e-02
4.316406250000000000e-01
-1.672363281250000000e-02
1.923828125000000000e-01
2.558593750000000000e-01
2.226562500000000000e-01
3.144531250000000000e-01
2.558593750000000000e-01
3.906250000000000000e-01
-1.806640625000000000e-01
2.304687500000000000e-01
3.183593750000000000e-01
2.988281250000000000e-01
6.132812500000000000e-01
1.137695312500000000e-01
1.281250000000000000e+00
5.585937500000000000e-01
-1.367187500000000000e+00
4.941406250000000000e-01
4.902343750000000000e-01
3.808593750000000000e-01
3.906250000000000000e-01
2.949218750000000000e-01
1.070312500000000000e+00
4.687500000000000000e-01
3.027343750000000000e-01
4.707031250000000000e-01
4.277343750000000000e-01
4.277343750000000000e-01
3.046875000000000000e-01
5.078125000000000000e-01
3.320312500000000000e-01
3.027343750000000000e-01
1.748046875000000000e-01
-2.109375000000000000e+00
3.046875000000000000e-01
-9.130859375000000000e-02
4.902343750000000000e-01
4.531250000000000000e-01
1.093750000000000000e+00
1.031250000000000000e+00
2.119140625000000000e-01
-3.015625000000000000e+00
-4.980468750000000000e-02
4.472656250000000000e-01
3.105468750000000000e-01
2.304687500000000000e-01
3.808593750000000000e-01
1.982421875000000000e-01
4.394531250000000000e-01
2.753906250000000000e-01
2.832031250000000000e-01
2.597656250000000000e-01
5.234375000000000000e-01
4.843750000000000000e-01
3.183593750000000000e-01
9.228515625000000000e-02
5.546875000000000000e-01
1.396484375000000000e-01
3.222656250000000000e-01
5.195312500000000000e-01
6.250000000000000000e-01
7.148437500000000000e-01
-1.445312500000000000e+00
1.923828125000000000e-01
5.468750000000000000e-02
1.320312500000000000e+00
1.531250000000000000e+00
5.078125000000000000e-01
2.451171875000000000e-01
4.316406250000000000e-01
4.277343750000000000e-01
3.847656250000000000e-01
3.691406250000000000e-01
3.984375000000000000e-01
-3.125000000000000000e+00
1.226562500000000000e+00
2.236328125000000000e-01
2.578125000000000000e-01
4.418945312500000000e-02
1.289062500000000000e-01
-1.318359375000000000e-01
-3.296875000000000000e+00
4.550781250000000000e-01
2.832031250000000000e-01
3.515625000000000000e-01
-5.664062500000000000e-02
1.148437500000000000e+00
3.027343750000000000e-01
1.767578125000000000e-01
2.753906250000000000e-01
5.429687500000000000e-01
3.281250000000000000e-01
2.968750000000000000e-01
2.001953125000000000e-01
-2.343750000000000000e+00
2.910156250000000000e-01
-1.406250000000000000e-01
3.671875000000000000e-01
4.394531250000000000e-01
3.925781250000000000e-01
-9.648437500000000000e-01
1.982421875000000000e-01
1.337890625000000000e-01
3.183593750000000000e-01
4.433593750000000000e-01
3.417968750000000000e-01
3.046875000000000000e-01
3.320312500000000000e-01
2.832031250000000000e-01
3.906250000000000000e-01
3.886718750000000000e-01
2.636718750000000000e-01
2.734375000000000000e-01
3.906250000000000000e-01
4.199218750000000000e-01
3.281250000000000000e-01
2.968750000000000000e-01
2.812500000000000000e-01
4.511718750000000000e-01
3.828125000000000000e-01
3.457031250000000000e-01
3.808593750000000000e-01
2.675781250000000000e-01
2.373046875000000000e-01
2.617187500000000000e-01
4.433593750000000000e-01
2.968750000000000000e-01
3.222656250000000000e-01
3.769531250000000000e-01
2.832031250000000000e-01
-1.101562500000000000e+00
2.578125000000000000e-01
4.687500000000000000e-01
2.753906250000000000e-01
2.519531250000000000e-01
6.484375000000000000e-01
5.429687500000000000e-01
3.437500000000000000e-01
4.082031250000000000e-01
4.082031250000000000e-01
3.339843750000000000e-01
4.863281250000000000e-01
3.847656250000000000e-01
3.593750000000000000e-01
6.640625000000000000e-02
5.625000000000000000e-01
2.734375000000000000e-01
6.054687500000000000e-01
1.884765625000000000e-01
2.294921875000000000e-01
4.687500000000000000e-01
2.460937500000000000e-01
8.740234375000000000e-02
4.062500000000000000e-01
3.750000000000000000e-01
3.261718750000000000e-01
1.640625000000000000e-01
3.769531250000000000e-01
2.988281250000000000e-01
2.519531250000000000e-01
3.886718750000000000e-01
3.613281250000000000e-01
-3.125000000000000000e+00
3.593750000000000000e-01
2.265625000000000000e-01
4.453125000000000000e-01
3.144531250000000000e-01
