5.117187500000000000e-01
9.765625000000000000e-02
6.835937500000000000e-01
-1.101562500000000000e+00
-1.554687500000000000e+00
-6.210937500000000000e-01
-1.835937500000000000e+00
-4.121093750000000000e-01
6.992187500000000000e-01
4.355468750000000000e-01
-1.531250000000000000e+00
9.023437500000000000e-01
-8.281250000000000000e-01
-1.289062500000000000e-01
-2.093750000000000000e+00
1.943359375000000000e-01
1.023437500000000000e+00
3.496093750000000000e-01
1.617187500000000000e+00
5.585937500000000000e-01
-2.070312500000000000e-01
9.101562500000000000e-01
-4.687500000000000000e-01
-3.906250000000000000e-01
-3.925781250000000000e-01
-2.929687500000000000e-03
-2.868652343750000000e-02
3.593750000000000000e-01
6.992187500000000000e-01
1.279296875000000000e-01
-1.382812500000000000e+00
-4.550781250000000000e-01
1.257812500000000000e+00
-2.636718750000000000e-01
-1.000976562500000000e-01
-1.750000000000000000e+00
3.671875000000000000e-01
-5.156250000000000000e-01
-1.245117187500000000e-01
-1.523437500000000000e+00
-1.186523437500000000e-01
-1.062500000000000000e+00
7.070312500000000000e-01
1.820312500000000000e+00
-6.406250000000000000e-01
-2.031250000000000000e-01
3.515625000000000000e-01
-5.976562500000000000e-01
5.351562500000000000e-01
-1.210937500000000000e+00
-2.851562500000000000e-01
9.062500000000000000e-01
9.023437500000000000e-01
-6.132812500000000000e-01
4.433593750000000000e-01
-1.298828125000000000e-01
5.429687500000000000e-01
1.015625000000000000e+00
-1.000976562500000000e-01
2.966308593750000000e-02
5.039062500000000000e-01
1.328125000000000000e+00
1.265625000000000000e+00
3.027343750000000000e-01
6.679687500000000000e-01
6.079101562500000000e-02
-3.847656250000000000e-01
-5.507812500000000000e-01
9.882812500000000000e-01
-2.812500000000000000e-01
-9.375000000000000000e-02
7.929687500000000000e-01
1.046875000000000000e+00
-2.500000000000000000e-01
-3.613281250000000000e-01
-4.809570312500000000e-02
3.833007812500000000e-02
1.148437500000000000e+00
-1.593750000000000000e+00
9.375000000000000000e-01
-3.881835937500000000e-02
-4.980468750000000000e-01
8.867187500000000000e-01
1.040039062500000000e-01
-7.070312500000000000e-01
-1.750000000000000000e+00
7.148437500000000000e-01
-2.209472656250000000e-02
-8.740234375000000000e-02
-1.132812500000000000e+00
-9.960937500000000000e-01
-2.203125000000000000e+00
-1.867187500000000000e+00
-3.442382812500000000e-02
1.108398437500000000e-01
-5.218505859375000000e-03
-1.414062500000000000e+00
-1.273437500000000000e+00
1.513671875000000000e-01
3.574218750000000000e-01
1.892089843750000000e-02
-8.710937500000000000e-01
5.117187500000000000e-01
2.421875000000000000e-01
-2.421875000000000000e-01
-8.945312500000000000e-01
-1.328125000000000000e+00
4.902343750000000000e-01
4.218750000000000000e-01
6.289062500000000000e-01
-7.187500000000000000e-01
1.164062500000000000e+00
-2.519531250000000000e-01
-2.078125000000000000e+00
-1.007080078125000000e-02
1.101562500000000000e+00
2.209472656250000000e-02
-7.304687500000000000e-01
-1.414062500000000000e+00
-1.708984375000000000e-01
1.179687500000000000e+00
2.753906250000000000e-01
1.085937500000000000e+00
5.957031250000000000e-02
-5.585937500000000000e-01
1.884765625000000000e-01
-2.832031250000000000e-02
2.648925781250000000e-02
6.757812500000000000e-01
2.656250000000000000e-01
6.079101562500000000e-02
-5.351562500000000000e-01
-5.541992187500000000e-02
1.148437500000000000e+00
3.671875000000000000e-01
-3.588867187500000000e-02
-2.695312500000000000e-01
2.871093750000000000e-01
-2.734375000000000000e-02
4.609375000000000000e-01
-7.382812500000000000e-01
-3.984375000000000000e-01
-1.845703125000000000e-01
-7.382812500000000000e-01
-1.904296875000000000e-01
3.906250000000000000e-02
-9.570312500000000000e-01
-4.628906250000000000e-01
1.796875000000000000e-01
5.429687500000000000e-01
-1.507812500000000000e+00
1.312500000000000000e+00
-5.312500000000000000e-01
-7.617187500000000000e-01
-1.617187500000000000e+00
7.304687500000000000e-01
-1.503906250000000000e-01
2.871093750000000000e-01
-1.109375000000000000e+00
-5.351562500000000000e-01
-6.054687500000000000e-01
-1.773437500000000000e+00
6.367187500000000000e-01
8.554687500000000000e-01
-2.578125000000000000e-01
1.101562500000000000e+00
-5.039062500000000000e-01
9.570312500000000000e-01
-2.812500000000000000e-01
-4.746093750000000000e-01
5.195312500000000000e-01
2.539062500000000000e-01
9.726562500000000000e-01
-3.691406250000000000e-01
-9.460449218750000000e-03
-4.296875000000000000e-02
-1.773437500000000000e+00
6.601562500000000000e-01
1.085937500000000000e+00
-5.585937500000000000e-01
-1.562500000000000000e+00
-1.210937500000000000e-01
-1.539062500000000000e+00
2.226562500000000000e-01
7.851562500000000000e-01
5.195312500000000000e-01
-3.515625000000000000e-01
1.023437500000000000e+00
7.226562500000000000e-01
2.519531250000000000e-01
-2.431640625000000000e-01
1.191406250000000000e-01
7.968750000000000000e-01
1.300048828125000000e-02
2.828125000000000000e+00
-3.247070312500000000e-02
-5.507812500000000000e-01
1.101562500000000000e+00
-4.687500000000000000e-02
8.740234375000000000e-02
-1.507812500000000000e+00
4.785156250000000000e-01
-1.531250000000000000e+00
9.375000000000000000e-01
1.226562500000000000e+00
5.664062500000000000e-01
1.210937500000000000e-01
9.726562500000000000e-01
2.294921875000000000e-01
-6.875000000000000000e-01
1.062500000000000000e+00
-1.250000000000000000e+00
-1.367187500000000000e+00
9.804687500000000000e-01
2.236328125000000000e-01
-1.914062500000000000e+00
6.562500000000000000e-01
-3.457031250000000000e-01
-2.087402343750000000e-02
-2.226562500000000000e-01
1.171875000000000000e+00
5.976562500000000000e-01
-5.898437500000000000e-01
2.307128906250000000e-02
-3.613281250000000000e-01
4.199218750000000000e-01
-5.585937500000000000e-01
4.902343750000000000e-01
1.059570312500000000e-01
1.093750000000000000e+00
-1.892089843750000000e-02
-1.523437500000000000e+00
-1.101562500000000000e+00
-4.218750000000000000e-01
7.861328125000000000e-02
1.904296875000000000e-01
-9.257812500000000000e-01
-6.406250000000000000e+00
8.867187500000000000e-01
-1.650390625000000000e-01
-1.398437500000000000e+00
-1.117187500000000000e+00
1.039062500000000000e+00
1.125000000000000000e+00
-1.382812500000000000e+00
7.148437500000000000e-01
-2.597656250000000000e-01
8.242187500000000000e-01
-5.078125000000000000e-02
-1.484375000000000000e-01
1.429687500000000000e+00
2.265625000000000000e+00
8.125000000000000000e-01
-1.202392578125000000e-02
-1.923828125000000000e-01
-3.271484375000000000e-02
1.898437500000000000e+00
-1.040039062500000000e-01
-7.187500000000000000e-01
1.046875000000000000e+00
7.080078125000000000e-02
1.875000000000000000e-01
-5.156250000000000000e+00
2.832031250000000000e-01
8.906250000000000000e-01
4.160156250000000000e-01
-1.898437500000000000e+00
-4.160156250000000000e-01
1.000000000000000000e+00
-1.218750000000000000e+00
1.273437500000000000e+00
8.554687500000000000e-01
-1.429687500000000000e+00
6.210937500000000000e-01
1.648437500000000000e+00
9.257812500000000000e-01
1.101562500000000000e+00
2.148437500000000000e-01
-1.382812500000000000e+00
-6.914062500000000000e-01
1.726562500000000000e+00
1.273437500000000000e+00
2.031250000000000000e-01
-2.236328125000000000e-01
5.000000000000000000e-01
-4.277343750000000000e-01
-8.632812500000000000e-01
-3.261718750000000000e-01
5.195312500000000000e-01
-1.304687500000000000e+00
5.937500000000000000e-01
5.000000000000000000e-01
1.279296875000000000e-01
3.300781250000000000e-01
-1.186523437500000000e-01
-7.773437500000000000e-01
-5.429687500000000000e-01
7.382812500000000000e-01
-1.250000000000000000e-01
-1.179687500000000000e+00
1.085937500000000000e+00
-4.843750000000000000e-01
4.174804687500000000e-02
-1.445312500000000000e-01
-1.570312500000000000e+00
3.671875000000000000e-01
-5.625000000000000000e-01
-1.789062500000000000e+00
1.259765625000000000e-01
5.703125000000000000e-01
2.600097656250000000e-02
9.375000000000000000e-01
1.242187500000000000e+00
1.230468750000000000e-01
-1.468750000000000000e+00
-1.259765625000000000e-01
3.964843750000000000e-01
7.470703125000000000e-02
9.843750000000000000e-01
-1.464843750000000000e-01
-8.251953125000000000e-02
2.832031250000000000e-01
2.470703125000000000e-01
3.984375000000000000e-01
1.157226562500000000e-01
-1.101562500000000000e+00
6.406250000000000000e-01
-2.140625000000000000e+00
-2.990722656250000000e-02
-4.355468750000000000e-01
-8.710937500000000000e-01
1.357421875000000000e-01
9.414062500000000000e-01
2.871093750000000000e-01
-1.445312500000000000e+00
-8.349609375000000000e-02
-3.593750000000000000e-01
-2.910156250000000000e-01
4.121093750000000000e-01
4.003906250000000000e-01
1.539062500000000000e+00
-1.396484375000000000e-01
-6.835937500000000000e-01
-1.611328125000000000e-01
-2.304687500000000000e-01
-1.357421875000000000e-01
-1.328125000000000000e+00
1.562500000000000000e+00
-1.523437500000000000e+00
6.396484375000000000e-02
-2.294921875000000000e-01
1.708984375000000000e-01
8.750000000000000000e-01
6.210937500000000000e-01
-2.093750000000000000e+00
5.429687500000000000e-01
2.753906250000000000e-01
-1.015625000000000000e-01
7.958984375000000000e-02
-4.809570312500000000e-02
-1.617187500000000000e+00
8.632812500000000000e-01
5.351562500000000000e-01
9.843750000000000000e-01
-9.335937500000000000e-01
-1.186523437500000000e-01
-1.435546875000000000e-01
1.046875000000000000e+00
2.519531250000000000e-01
2.000000000000000000e+00
1.539062500000000000e+00
7.382812500000000000e-01
-1.125000000000000000e+00
-8.554687500000000000e-01
1.689453125000000000e-01
8.281250000000000000e-01
-3.300781250000000000e-01
4.394531250000000000e-01
-8.281250000000000000e-01
-2.795410156250000000e-02
1.406250000000000000e+00
-1.552734375000000000e-01
-1.164062500000000000e+00
7.382812500000000000e-01
-1.484375000000000000e-01
-5.078125000000000000e-01
-1.148437500000000000e+00
1.867187500000000000e+00
7.617187500000000000e-02
-1.396484375000000000e-01
-1.500000000000000000e+00
-1.210937500000000000e-01
-1.308593750000000000e-01
-1.132812500000000000e+00
2.203125000000000000e+00
1.141357421875000000e-02
-1.804687500000000000e+00
-4.296875000000000000e-01
-7.500000000000000000e-01
-2.148437500000000000e-01
-8.164062500000000000e-01
-4.687500000000000000e-01
-1.835937500000000000e+00
-5.039062500000000000e-01
-2.451171875000000000e-01
7.763671875000000000e-02
7.148437500000000000e-01
-1.343750000000000000e+00
1.820312500000000000e+00
-1.320312500000000000e+00
1.533203125000000000e-01
-1.132812500000000000e+00
7.500000000000000000e-01
-1.206054687500000000e-01
-4.375000000000000000e-01
-1.296875000000000000e+00
5.664062500000000000e-01
3.730468750000000000e-01
-2.917480468750000000e-02
7.812500000000000000e-01
-1.304687500000000000e+00
9.257812500000000000e-01
6.054687500000000000e-01
-1.531250000000000000e+00
4.160156250000000000e-01
-1.215820312500000000e-01
1.953125000000000000e-02
-2.255859375000000000e-01
5.976562500000000000e-01
4.062500000000000000e-01
-1.398437500000000000e+00
-6.176757812500000000e-02
1.148437500000000000e+00
1.179687500000000000e+00
9.492187500000000000e-01
-1.552734375000000000e-01
8.320312500000000000e-01
-1.040039062500000000e-01
2.722167968750000000e-02
4.062500000000000000e-01
7.812500000000000000e-01
-2.941894531250000000e-02
-5.625000000000000000e-01
2.910156250000000000e-01
-4.614257812500000000e-02
1.148437500000000000e+00
2.314453125000000000e-01
5.000000000000000000e-01
5.351562500000000000e-01
-3.027343750000000000e-01
-1.101562500000000000e+00
-7.080078125000000000e-02
8.437500000000000000e-01
-1.046875000000000000e+00
-1.625000000000000000e+00
-4.160156250000000000e-01
-1.289062500000000000e+00
7.148437500000000000e-01
3.671875000000000000e-01
1.242187500000000000e+00
-1.710937500000000000e+00
1.672363281250000000e-02
-1.140625000000000000e+00
1.242187500000000000e+00
-8.632812500000000000e-01
-4.321289062500000000e-02
-1.273437500000000000e+00
-1.820312500000000000e+00
5.390625000000000000e-01
-1.445312500000000000e+00
1.960937500000000000e+00
-5.625000000000000000e-01
-3.105468750000000000e-01
7.500000000000000000e-01
-6.640625000000000000e-02
-8.867187500000000000e-01
-3.496093750000000000e-01
-1.226562500000000000e+00
4.355468750000000000e-01
-1.437500000000000000e+00
1.098632812500000000e-01
-1.796875000000000000e-01
5.390625000000000000e-01
-3.261718750000000000e-01
-3.515625000000000000e-01
-2.187500000000000000e-01
-2.478027343750000000e-02
4.550781250000000000e-01
-1.375000000000000000e+00
-1.865234375000000000e-01
2.138671875000000000e-01
-1.273437500000000000e+00
8.281250000000000000e-01
2.197265625000000000e-01
3.930664062500000000e-02
1.242187500000000000e+00
2.041015625000000000e-01
5.742187500000000000e-01
7.070312500000000000e-01
-1.601562500000000000e+00
4.667968750000000000e-01
3.066406250000000000e-01
1.098632812500000000e-01
-1.648437500000000000e+00
-1.812500000000000000e+00
8.867187500000000000e-01
-7.695312500000000000e-01
9.804687500000000000e-01
4.765625000000000000e-01
1.585937500000000000e+00
9.023437500000000000e-01
1.429687500000000000e+00
-9.582519531250000000e-03
4.218750000000000000e-01
3.886718750000000000e-01
-1.570312500000000000e+00
-4.765625000000000000e-01
3.359375000000000000e-01
-5.664062500000000000e-02
5.507812500000000000e-01
1.039062500000000000e+00
-3.144531250000000000e-01
1.164062500000000000e+00
-7.695312500000000000e-01
1.414062500000000000e+00
3.300781250000000000e-01
-1.484375000000000000e-01
1.554687500000000000e+00
9.335937500000000000e-01
-1.015625000000000000e-01
2.675781250000000000e-01
5.468750000000000000e-01
9.765625000000000000e-03
4.160156250000000000e-01
-1.476562500000000000e+00
-5.312500000000000000e-01
-1.687500000000000000e+00
1.923828125000000000e-01
2.832031250000000000e-01
3.417968750000000000e-01
6.445312500000000000e-01
1.414062500000000000e+00
-2.966308593750000000e-02
2.470703125000000000e-01
-7.304687500000000000e-01
-1.351562500000000000e+00
8.984375000000000000e-02
-6.500244140625000000e-03
3.046875000000000000e-01
3.691406250000000000e-01
1.117187500000000000e+00
9.101562500000000000e-01
-4.746093750000000000e-01
2.714843750000000000e-01
5.000000000000000000e-01
1.242187500000000000e+00
3.437500000000000000e-01
-5.039062500000000000e-01
-1.804687500000000000e+00
4.707031250000000000e-01
1.625000000000000000e+00
-1.343750000000000000e+00
-1.494140625000000000e-01
1.710937500000000000e+00
4.941406250000000000e-01
3.066406250000000000e-01
-1.718750000000000000e-01
-5.781250000000000000e-01
-2.929687500000000000e-02
6.367187500000000000e-01
-3.066406250000000000e-01
6.210937500000000000e-01
-1.152343750000000000e-01
1.078125000000000000e+00
-1.992187500000000000e+00
8.710937500000000000e-01
1.398437500000000000e+00
1.962890625000000000e-01
1.539062500000000000e+00
-9.687500000000000000e-01
6.127929687500000000e-02
-9.726562500000000000e-01
8.750000000000000000e-01
6.914062500000000000e-01
6.210937500000000000e-01
-2.070312500000000000e-01
-3.027343750000000000e-01
-7.617187500000000000e-01
-7.373046875000000000e-02
-1.773437500000000000e+00
1.656250000000000000e+00
-5.742187500000000000e-01
-2.429199218750000000e-02
-1.335937500000000000e+00
5.507812500000000000e-01
1.093750000000000000e+00
-7.695312500000000000e-01
1.726562500000000000e+00
1.923828125000000000e-01
9.101562500000000000e-01
6.367187500000000000e-01
1.281250000000000000e+00
2.421875000000000000e-01
1.396484375000000000e-01
-4.160156250000000000e-01
-1.074218750000000000e-02
-8.125000000000000000e-01
-5.625000000000000000e-01
2.234375000000000000e+00
6.494140625000000000e-02
6.328125000000000000e-01
7.539062500000000000e-01
-8.554687500000000000e-01
5.742187500000000000e-01
4.628906250000000000e-01
4.101562500000000000e-02
8.164062500000000000e-01
1.337890625000000000e-01
8.867187500000000000e-01
-3.574218750000000000e-01
1.976562500000000000e+00
-1.750000000000000000e+00
-7.695312500000000000e-01
-8.837890625000000000e-02
7.593750000000000000e+00
9.960937500000000000e-01
-1.570312500000000000e+00
-1.437500000000000000e+00
2.234375000000000000e+00
-7.470703125000000000e-02
3.750000000000000000e-01
3.540039062500000000e-02
9.726562500000000000e-01
8.007812500000000000e-01
1.781250000000000000e+00
2.304687500000000000e-01
7.187500000000000000e-01
-1.656250000000000000e+00
9.843750000000000000e-01
1.953125000000000000e-03
1.367187500000000000e+00
7.460937500000000000e-01
1.125000000000000000e+00
1.054687500000000000e+00
1.070312500000000000e+00
1.552734375000000000e-01
-9.423828125000000000e-02
2.353515625000000000e-01
3.671875000000000000e-01
3.247070312500000000e-02
2.968750000000000000e-01
8.007812500000000000e-01
1.157226562500000000e-01
4.980468750000000000e-01
-1.367187500000000000e+00
5.078125000000000000e-01
-4.223632812500000000e-02
9.492187500000000000e-01
1.460937500000000000e+00
3.730468750000000000e-01
1.015625000000000000e+00
1.218750000000000000e+00
7.929687500000000000e-01
-9.257812500000000000e-01
-6.679687500000000000e-01
-6.875000000000000000e-01
-5.346679687500000000e-02
2.968750000000000000e-01
1.046875000000000000e+00
2.431640625000000000e-01
1.914062500000000000e-01
-2.500000000000000000e-01
-1.429687500000000000e+00
4.589843750000000000e-02
-1.656250000000000000e+00
8.945312500000000000e-01
2.636718750000000000e-01
-1.000976562500000000e-02
5.820312500000000000e-01
-1.085937500000000000e+00
1.031250000000000000e+00
1.562500000000000000e-01
4.028320312500000000e-02
-7.460937500000000000e-01
-7.763671875000000000e-02
9.218750000000000000e-01
8.837890625000000000e-02
-1.257812500000000000e+00
2.617187500000000000e-01
7.656250000000000000e-01
-1.492187500000000000e+00
-8.398437500000000000e-01
4.003906250000000000e-01
-1.137695312500000000e-01
-1.304687500000000000e+00
6.835937500000000000e-01
-8.984375000000000000e-02
2.000000000000000000e+00
-1.757812500000000000e-01
9.101562500000000000e-01
-1.304687500000000000e+00
1.250000000000000000e-01
-1.796875000000000000e-01
9.804687500000000000e-01
-1.046875000000000000e+00
1.382812500000000000e+00
1.269531250000000000e-01
-5.742187500000000000e-01
1.148437500000000000e+00
3.925781250000000000e-01
2.382812500000000000e-01
2.587890625000000000e-02
9.414062500000000000e-01
3.300781250000000000e-01
1.757812500000000000e-01
-8.125000000000000000e-01
6.328125000000000000e-01
1.531982421875000000e-02
-1.195312500000000000e+00
-7.539062500000000000e-01
-1.460937500000000000e+00
5.820312500000000000e-01
-2.470703125000000000e-01
4.433593750000000000e-01
-1.250000000000000000e+00
5.117187500000000000e-01
-2.138671875000000000e-01
2.343750000000000000e-01
9.648437500000000000e-01
-8.320312500000000000e-01
1.023437500000000000e+00
3.125000000000000000e-01
6.992187500000000000e-01
8.105468750000000000e-02
9.492187500000000000e-01
1.176757812500000000e-01
2.597656250000000000e-01
9.375000000000000000e-02
7.187500000000000000e-01
-8.085937500000000000e-01
2.255859375000000000e-01
-2.119140625000000000e-01
-1.640625000000000000e-01
-9.765625000000000000e-02
-1.435546875000000000e-01
-6.367187500000000000e-01
9.492187500000000000e-01
-7.968750000000000000e-01
-2.868652343750000000e-02
-1.328125000000000000e+00
-1.562500000000000000e+00
-6.250000000000000000e-01
6.367187500000000000e-01
-1.031250000000000000e+00
1.235351562500000000e-01
-3.750000000000000000e-01
-1.806640625000000000e-01
6.531250000000000000e+00
-1.039062500000000000e+00
7.666015625000000000e-02
-1.710937500000000000e+00
1.845703125000000000e-01
-1.796875000000000000e-01
2.421875000000000000e+00
-1.601562500000000000e+00
8.437500000000000000e-01
3.339843750000000000e-01
-1.406250000000000000e+00
1.289062500000000000e+00
6.347656250000000000e-02
2.041015625000000000e-01
-1.210937500000000000e+00
1.226562500000000000e+00
-9.804687500000000000e-01
-1.625000000000000000e+00
-3.164062500000000000e-01
8.554687500000000000e-01
-1.474609375000000000e-01
3.125000000000000000e-01
-7.617187500000000000e-01
-5.195312500000000000e-01
2.041015625000000000e-01
-2.307128906250000000e-02
8.945312500000000000e-01
1.796875000000000000e-01
-4.433593750000000000e-01
1.031250000000000000e+00
-1.195312500000000000e+00
2.187500000000000000e-01
6.406250000000000000e-01
1.191406250000000000e-01
-2.138671875000000000e-01
1.445312500000000000e-01
7.070312500000000000e-01
-6.210937500000000000e-01
-7.171630859375000000e-03
-7.226562500000000000e-01
2.343750000000000000e+00
-7.851562500000000000e-01
9.726562500000000000e-01
5.312500000000000000e-01
-1.460937500000000000e+00
9.648437500000000000e-01
4.418945312500000000e-02
-8.007812500000000000e-01
-1.835937500000000000e+00
-7.226562500000000000e-01
-1.773437500000000000e+00
4.121093750000000000e-01
1.156250000000000000e+00
3.906250000000000000e-02
3.359375000000000000e-01
4.589843750000000000e-01
-1.570312500000000000e+00
-7.070312500000000000e-01
-2.695312500000000000e-01
-2.770996093750000000e-02
-6.445312500000000000e-01
7.500000000000000000e-01
5.898437500000000000e-01
-5.468750000000000000e-01
1.513671875000000000e-01
3.261718750000000000e-01
6.445312500000000000e-01
-4.746093750000000000e-01
8.593750000000000000e-01
2.753906250000000000e-01
-5.039062500000000000e-01
-2.761840820312500000e-03
-1.539062500000000000e+00
-1.585937500000000000e+00
-1.593750000000000000e+00
-1.351562500000000000e+00
6.328125000000000000e-01
-1.718750000000000000e+00
2.558593750000000000e-01
-6.757812500000000000e-01
8.437500000000000000e-01
1.669921875000000000e-01
5.468750000000000000e-01
-7.226562500000000000e-01
7.177734375000000000e-02
3.300781250000000000e-01
9.062500000000000000e-01
2.949218750000000000e-01
3.198242187500000000e-02
1.039062500000000000e+00
1.630859375000000000e-01
2.539062500000000000e-02
-1.523437500000000000e+00
-2.373046875000000000e-01
1.328125000000000000e-01
7.304687500000000000e-01
-1.132812500000000000e+00
1.375000000000000000e+00
9.130859375000000000e-02
-8.398437500000000000e-01
-2.697753906250000000e-02
-4.218750000000000000e-01
1.523437500000000000e-01
2.871093750000000000e-01
-3.784179687500000000e-02
-1.406250000000000000e+00
-5.976562500000000000e-01
-3.769531250000000000e-01
1.078125000000000000e+00
1.757812500000000000e-01
1.196289062500000000e-01
6.367187500000000000e-01
6.835937500000000000e-01
-3.393554687500000000e-02
-1.225585937500000000e-01
1.101562500000000000e+00
-8.593750000000000000e-02
-1.078125000000000000e+00
4.160156250000000000e-01
-7.187500000000000000e-01
-2.558593750000000000e-01
7.382812500000000000e-01
1.406250000000000000e-01
-1.882812500000000000e+00
-2.138671875000000000e-01
7.148437500000000000e-01
5.585937500000000000e-01
-2.675781250000000000e-01
1.101562500000000000e+00
-1.088867187500000000e-01
-2.714843750000000000e-01
4.707031250000000000e-01
-1.351562500000000000e+00
-1.437500000000000000e+00
-7.617187500000000000e-01
7.773437500000000000e-01
1.242187500000000000e+00
3.906250000000000000e-01
7.148437500000000000e-01
-4.941406250000000000e-01
3.535156250000000000e-01
-2.753906250000000000e-01
-6.210937500000000000e-01
4.902343750000000000e-01
1.812500000000000000e+00
1.367187500000000000e+00
1.335937500000000000e+00
3.750000000000000000e-01
3.691406250000000000e-01
1.318359375000000000e-01
-1.218750000000000000e+00
-2.431640625000000000e-01
1.242187500000000000e+00
1.242187500000000000e+00
-5.507812500000000000e-01
1.234375000000000000e+00
6.445312500000000000e-01
4.433593750000000000e-01
-7.773437500000000000e-01
7.460937500000000000e-01
-1.125000000000000000e+00
7.070312500000000000e-01
1.171875000000000000e+00
-7.851562500000000000e-01
-8.125000000000000000e-01
1.210937500000000000e+00
1.460937500000000000e+00
-1.312500000000000000e+00
1.242187500000000000e+00
1.015625000000000000e+00
2.714843750000000000e-01
-4.785156250000000000e-01
4.531250000000000000e-01
-2.314453125000000000e-01
3.925781250000000000e-01
9.335937500000000000e-01
-1.257812500000000000e+00
3.535156250000000000e-01
6.875000000000000000e-01
1.070312500000000000e+00
1.304687500000000000e+00
-3.222656250000000000e-01
6.601562500000000000e-01
-1.679687500000000000e+00
7.460937500000000000e-01
3.437500000000000000e-01
-1.351562500000000000e+00
1.289062500000000000e+00
-1.593750000000000000e+00
3.027343750000000000e-01
-1.726562500000000000e+00
-1.015625000000000000e+00
4.375000000000000000e-01
8.867187500000000000e-01
1.164062500000000000e+00
-6.054687500000000000e-01
4.296875000000000000e-01
1.357421875000000000e-01
2.282714843750000000e-02
-9.843750000000000000e-01
-1.982421875000000000e-01
-6.562500000000000000e-01
7.539062500000000000e-01
6.445312500000000000e-01
-2.380371093750000000e-02
-1.664062500000000000e+00
8.476562500000000000e-01
7.324218750000000000e-03
-6.787109375000000000e-02
3.261566162109375000e-04
1.806640625000000000e-01
-5.590820312500000000e-02
1.523437500000000000e+00
1.648437500000000000e+00
6.992187500000000000e-01
1.079101562500000000e-01
-1.093750000000000000e+00
-6.835937500000000000e-01
1.923828125000000000e-01
1.500000000000000000e+00
8.593750000000000000e-01
2.265625000000000000e+00
-5.195312500000000000e-01
-3.886718750000000000e-01
-6.601562500000000000e-01
3.808593750000000000e-01
3.535156250000000000e-01
-1.070312500000000000e+00
1.226562500000000000e+00
-4.746093750000000000e-01
3.574218750000000000e-01
1.062500000000000000e+00
-1.664062500000000000e+00
-6.132812500000000000e-01
2.792968750000000000e-01
9.423828125000000000e-02
2.519531250000000000e-01
-8.984375000000000000e-02
2.216796875000000000e-01
1.562500000000000000e-02
5.664062500000000000e-01
-1.023437500000000000e+00
-1.826171875000000000e-01
-4.082031250000000000e-01
-1.085937500000000000e+00
-3.847656250000000000e-01
-1.742187500000000000e+00
-1.867187500000000000e+00
1.176757812500000000e-01
9.804687500000000000e-01
3.222656250000000000e-01
1.845703125000000000e-01
-1.132812500000000000e+00
-3.261718750000000000e-01
-5.742187500000000000e-01
1.937500000000000000e+00
1.195312500000000000e+00
-2.138671875000000000e-01
9.335937500000000000e-01
-4.941406250000000000e-01
-2.578125000000000000e-01
1.445312500000000000e-01
1.382812500000000000e+00
-7.851562500000000000e-01
2.041015625000000000e-01
2.373046875000000000e-01
-3.417968750000000000e-01
-6.914062500000000000e-01
1.689453125000000000e-01
4.687500000000000000e-01
5.039062500000000000e-01
-1.242187500000000000e+00
8.125000000000000000e-01
3.535156250000000000e-01
-1.726562500000000000e+00
6.210937500000000000e-01
9.414062500000000000e-01
-8.320312500000000000e-01
-9.648437500000000000e-01
7.226562500000000000e-01
2.714843750000000000e-01
2.792968750000000000e-01
9.130859375000000000e-02
9.101562500000000000e-01
1.357421875000000000e-01
-1.679687500000000000e-01
1.210937500000000000e+00
-2.990722656250000000e-02
1.708984375000000000e-01
8.007812500000000000e-01
-2.949218750000000000e-01
4.199218750000000000e-01
-6.875000000000000000e-01
-3.886718750000000000e-01
7.226562500000000000e-01
6.523437500000000000e-01
1.630859375000000000e-01
2.656250000000000000e-01
5.351562500000000000e-01
-1.156250000000000000e+00
-1.789062500000000000e+00
3.750000000000000000e-01
3.339843750000000000e-01
1.552734375000000000e-01
-5.664062500000000000e-02
3.588867187500000000e-02
6.079101562500000000e-02
-7.968750000000000000e-01
2.910156250000000000e-01
-9.570312500000000000e-01
8.242187500000000000e-01
-3.261718750000000000e-01
-1.812500000000000000e+00
-1.265625000000000000e+00
1.898437500000000000e+00
1.468750000000000000e+00
2.158203125000000000e-01
1.689453125000000000e-01
7.851562500000000000e-01
-1.147460937500000000e-01
1.464843750000000000e-01
-4.941406250000000000e-01
-6.914062500000000000e-01
7.226562500000000000e-02
3.535156250000000000e-01
9.179687500000000000e-01
-5.898437500000000000e-01
1.062500000000000000e+00
4.160156250000000000e-01
-4.121093750000000000e-01
-1.279296875000000000e-01
-6.914062500000000000e-01
7.500000000000000000e-01
-1.884765625000000000e-01
8.867187500000000000e-01
1.000000000000000000e+00
2.156250000000000000e+00
-9.094238281250000000e-03
1.611328125000000000e-01
-7.500000000000000000e-01
-1.554687500000000000e+00
-5.742187500000000000e-01
-1.108398437500000000e-01
-4.238281250000000000e-01
-1.476562500000000000e+00
-9.375000000000000000e-01
-1.351562500000000000e+00
3.691406250000000000e-01
4.296875000000000000e-02
1.023437500000000000e+00
1.914062500000000000e+00
-1.296875000000000000e+00
2.929687500000000000e-02
-8.085937500000000000e-01
-2.109375000000000000e-01
6.992187500000000000e-01
1.039062500000000000e+00
7.226562500000000000e-01
-1.039062500000000000e+00
2.031250000000000000e-01
7.070312500000000000e-01
-1.884765625000000000e-01
-1.585937500000000000e+00
3.847656250000000000e-01
-1.445312500000000000e+00
-1.127929687500000000e-01
-9.687500000000000000e-01
-1.187500000000000000e+00
1.046875000000000000e+00
1.179687500000000000e+00
4.980468750000000000e-01
6.601562500000000000e-01
2.216796875000000000e-01
-6.250000000000000000e-01
-1.464843750000000000e-01
-1.710937500000000000e+00
-1.625000000000000000e+00
-1.113281250000000000e-01
9.023437500000000000e-01
7.304687500000000000e-01
1.257812500000000000e+00
-2.656250000000000000e-01
-1.806640625000000000e-01
4.003906250000000000e-01
4.472656250000000000e-01
-2.968750000000000000e-01
2.695312500000000000e-01
1.179687500000000000e+00
4.433593750000000000e-01
5.429687500000000000e-01
2.148437500000000000e-02
2.832031250000000000e-01
-4.921875000000000000e-01
-1.414062500000000000e+00
1.992187500000000000e-01
1.625000000000000000e+00
-1.835937500000000000e+00
-1.265625000000000000e+00
3.593750000000000000e-01
-9.257812500000000000e-01
-2.656250000000000000e-01
6.718750000000000000e-01
6.406250000000000000e-01
-1.296875000000000000e+00
-1.742187500000000000e+00
7.148437500000000000e-01
-6.933593750000000000e-02
-1.062500000000000000e+00
4.511718750000000000e-01
8.164062500000000000e-01
-5.117187500000000000e-01
8.085937500000000000e-01
4.589843750000000000e-01
-5.234375000000000000e-01
-2.216796875000000000e-01
-3.886718750000000000e-01
1.242187500000000000e+00
9.804687500000000000e-01
3.105468750000000000e-01
1.335937500000000000e+00
-5.976562500000000000e-01
-1.757812500000000000e-01
-3.906250000000000000e-01
9.716796875000000000e-02
-3.535156250000000000e-01
-1.088867187500000000e-01
-5.976562500000000000e-01
2.871093750000000000e-01
8.007812500000000000e-01
2.412109375000000000e-01
-8.710937500000000000e-01
-1.750000000000000000e+00
1.289062500000000000e+00
-1.039062500000000000e+00
-1.593750000000000000e+00
7.343750000000000000e-01
8.085937500000000000e-01
-2.314453125000000000e-01
-1.923828125000000000e-01
1.023437500000000000e+00
-3.203125000000000000e-01
2.041015625000000000e-01
5.429687500000000000e-01
-4.316406250000000000e-01
-1.062500000000000000e+00
1.132812500000000000e+00
-1.398437500000000000e+00
5.585937500000000000e-01
-1.632812500000000000e+00
-1.570312500000000000e+00
5.312500000000000000e-01
1.269531250000000000e-01
-5.937500000000000000e-01
-4.472656250000000000e-01
7.929687500000000000e-01
-8.593750000000000000e-01
3.344726562500000000e-02
-4.028320312500000000e-02
-1.351562500000000000e+00
1.007812500000000000e+00
-3.857421875000000000e-02
1.039062500000000000e+00
9.326171875000000000e-02
-2.949218750000000000e-01
-5.312500000000000000e-01
-3.203125000000000000e-01
1.679687500000000000e+00
-1.539062500000000000e+00
-1.195312500000000000e+00
4.199218750000000000e-01
-2.392578125000000000e-01
1.257812500000000000e+00
2.600097656250000000e-02
1.789062500000000000e+00
4.809570312500000000e-02
-4.812500000000000000e+00
-2.648925781250000000e-02
-4.316406250000000000e-01
1.132812500000000000e-01
6.992187500000000000e-01
2.392578125000000000e-01
4.042968750000000000e-01
1.226562500000000000e+00
2.988281250000000000e-01
-8.867187500000000000e-01
-1.035156250000000000e-01
3.046875000000000000e-01
-1.437500000000000000e+00
-2.451171875000000000e-01
2.359375000000000000e+00
8.125000000000000000e-01
-5.742187500000000000e-01
-6.718750000000000000e-01
1.055908203125000000e-02
4.511718750000000000e-01
1.164062500000000000e+00
-8.125000000000000000e-01
3.046875000000000000e-01
-1.257812500000000000e+00
8.007812500000000000e-01
-1.552734375000000000e-01
-1.070312500000000000e+00
5.312500000000000000e-01
-1.625000000000000000e+00
1.562500000000000000e-01
3.593750000000000000e-01
1.416015625000000000e-01
6.171875000000000000e-01
1.179687500000000000e+00
-1.015625000000000000e-01
-4.746093750000000000e-01
3.515625000000000000e-01
-2.078125000000000000e+00
4.511718750000000000e-01
7.695312500000000000e-01
-4.531250000000000000e-01
-5.234375000000000000e-01
1.023437500000000000e+00
5.820312500000000000e-01
6.011962890625000000e-03
-1.414062500000000000e+00
-9.257812500000000000e-01
1.507812500000000000e+00
-1.625000000000000000e+00
-3.984375000000000000e-01
1.148437500000000000e+00
-1.367187500000000000e+00
2.001953125000000000e-01
-7.226562500000000000e-01
5.664062500000000000e-01
6.914062500000000000e-01
-4.160156250000000000e-01
4.042968750000000000e-01
-3.046875000000000000e-01
1.710937500000000000e+00
2.753906250000000000e-01
-1.593750000000000000e+00
-8.320312500000000000e-01
2.500000000000000000e-01
-4.980468750000000000e-01
1.157226562500000000e-01
-7.343750000000000000e-01
1.132812500000000000e+00
-8.056640625000000000e-02
1.210937500000000000e+00
-4.418945312500000000e-02
-1.046875000000000000e+00
9.062500000000000000e-01
-1.656250000000000000e+00
1.923828125000000000e-01
-1.000000000000000000e+00
7.187500000000000000e-01
8.554687500000000000e-01
-4.609375000000000000e-01
1.210937500000000000e+00
3.066406250000000000e-01
-1.210937500000000000e+00
2.265625000000000000e-01
-5.957031250000000000e-02
-3.964843750000000000e-01
-7.226562500000000000e-01
-1.601562500000000000e+00
1.804687500000000000e+00
3.847656250000000000e-01
1.460937500000000000e+00
1.000976562500000000e-01
3.671875000000000000e+00
-2.812500000000000000e-01
2.216796875000000000e-01
-9.492187500000000000e-01
1.101562500000000000e+00
1.914062500000000000e+00
3.144531250000000000e-01
1.437500000000000000e+00
-4.956054687500000000e-02
-1.953125000000000000e-02
-2.031250000000000000e-01
6.445312500000000000e-02
-1.398437500000000000e+00
6.992187500000000000e-01
3.066406250000000000e-01
1.148437500000000000e+00
4.785156250000000000e-02
-2.080078125000000000e-01
-4.316406250000000000e-01
-9.804687500000000000e-01
-8.554687500000000000e-01
4.028320312500000000e-02
1.101562500000000000e+00
1.851562500000000000e+00
1.101562500000000000e+00
8.437500000000000000e-01
4.375000000000000000e-01
6.835937500000000000e-01
-2.587890625000000000e-02
-1.070312500000000000e+00
1.455078125000000000e-01
9.704589843750000000e-03
-3.613281250000000000e-01
1.101562500000000000e+00
1.300048828125000000e-02
9.179687500000000000e-01
-4.941406250000000000e-01
-9.882812500000000000e-01
-2.519531250000000000e-01
-6.992187500000000000e-01
9.804687500000000000e-01
-1.429687500000000000e+00
-3.652343750000000000e-01
6.562500000000000000e-01
-5.981445312500000000e-02
5.429687500000000000e-01
4.531250000000000000e-01
4.082031250000000000e-01
-1.164062500000000000e+00
7.382812500000000000e-01
1.351562500000000000e+00
-7.695312500000000000e-01
-1.539062500000000000e+00
-1.320312500000000000e+00
-1.906250000000000000e+00
8.085937500000000000e-01
1.640625000000000000e-01
6.914062500000000000e-01
-1.845703125000000000e-01
2.304687500000000000e-01
3.925781250000000000e-01
-9.228515625000000000e-02
4.418945312500000000e-02
3.046875000000000000e-01
-3.300781250000000000e-01
8.554687500000000000e-01
-1.943359375000000000e-01
8.867187500000000000e-01
6.562500000000000000e-01
1.943359375000000000e-01
1.992187500000000000e+00
1.085937500000000000e+00
-4.550781250000000000e-01
-3.300781250000000000e-01
1.179687500000000000e+00
7.773437500000000000e-01
-7.187500000000000000e-01
3.784179687500000000e-02
7.695312500000000000e-01
9.257812500000000000e-01
-1.492187500000000000e+00
2.773437500000000000e-01
1.132812500000000000e+00
-4.082031250000000000e-01
2.949218750000000000e-01
-4.843750000000000000e+00
3.378906250000000000e-01
1.226562500000000000e+00
5.507812500000000000e-01
7.773437500000000000e-01
1.437500000000000000e+00
7.148437500000000000e-01
3.535156250000000000e-01
-1.367187500000000000e+00
5.585937500000000000e-01
2.578125000000000000e-01
-1.242187500000000000e+00
4.082031250000000000e-01
8.867187500000000000e-01
-4.375000000000000000e-01
-3.906250000000000000e-01
-4.687500000000000000e-01
-2.871093750000000000e-01
4.394531250000000000e-01
1.092529296875000000e-02
1.835937500000000000e+00
-1.179687500000000000e+00
-1.773437500000000000e+00
-1.710937500000000000e+00
-2.412109375000000000e-01
-4.394531250000000000e-01
5.981445312500000000e-02
-2.015625000000000000e+00
1.250000000000000000e+00
1.669921875000000000e-01
-4.765625000000000000e-01
-1.562500000000000000e-02
1.164062500000000000e+00
-2.773437500000000000e-01
5.507812500000000000e-01
-2.636718750000000000e-01
2.062500000000000000e+00
7.617187500000000000e-01
1.132812500000000000e-01
1.570312500000000000e+00
-2.451171875000000000e-01
-1.062500000000000000e+00
-6.875000000000000000e-01
4.472656250000000000e-01
2.597656250000000000e-01
8.632812500000000000e-01
-7.773437500000000000e-01
1.132812500000000000e+00
-3.300781250000000000e-01
-1.000000000000000000e+00
1.007080078125000000e-02
-1.070312500000000000e+00
3.769531250000000000e-01
-4.277343750000000000e-01
-3.144531250000000000e-01
4.746093750000000000e-01
-2.421875000000000000e-01
-2.421875000000000000e-01
-1.101562500000000000e+00
9.062500000000000000e-01
-1.923828125000000000e-01
-5.664062500000000000e-01
-6.054687500000000000e-01
9.414062500000000000e-01
1.148437500000000000e+00
-3.164062500000000000e-01
-1.617187500000000000e+00
8.476562500000000000e-01
1.533203125000000000e-01
3.593750000000000000e-01
-9.804687500000000000e-01
-2.343750000000000000e-01
-4.062500000000000000e-01
-6.079101562500000000e-02
1.220703125000000000e-02
3.300781250000000000e-01
-6.494140625000000000e-02
-8.242187500000000000e-01
-8.447265625000000000e-02
-3.593750000000000000e-01
-1.235351562500000000e-01
-6.992187500000000000e-01
-2.294921875000000000e-01
1.787109375000000000e-01
-4.433593750000000000e-01
1.396484375000000000e-01
5.664062500000000000e-01
-1.187500000000000000e+00
7.568359375000000000e-02
1.148437500000000000e+00
9.804687500000000000e-01
1.140625000000000000e+00
-4.687500000000000000e-01
1.318359375000000000e-01
1.043701171875000000e-02
-7.812500000000000000e-01
-6.445312500000000000e-01
-8.437500000000000000e-01
1.648437500000000000e+00
-1.562500000000000000e+00
1.203125000000000000e+00
3.886718750000000000e-01
4.316406250000000000e-01
2.470703125000000000e-01
3.247070312500000000e-02
2.675781250000000000e-01
-1.750000000000000000e+00
1.343750000000000000e+00
3.593750000000000000e-01
-2.587890625000000000e-02
8.125000000000000000e-01
1.000000000000000000e+00
-9.492187500000000000e-01
-7.929687500000000000e-01
1.445312500000000000e-01
-3.437500000000000000e-01
-1.367187500000000000e+00
-8.740234375000000000e-02
-9.882812500000000000e-01
-9.257812500000000000e-01
-2.216796875000000000e-01
4.824218750000000000e-01
-4.199218750000000000e-01
-3.203125000000000000e-01
7.148437500000000000e-01
-1.296875000000000000e+00
2.490234375000000000e-01
-2.578125000000000000e-01
1.235351562500000000e-01
5.742187500000000000e-01
2.812500000000000000e-01
4.321289062500000000e-02
3.164062500000000000e-01
-5.820312500000000000e-01
-1.570312500000000000e+00
8.349609375000000000e-02
-7.476806640625000000e-03
-8.125000000000000000e-01
-9.179687500000000000e-01
-5.590820312500000000e-02
7.666015625000000000e-02
-1.664062500000000000e+00
-6.835937500000000000e-01
7.031250000000000000e-02
-3.906250000000000000e-02
6.992187500000000000e-01
1.650390625000000000e-01
3.847656250000000000e-01
2.050781250000000000e-02
-6.914062500000000000e-01
-2.451171875000000000e-01
-6.347656250000000000e-02
1.357421875000000000e-01
-9.023437500000000000e-01
-6.787109375000000000e-02
-1.312500000000000000e+00
-4.418945312500000000e-02
6.494140625000000000e-02
5.932617187500000000e-02
1.923828125000000000e-01
1.750000000000000000e+00
1.523437500000000000e+00
1.445312500000000000e+00
-8.945312500000000000e-01
-1.376953125000000000e-01
1.069335937500000000e-01
4.218750000000000000e-01
4.687500000000000000e-01
-8.447265625000000000e-02
-7.929687500000000000e-01
7.304687500000000000e-01
-9.960937500000000000e-02
1.164062500000000000e+00
3.247070312500000000e-02
7.968750000000000000e-01
3.125000000000000000e-01
-1.093750000000000000e+00
3.007812500000000000e-01
3.964843750000000000e-01
-5.000000000000000000e-01
-5.156250000000000000e-01
-2.871093750000000000e-01
-1.242187500000000000e+00
2.792968750000000000e-01
7.460937500000000000e-01
-9.687500000000000000e-01
2.636718750000000000e-01
-1.554687500000000000e+00
-5.156250000000000000e-01
-1.884765625000000000e-01
-1.225585937500000000e-01
4.843750000000000000e-01
