2.617187500000000000e-01
1.943359375000000000e-01
7.148437500000000000e-01
-2.156250000000000000e+00
-3.296875000000000000e+00
3.984375000000000000e-01
-3.140625000000000000e+00
2.597656250000000000e-01
3.203125000000000000e-01
2.519531250000000000e-01
-2.390625000000000000e+00
2.353515625000000000e-01
2.294921875000000000e-02
2.138671875000000000e-01
2.314453125000000000e-01
2.470703125000000000e-01
8.437500000000000000e-01
2.148437500000000000e-01
3.886718750000000000e-01
1.582031250000000000e-01
-2.001953125000000000e-01
5.781250000000000000e-01
5.078125000000000000e-01
3.593750000000000000e-01
5.546875000000000000e-01
1.210937500000000000e-01
4.160156250000000000e-01
3.691406250000000000e-01
1.455078125000000000e-01
5.195312500000000000e-01
-3.125000000000000000e+00
2.539062500000000000e-01
2.490234375000000000e-01
2.968750000000000000e-01
4.433593750000000000e-01
-2.953125000000000000e+00
2.021484375000000000e-01
3.613281250000000000e-01
4.238281250000000000e-01
-3.203125000000000000e+00
2.578125000000000000e-01
2.890625000000000000e-01
1.435546875000000000e-01
3.847656250000000000e-01
1.186523437500000000e-01
2.158203125000000000e-01
1.757812500000000000e-01
3.906250000000000000e-01
4.550781250000000000e-01
-3.078125000000000000e+00
5.234375000000000000e-01
1.070312500000000000e+00
3.105468750000000000e-01
3.964843750000000000e-01
3.613281250000000000e-01
3.652343750000000000e-01
3.222656250000000000e-01
8.593750000000000000e-01
3.652343750000000000e-01
2.294921875000000000e-01
3.593750000000000000e-01
3.886718750000000000e-01
3.125000000000000000e-01
1.992187500000000000e-01
3.652343750000000000e-01
2.587890625000000000e-02
2.832031250000000000e-01
3.437500000000000000e-01
3.906250000000000000e-01
2.617187500000000000e-01
2.031250000000000000e-01
1.088867187500000000e-01
3.808593750000000000e-01
6.347656250000000000e-03
3.808593750000000000e-01
1.943359375000000000e-01
3.105468750000000000e-01
3.808593750000000000e-01
-2.921875000000000000e+00
3.242187500000000000e-01
9.716796875000000000e-02
3.417968750000000000e-01
2.500000000000000000e-01
6.640625000000000000e-01
4.121093750000000000e-01
-2.750000000000000000e+00
2.910156250000000000e-01
4.355468750000000000e-01
1.435546875000000000e-01
3.906250000000000000e-01
3.261718750000000000e-01
-2.546875000000000000e+00
-2.078125000000000000e+00
2.832031250000000000e-01
3.828125000000000000e-01
4.199218750000000000e-01
3.457031250000000000e-01
-2.125000000000000000e+00
2.265625000000000000e-01
1.962890625000000000e-01
4.589843750000000000e-01
4.375000000000000000e-01
2.314453125000000000e-01
2.236328125000000000e-01
2.158203125000000000e-01
2.832031250000000000e-01
1.650390625000000000e-01
5.156250000000000000e-01
1.845703125000000000e-01
2.636718750000000000e-01
2.343750000000000000e-01
1.312500000000000000e+00
1.826171875000000000e-01
-3.062500000000000000e+00
2.656250000000000000e-01
8.398437500000000000e-01
3.691406250000000000e-01
3.750000000000000000e-01
-2.828125000000000000e+00
3.730468750000000000e-01
1.992187500000000000e-01
-5.444335937500000000e-02
2.470703125000000000e-01
2.138671875000000000e-01
8.837890625000000000e-02
2.753906250000000000e-01
2.265625000000000000e-01
1.787109375000000000e-01
4.453125000000000000e-01
7.958984375000000000e-02
5.737304687500000000e-02
4.667968750000000000e-01
3.593750000000000000e-01
2.255859375000000000e-01
3.066406250000000000e-01
5.371093750000000000e-03
5.000000000000000000e-01
3.730468750000000000e-01
2.890625000000000000e-01
4.316406250000000000e-01
3.339843750000000000e-01
5.883789062500000000e-02
3.437500000000000000e-01
2.578125000000000000e-01
3.515625000000000000e-01
2.282714843750000000e-02
4.609375000000000000e-01
4.375000000000000000e-01
2.314453125000000000e-01
2.138671875000000000e-01
-2.890625000000000000e+00
2.578125000000000000e-01
-4.531250000000000000e-01
2.500000000000000000e-01
-3.078125000000000000e+00
7.539062500000000000e-01
4.062500000000000000e-01
3.613281250000000000e-01
-2.671875000000000000e+00
6.054687500000000000e-02
4.785156250000000000e-01
-3.234375000000000000e+00
4.003906250000000000e-01
3.437500000000000000e-01
4.199218750000000000e-01
2.109375000000000000e-01
3.183593750000000000e-01
2.871093750000000000e-01
2.597656250000000000e-01
2.558593750000000000e-01
4.921875000000000000e-01
1.914062500000000000e-01
2.949218750000000000e-01
-1.757812500000000000e-01
4.472656250000000000e-01
4.492187500000000000e-02
-3.265625000000000000e+00
2.343750000000000000e-01
2.138671875000000000e-01
4.589843750000000000e-01
-2.828125000000000000e+00
-1.069335937500000000e-01
-3.062500000000000000e+00
2.070312500000000000e-01
4.589843750000000000e-01
3.828125000000000000e-01
-9.375000000000000000e-02
1.406250000000000000e+00
4.042968750000000000e-01
2.539062500000000000e-01
2.333984375000000000e-01
3.164062500000000000e-01
1.062500000000000000e+00
4.003906250000000000e-01
4.062500000000000000e-01
1.108398437500000000e-01
4.003906250000000000e-01
2.753906250000000000e-01
1.992187500000000000e-01
4.277343750000000000e-01
3.378906250000000000e-01
1.767578125000000000e-01
-2.171875000000000000e+00
2.236328125000000000e-01
2.373046875000000000e-01
6.494140625000000000e-02
2.539062500000000000e-01
8.906250000000000000e-01
3.613281250000000000e-01
3.925781250000000000e-01
3.769531250000000000e-01
-2.468750000000000000e+00
-2.625000000000000000e+00
7.382812500000000000e-01
1.552734375000000000e-01
-3.375000000000000000e+00
4.140625000000000000e-01
4.433593750000000000e-01
5.234375000000000000e-01
2.294921875000000000e-01
7.304687500000000000e-01
3.105468750000000000e-01
1.904296875000000000e-01
2.355957031250000000e-02
1.494140625000000000e-01
2.382812500000000000e-01
3.027343750000000000e-01
3.125000000000000000e-01
6.439208984375000000e-03
6.250000000000000000e-01
2.910156250000000000e-01
-1.937500000000000000e+00
-1.187500000000000000e+00
3.750000000000000000e-01
3.515625000000000000e-01
4.902343750000000000e-01
2.519531250000000000e-01
-6.781250000000000000e+00
5.039062500000000000e-01
1.875000000000000000e-01
-3.250000000000000000e+00
-1.726562500000000000e+00
2.558593750000000000e-01
1.669921875000000000e-01
-2.078125000000000000e+00
4.589843750000000000e-01
1.357421875000000000e-01
1.062500000000000000e+00
2.412109375000000000e-01
5.078125000000000000e-01
1.210937500000000000e-01
3.535156250000000000e-01
1.166992187500000000e-01
2.792968750000000000e-01
3.515625000000000000e-01
1.923828125000000000e-01
3.046875000000000000e-01
2.343750000000000000e-01
8.935546875000000000e-02
9.492187500000000000e-01
4.355468750000000000e-01
3.066406250000000000e-01
-5.281250000000000000e+00
6.689453125000000000e-02
1.335937500000000000e+00
3.750000000000000000e-01
-3.312500000000000000e+00
3.906250000000000000e-01
8.320312500000000000e-01
-2.218750000000000000e+00
1.164062500000000000e+00
3.925781250000000000e-01
-1.929687500000000000e+00
2.636718750000000000e-01
2.275390625000000000e-01
1.031250000000000000e+00
2.597656250000000000e-01
1.088867187500000000e-01
-2.546875000000000000e+00
-5.898437500000000000e-01
2.519531250000000000e-01
1.500000000000000000e+00
5.195312500000000000e-01
5.039062500000000000e-01
4.687500000000000000e-01
2.421875000000000000e-01
-7.695312500000000000e-01
1.845703125000000000e-01
3.417968750000000000e-01
2.675781250000000000e-01
3.417968750000000000e-01
7.812500000000000000e-02
2.578125000000000000e-01
9.326171875000000000e-02
4.589843750000000000e-01
3.671875000000000000e-01
3.906250000000000000e-01
3.261718750000000000e-01
2.968750000000000000e-01
2.636718750000000000e-01
3.222656250000000000e-01
4.277343750000000000e-01
4.375000000000000000e-01
9.765625000000000000e-04
-2.484375000000000000e+00
1.767578125000000000e-01
2.871093750000000000e-01
-3.109375000000000000e+00
4.277343750000000000e-01
2.273559570312500000e-03
1.806640625000000000e-01
9.179687500000000000e-01
1.572265625000000000e-01
2.421875000000000000e-01
-3.234375000000000000e+00
1.235351562500000000e-01
1.054687500000000000e-01
3.808593750000000000e-01
1.031250000000000000e+00
2.062988281250000000e-02
2.373046875000000000e-01
3.906250000000000000e-01
4.082031250000000000e-01
2.812500000000000000e-01
1.865234375000000000e-01
-1.835937500000000000e+00
4.355468750000000000e-01
-2.984375000000000000e+00
1.206054687500000000e-01
1.196289062500000000e-01
-1.070312500000000000e+00
4.199218750000000000e-02
1.101562500000000000e+00
4.663085937500000000e-02
-2.703125000000000000e+00
2.470703125000000000e-01
-1.812500000000000000e+00
7.714843750000000000e-02
1.835937500000000000e-01
3.261718750000000000e-01
2.197265625000000000e-01
4.589843750000000000e-02
5.493164062500000000e-02
4.472656250000000000e-01
4.902343750000000000e-01
2.578125000000000000e-01
2.558593750000000000e-01
2.832031250000000000e-01
2.832031250000000000e-01
2.216796875000000000e-01
2.460937500000000000e-01
4.174804687500000000e-02
9.492187500000000000e-01
1.230468750000000000e-01
-3.578125000000000000e+00
8.281250000000000000e-01
3.964843750000000000e-01
2.001953125000000000e-01
3.144531250000000000e-01
2.273559570312500000e-03
-3.250000000000000000e+00
1.156250000000000000e+00
1.718750000000000000e-01
2.421875000000000000e-01
-1.179687500000000000e+00
2.988281250000000000e-01
1.748046875000000000e-01
3.535156250000000000e-01
3.593750000000000000e-01
3.144531250000000000e-01
1.679687500000000000e-01
3.691406250000000000e-01
4.277343750000000000e-01
3.339843750000000000e-01
2.949218750000000000e-01
2.812500000000000000e-01
7.373046875000000000e-02
4.785156250000000000e-02
2.636718750000000000e-01
3.144531250000000000e-01
1.343750000000000000e+00
3.593750000000000000e-01
-2.062500000000000000e+00
2.265625000000000000e-01
2.714843750000000000e-01
5.468750000000000000e-01
4.467773437500000000e-02
1.845703125000000000e-01
7.421875000000000000e-02
3.066406250000000000e-01
-2.078125000000000000e+00
-5.195312500000000000e-01
1.982421875000000000e-01
-1.085937500000000000e+00
3.847656250000000000e-01
8.984375000000000000e-02
-2.437500000000000000e+00
4.003906250000000000e-01
-7.148437500000000000e-01
2.695312500000000000e-01
-8.945312500000000000e-01
-5.742187500000000000e-01
-2.796875000000000000e+00
2.832031250000000000e-01
2.890625000000000000e-01
1.328125000000000000e-01
4.609375000000000000e-01
-2.015625000000000000e+00
1.531250000000000000e+00
1.865234375000000000e-01
2.060546875000000000e-01
2.158203125000000000e-01
1.904296875000000000e-01
2.216796875000000000e-01
2.304687500000000000e-01
2.832031250000000000e-01
4.296875000000000000e-01
2.695312500000000000e-01
3.691406250000000000e-01
9.726562500000000000e-01
-2.921875000000000000e+00
9.726562500000000000e-01
9.814453125000000000e-02
1.767578125000000000e-01
1.992187500000000000e-01
-2.275390625000000000e-01
4.902343750000000000e-01
1.708984375000000000e-01
3.652343750000000000e-01
4.667968750000000000e-01
1.474609375000000000e-01
7.763671875000000000e-02
2.187500000000000000e-01
1.554687500000000000e+00
1.085937500000000000e+00
1.875000000000000000e-01
8.632812500000000000e-01
5.039062500000000000e-01
3.378906250000000000e-01
2.294921875000000000e-01
2.060546875000000000e-01
2.119140625000000000e-01
3.828125000000000000e-01
3.691406250000000000e-01
8.984375000000000000e-02
8.398437500000000000e-02
2.431640625000000000e-01
4.121093750000000000e-01
8.945312500000000000e-01
2.373046875000000000e-01
3.027343750000000000e-01
5.742187500000000000e-01
7.617187500000000000e-01
-2.046875000000000000e+00
-3.234375000000000000e+00
3.496093750000000000e-01
2.138671875000000000e-01
2.636718750000000000e-01
1.865234375000000000e-01
1.085937500000000000e+00
-2.640625000000000000e+00
2.236328125000000000e-01
-1.414062500000000000e+00
1.031250000000000000e+00
2.753906250000000000e-01
0.000000000000000000e+00
3.105468750000000000e-01
-3.390625000000000000e+00
2.070312500000000000e-01
-2.796875000000000000e+00
3.046875000000000000e-01
3.027343750000000000e-01
-4.140625000000000000e-01
6.875000000000000000e-01
2.294921875000000000e-01
2.988281250000000000e-01
4.589843750000000000e-01
3.125000000000000000e-01
1.210937500000000000e-01
-2.671875000000000000e+00
1.630859375000000000e-01
5.039062500000000000e-01
6.132812500000000000e-01
1.054687500000000000e-01
3.144531250000000000e-01
-2.617187500000000000e-01
1.953125000000000000e-01
1.396484375000000000e-01
-1.476562500000000000e+00
7.177734375000000000e-02
3.730468750000000000e-01
-2.859375000000000000e+00
3.085937500000000000e-01
-7.177734375000000000e-02
2.988281250000000000e-01
2.343750000000000000e-01
4.121093750000000000e-01
5.585937500000000000e-01
8.632812500000000000e-01
-2.750000000000000000e+00
1.572265625000000000e-01
9.375000000000000000e-01
3.437500000000000000e-01
-1.945312500000000000e+00
-3.140625000000000000e+00
2.158203125000000000e-01
4.199218750000000000e-01
5.664062500000000000e-01
4.121093750000000000e-01
3.593750000000000000e-01
7.304687500000000000e-01
2.910156250000000000e-01
3.359375000000000000e-01
3.925781250000000000e-01
4.472656250000000000e-01
-2.578125000000000000e+00
1.767578125000000000e-01
2.001953125000000000e-01
4.277343750000000000e-01
3.769531250000000000e-01
4.687500000000000000e-01
1.455078125000000000e-01
1.351562500000000000e+00
-6.484375000000000000e-01
2.890625000000000000e-01
2.968750000000000000e-01
5.664062500000000000e-01
1.601562500000000000e+00
9.804687500000000000e-01
4.160156250000000000e-01
1.259765625000000000e-01
2.060546875000000000e-01
1.435546875000000000e-01
2.343750000000000000e-01
-2.484375000000000000e+00
1.767578125000000000e-01
3.906250000000000000e-01
1.132812500000000000e-01
3.027343750000000000e-01
5.468750000000000000e-01
5.742187500000000000e-01
2.949218750000000000e-01
5.351562500000000000e-01
3.144531250000000000e-01
3.964843750000000000e-01
-2.484375000000000000e+00
4.277343750000000000e-01
3.593750000000000000e-01
4.121093750000000000e-01
1.923828125000000000e-01
2.734375000000000000e-01
7.851562500000000000e-01
2.792968750000000000e-01
2.832031250000000000e-01
1.611328125000000000e-01
1.455078125000000000e-01
-1.069335937500000000e-01
3.828125000000000000e-01
-3.203125000000000000e+00
1.074218750000000000e-01
3.593750000000000000e-01
-3.359375000000000000e+00
2.294921875000000000e-01
2.519531250000000000e-01
1.552734375000000000e-01
2.236328125000000000e-01
3.906250000000000000e-01
3.964843750000000000e-01
-3.784179687500000000e-02
6.367187500000000000e-01
3.613281250000000000e-01
3.574218750000000000e-01
1.689453125000000000e-01
1.750000000000000000e+00
-3.203125000000000000e+00
8.398437500000000000e-01
8.837890625000000000e-02
5.039062500000000000e-01
3.281250000000000000e-01
3.027343750000000000e-01
5.429687500000000000e-01
1.923828125000000000e-01
5.742187500000000000e-01
9.843750000000000000e-01
3.769531250000000000e-01
-6.500244140625000000e-03
1.982421875000000000e-01
4.433593750000000000e-01
1.494140625000000000e-01
3.066406250000000000e-01
3.437500000000000000e-01
4.140625000000000000e-01
2.910156250000000000e-01
1.796875000000000000e-01
3.652343750000000000e-01
8.906250000000000000e-01
4.394531250000000000e-01
3.144531250000000000e-01
1.166992187500000000e-01
1.187500000000000000e+00
3.046875000000000000e-01
3.261718750000000000e-01
1.435546875000000000e-01
2.968750000000000000e-01
6.093750000000000000e-01
3.046875000000000000e-01
3.847656250000000000e-01
5.195312500000000000e-01
4.316406250000000000e-01
2.578125000000000000e-01
4.316406250000000000e-01
3.339843750000000000e-01
2.558593750000000000e-01
5.156250000000000000e-01
3.964843750000000000e-01
2.792968750000000000e-01
1.148437500000000000e+00
4.453125000000000000e-01
9.765625000000000000e-02
2.519531250000000000e-01
3.496093750000000000e-01
-2.578125000000000000e+00
-6.640625000000000000e-01
-1.562500000000000000e-01
6.531250000000000000e+00
1.148437500000000000e+00
-3.125000000000000000e+00
-1.937500000000000000e+00
4.003906250000000000e-01
1.904296875000000000e-01
4.687500000000000000e-01
3.750000000000000000e-01
3.281250000000000000e-01
3.300781250000000000e-01
2.812500000000000000e-01
3.847656250000000000e-01
3.750000000000000000e-01
4.296875000000000000e-01
1.179687500000000000e+00
9.423828125000000000e-02
3.652343750000000000e-01
2.636718750000000000e-01
3.496093750000000000e-01
9.687500000000000000e-01
4.003906250000000000e-01
3.183593750000000000e-01
2.636718750000000000e-01
3.784179687500000000e-02
3.144531250000000000e-01
3.925781250000000000e-01
1.904296875000000000e-01
3.613281250000000000e-01
1.582031250000000000e-01
4.687500000000000000e-01
-2.062500000000000000e+00
2.519531250000000000e-01
3.339843750000000000e-01
3.750000000000000000e-01
3.066406250000000000e-01
3.535156250000000000e-01
4.453125000000000000e-01
5.625000000000000000e-01
4.433593750000000000e-01
-1.398437500000000000e+00
4.121093750000000000e-01
2.099609375000000000e-01
5.351562500000000000e-01
3.066406250000000000e-01
2.382812500000000000e-01
3.730468750000000000e-01
3.457031250000000000e-01
5.039062500000000000e-01
-2.625000000000000000e+00
3.437500000000000000e-01
2.343750000000000000e-01
8.945312500000000000e-01
2.343750000000000000e-01
1.214599609375000000e-02
4.355468750000000000e-01
-3.078125000000000000e+00
2.929687500000000000e-01
3.535156250000000000e-01
7.177734375000000000e-02
4.355468750000000000e-01
3.320312500000000000e-02
1.552734375000000000e-01
1.357421875000000000e-01
-3.375000000000000000e+00
5.195312500000000000e-01
4.062500000000000000e-01
-3.062500000000000000e+00
1.074218750000000000e-01
1.591796875000000000e-01
3.730468750000000000e-01
2.236328125000000000e-01
1.904296875000000000e-01
2.675781250000000000e-01
4.003906250000000000e-01
2.949218750000000000e-01
9.492187500000000000e-01
1.953125000000000000e-01
3.359375000000000000e-01
5.664062500000000000e-01
3.105468750000000000e-01
3.242187500000000000e-01
3.203125000000000000e-01
3.144531250000000000e-01
4.785156250000000000e-01
2.265625000000000000e-01
2.490234375000000000e-01
3.437500000000000000e-01
2.187500000000000000e-01
3.828125000000000000e-01
3.496093750000000000e-01
2.519531250000000000e-01
2.617187500000000000e-01
2.265625000000000000e-01
2.451171875000000000e-01
3.847656250000000000e-01
3.808593750000000000e-01
-2.015625000000000000e+00
3.652343750000000000e-01
6.210937500000000000e-01
3.906250000000000000e-01
-2.125000000000000000e+00
4.218750000000000000e-01
1.328125000000000000e-01
1.147460937500000000e-01
2.832031250000000000e-01
2.060546875000000000e-01
5.585937500000000000e-01
2.216796875000000000e-01
3.027343750000000000e-01
2.460937500000000000e-01
4.628906250000000000e-01
2.021484375000000000e-01
3.144531250000000000e-01
3.496093750000000000e-01
3.144531250000000000e-01
3.925781250000000000e-01
2.343750000000000000e-01
4.667968750000000000e-01
6.933593750000000000e-02
9.179687500000000000e-02
1.601562500000000000e-01
4.062500000000000000e-01
9.023437500000000000e-01
2.314453125000000000e-01
4.511718750000000000e-01
-1.843750000000000000e+00
-2.828125000000000000e+00
1.660156250000000000e-01
2.636718750000000000e-01
-1.273437500000000000e+00
3.300781250000000000e-01
3.085937500000000000e-01
3.769531250000000000e-01
7.218750000000000000e+00
1.132812500000000000e-01
3.828125000000000000e-01
-2.515625000000000000e+00
5.039062500000000000e-01
3.613281250000000000e-01
3.222656250000000000e-01
-3.265625000000000000e+00
5.976562500000000000e-01
2.392578125000000000e-01
2.294921875000000000e-01
2.773437500000000000e-01
3.828125000000000000e-01
4.160156250000000000e-01
4.042968750000000000e-01
1.396484375000000000e-01
3.066406250000000000e-01
-2.203125000000000000e+00
3.588867187500000000e-02
1.796875000000000000e-01
-2.441406250000000000e-02
-2.770996093750000000e-02
3.203125000000000000e-01
3.027343750000000000e-01
2.304687500000000000e-01
2.060546875000000000e-01
4.375000000000000000e-01
3.964843750000000000e-01
2.460937500000000000e-01
3.535156250000000000e-01
4.042968750000000000e-01
5.234375000000000000e-01
1.279296875000000000e-01
2.421875000000000000e-01
2.314453125000000000e-01
3.984375000000000000e-01
7.382812500000000000e-01
3.906250000000000000e-01
1.708984375000000000e-01
-9.882812500000000000e-01
3.300781250000000000e-01
4.687500000000000000e-01
2.158203125000000000e-01
9.716796875000000000e-02
-2.640625000000000000e+00
9.570312500000000000e-01
2.968750000000000000e-01
2.871093750000000000e-01
-2.640625000000000000e+00
-1.117187500000000000e+00
-3.203125000000000000e+00
9.960937500000000000e-02
2.910156250000000000e-01
1.445312500000000000e-01
4.316406250000000000e-01
1.474609375000000000e-01
-1.976562500000000000e+00
3.847656250000000000e-01
3.964843750000000000e-01
3.261718750000000000e-01
3.378906250000000000e-01
1.416015625000000000e-01
2.148437500000000000e-01
-5.312500000000000000e-01
2.832031250000000000e-01
1.132812500000000000e-01
5.585937500000000000e-01
3.066406250000000000e-01
2.968750000000000000e-01
2.197265625000000000e-01
9.094238281250000000e-03
2.001953125000000000e-01
-2.078125000000000000e+00
-2.375000000000000000e+00
-3.375000000000000000e+00
-2.078125000000000000e+00
3.378906250000000000e-01
-2.312500000000000000e+00
1.416015625000000000e-01
5.429687500000000000e-01
2.968750000000000000e-01
1.767578125000000000e-01
5.234375000000000000e-01
3.515625000000000000e-01
2.138671875000000000e-01
1.059570312500000000e-01
1.562500000000000000e+00
2.333984375000000000e-01
4.199218750000000000e-01
1.884765625000000000e-01
3.105468750000000000e-01
3.320312500000000000e-01
-1.710937500000000000e+00
3.378906250000000000e-01
-7.568359375000000000e-02
5.937500000000000000e-01
1.503906250000000000e-01
2.109375000000000000e-01
2.929687500000000000e-01
-3.906250000000000000e-03
2.177734375000000000e-01
1.312255859375000000e-02
2.949218750000000000e-01
3.027343750000000000e-01
2.949218750000000000e-01
-1.523437500000000000e+00
4.687500000000000000e-01
1.953125000000000000e-01
1.312500000000000000e+00
3.300781250000000000e-01
3.750000000000000000e-01
3.984375000000000000e-01
2.216796875000000000e-01
2.851562500000000000e-01
2.314453125000000000e-01
1.218750000000000000e+00
5.053710937500000000e-02
-2.640625000000000000e+00
5.468750000000000000e-02
3.183593750000000000e-01
5.585937500000000000e-01
1.226562500000000000e+00
-4.003906250000000000e-02
2.832031250000000000e-01
1.826171875000000000e-01
2.451171875000000000e-01
3.144531250000000000e-01
3.496093750000000000e-01
4.453125000000000000e-01
1.708984375000000000e-01
3.691406250000000000e-01
2.675781250000000000e-01
-1.476562500000000000e+00
-3.125000000000000000e+00
3.359375000000000000e-01
3.066406250000000000e-01
9.960937500000000000e-02
2.109375000000000000e-01
2.636718750000000000e-01
3.964843750000000000e-01
3.300781250000000000e-01
5.957031250000000000e-02
2.695312500000000000e-01
2.304687500000000000e-01
2.792968750000000000e-01
1.171875000000000000e+00
1.982421875000000000e-01
3.222656250000000000e-01
2.597656250000000000e-01
2.333984375000000000e-01
4.062500000000000000e-01
7.861328125000000000e-02
2.558593750000000000e-01
1.375000000000000000e+00
3.105468750000000000e-01
4.062500000000000000e-01
2.187500000000000000e-01
4.921875000000000000e-01
-7.695312500000000000e-01
5.585937500000000000e-01
-1.593750000000000000e+00
2.832031250000000000e-01
1.046875000000000000e+00
-5.664062500000000000e-01
2.500000000000000000e-01
1.695312500000000000e+00
3.261718750000000000e-01
2.929687500000000000e-01
2.255859375000000000e-01
4.628906250000000000e-01
3.984375000000000000e-01
2.636718750000000000e-01
3.417968750000000000e-01
1.718750000000000000e-01
4.882812500000000000e-04
9.179687500000000000e-01
2.412109375000000000e-01
-1.531982421875000000e-02
6.054687500000000000e-02
1.187500000000000000e+00
1.562500000000000000e-01
4.511718750000000000e-01
6.757812500000000000e-01
-3.078125000000000000e+00
7.812500000000000000e-01
2.031250000000000000e-01
-1.875000000000000000e+00
1.289062500000000000e-01
-2.703125000000000000e+00
1.943359375000000000e-01
-2.671875000000000000e+00
1.455078125000000000e-01
3.378906250000000000e-01
3.808593750000000000e-01
3.496093750000000000e-01
3.769531250000000000e-01
5.351562500000000000e-01
3.066406250000000000e-01
2.910156250000000000e-01
3.828125000000000000e-01
2.216796875000000000e-01
4.472656250000000000e-01
3.144531250000000000e-01
3.496093750000000000e-01
9.228515625000000000e-02
-3.078125000000000000e+00
3.066406250000000000e-01
4.375000000000000000e-01
3.300781250000000000e-01
7.031250000000000000e-02
2.578125000000000000e-01
2.099609375000000000e-01
-1.831054687500000000e-03
3.535156250000000000e-01
7.656250000000000000e-01
-5.102539062500000000e-02
-1.992187500000000000e+00
2.558593750000000000e-01
2.080078125000000000e-01
2.949218750000000000e-01
4.472656250000000000e-01
5.039062500000000000e-01
2.500000000000000000e-01
5.625000000000000000e-01
4.218750000000000000e-01
3.930664062500000000e-02
3.613281250000000000e-01
3.535156250000000000e-01
2.119140625000000000e-01
2.460937500000000000e-01
5.820312500000000000e-01
2.792968750000000000e-01
-3.046875000000000000e+00
3.730468750000000000e-01
1.728515625000000000e-01
-2.392578125000000000e-02
1.923828125000000000e-01
-3.637695312500000000e-02
1.904296875000000000e-01
5.117187500000000000e-01
2.714843750000000000e-01
-1.585937500000000000e+00
3.105468750000000000e-01
1.982421875000000000e-01
-1.257812500000000000e+00
4.667968750000000000e-01
-3.390625000000000000e+00
-3.015625000000000000e+00
1.650390625000000000e-01
1.367187500000000000e+00
1.132812500000000000e-01
4.160156250000000000e-01
3.046875000000000000e-01
1.367187500000000000e-01
3.222656250000000000e-01
2.812500000000000000e-01
1.132812500000000000e+00
2.031250000000000000e-01
6.757812500000000000e-01
4.082031250000000000e-01
2.080078125000000000e-01
3.750000000000000000e-01
3.750000000000000000e-01
2.656250000000000000e-01
3.144531250000000000e-01
1.796875000000000000e-01
3.027343750000000000e-01
1.962890625000000000e-01
9.228515625000000000e-02
6.015625000000000000e-01
2.060546875000000000e-01
-2.812500000000000000e+00
1.000000000000000000e+00
1.396484375000000000e-01
-3.000000000000000000e+00
3.652343750000000000e-01
1.492187500000000000e+00
2.988281250000000000e-01
1.630859375000000000e-01
2.294921875000000000e-01
1.640625000000000000e-01
3.281250000000000000e-01
6.542968750000000000e-02
1.039062500000000000e+00
4.003906250000000000e-01
2.832031250000000000e-01
1.093750000000000000e+00
1.425781250000000000e-01
3.496093750000000000e-01
1.884765625000000000e-01
2.753906250000000000e-01
2.558593750000000000e-01
-9.814453125000000000e-02
4.511718750000000000e-01
4.628906250000000000e-01
5.468750000000000000e-01
2.714843750000000000e-01
2.451171875000000000e-01
6.225585937500000000e-02
-2.109375000000000000e+00
-3.265625000000000000e+00
4.746093750000000000e-01
2.714843750000000000e-01
3.027343750000000000e-01
2.226562500000000000e-01
3.203125000000000000e-01
1.904296875000000000e-01
2.470703125000000000e-01
2.832031250000000000e-01
2.988281250000000000e-01
8.544921875000000000e-02
3.964843750000000000e-01
-2.562500000000000000e+00
-2.203125000000000000e+00
3.046875000000000000e-01
1.007812500000000000e+00
3.535156250000000000e-01
2.119140625000000000e-01
1.186523437500000000e-01
5.195312500000000000e-01
1.953125000000000000e-01
3.300781250000000000e-01
-2.617187500000000000e-01
-3.906250000000000000e-03
9.912109375000000000e-02
6.992187500000000000e-01
-5.976562500000000000e-01
1.031250000000000000e+00
2.988281250000000000e-01
5.039062500000000000e-01
1.923828125000000000e-01
1.118164062500000000e-01
8.007812500000000000e-01
3.847656250000000000e-01
6.445312500000000000e-01
3.925781250000000000e-01
3.535156250000000000e-01
1.826171875000000000e-01
1.455078125000000000e-01
3.183593750000000000e-01
2.304687500000000000e-01
2.656250000000000000e-01
2.158203125000000000e-01
3.339843750000000000e-01
-2.203125000000000000e+00
-7.382812500000000000e-01
2.597656250000000000e-01
3.437500000000000000e-01
4.375000000000000000e-01
2.460937500000000000e-01
2.988281250000000000e-01
-1.757812500000000000e+00
1.992187500000000000e-01
2.158203125000000000e-01
2.558593750000000000e-01
2.158203125000000000e-01
3.105468750000000000e-01
9.648437500000000000e-01
-2.187500000000000000e+00
2.031250000000000000e-01
2.636718750000000000e-01
3.964843750000000000e-01
-2.828125000000000000e+00
2.470703125000000000e-01
-2.921875000000000000e+00
2.216796875000000000e-01
1.953125000000000000e-01
3.437500000000000000e-01
6.210937500000000000e-01
1.257812500000000000e+00
2.539062500000000000e-01
8.242187500000000000e-01
3.261718750000000000e-01
1.562500000000000000e-01
4.843750000000000000e-01
7.958984375000000000e-02
2.636718750000000000e-01
2.500000000000000000e-01
4.687500000000000000e-01
5.976562500000000000e-01
4.589843750000000000e-01
3.828125000000000000e-01
3.691406250000000000e-01
5.742187500000000000e-01
1.210937500000000000e-01
4.843750000000000000e-01
1.357421875000000000e-01
3.750000000000000000e-01
3.750000000000000000e-01
2.255859375000000000e-01
1.916503906250000000e-02
-4.956054687500000000e-02
-5.156250000000000000e-01
2.929687500000000000e-01
3.339843750000000000e-01
4.687500000000000000e-01
-3.171875000000000000e+00
-1.875000000000000000e+00
2.519531250000000000e-01
-1.375000000000000000e+00
4.160156250000000000e-01
1.562500000000000000e-01
3.535156250000000000e-01
-1.687500000000000000e+00
-2.984375000000000000e+00
9.570312500000000000e-01
2.734375000000000000e-01
8.349609375000000000e-02
1.582031250000000000e-01
9.257812500000000000e-01
7.568359375000000000e-02
3.652343750000000000e-01
3.300781250000000000e-01
2.451171875000000000e-01
4.082031250000000000e-01
1.669921875000000000e-01
4.062500000000000000e-01
2.080078125000000000e-01
3.378906250000000000e-01
3.730468750000000000e-01
3.457031250000000000e-01
3.359375000000000000e-01
3.730468750000000000e-01
1.982421875000000000e-01
3.378906250000000000e-01
2.265625000000000000e-01
-5.312500000000000000e-01
1.494140625000000000e-01
4.858398437500000000e-02
4.082031250000000000e-01
3.613281250000000000e-01
-3.375000000000000000e+00
2.988281250000000000e-01
3.281250000000000000e-01
-2.609375000000000000e+00
4.316406250000000000e-01
3.828125000000000000e-01
2.519531250000000000e-01
2.558593750000000000e-01
2.890625000000000000e-01
-3.261718750000000000e-01
1.406250000000000000e-01
2.617187500000000000e-01
3.203125000000000000e-01
3.496093750000000000e-01
2.792968750000000000e-01
-3.015625000000000000e+00
-1.129150390625000000e-02
-2.328125000000000000e+00
-2.515625000000000000e+00
4.472656250000000000e-01
1.826171875000000000e-01
3.164062500000000000e-01
2.832031250000000000e-01
2.695312500000000000e-01
4.394531250000000000e-01
3.007812500000000000e-01
2.890625000000000000e-01
-2.390625000000000000e+00
1.226562500000000000e+00
2.421875000000000000e-01
2.519531250000000000e-01
2.216796875000000000e-01
3.535156250000000000e-01
2.617187500000000000e-01
3.593750000000000000e-01
2.470703125000000000e-01
-2.640625000000000000e+00
-2.578125000000000000e+00
3.066406250000000000e-01
4.824218750000000000e-01
2.656250000000000000e-01
3.730468750000000000e-01
3.574218750000000000e-01
2.988281250000000000e-01
-5.968750000000000000e+00
5.395507812500000000e-02
3.222656250000000000e-01
-5.004882812500000000e-02
3.906250000000000000e-01
5.639648437500000000e-02
6.523132324218750000e-04
1.054687500000000000e+00
2.373046875000000000e-01
2.431640625000000000e-01
2.148437500000000000e-02
4.062500000000000000e-01
2.187500000000000000e-01
2.871093750000000000e-01
4.316406250000000000e-01
2.119140625000000000e-01
1.953125000000000000e-01
-8.164062500000000000e-01
-3.881835937500000000e-02
3.164062500000000000e-01
1.992187500000000000e-01
4.511718750000000000e-01
2.001953125000000000e-01
-2.171875000000000000e+00
2.695312500000000000e-01
5.351562500000000000e-01
-2.140625000000000000e+00
1.289062500000000000e-01
-2.171875000000000000e+00
1.474609375000000000e-01
3.339843750000000000e-01
3.808593750000000000e-01
3.378906250000000000e-01
4.160156250000000000e-01
2.431640625000000000e-01
4.433593750000000000e-01
4.160156250000000000e-01
1.601562500000000000e-01
4.003906250000000000e-01
2.812500000000000000e-01
2.871093750000000000e-01
2.812500000000000000e-01
5.351562500000000000e-01
1.376953125000000000e-01
2.968750000000000000e-01
-1.726562500000000000e+00
-7.695312500000000000e-01
1.147460937500000000e-01
-2.437500000000000000e+00
2.714843750000000000e-01
1.687500000000000000e+00
-2.953125000000000000e+00
1.953125000000000000e-01
2.792968750000000000e-01
3.007812500000000000e-01
6.093750000000000000e-01
4.160156250000000000e-01
2.187500000000000000e-01
2.373046875000000000e-01
8.125000000000000000e-01
2.109375000000000000e-01
-2.984375000000000000e+00
-6.523437500000000000e-01
2.500000000000000000e-01
1.591796875000000000e-01
2.910156250000000000e-01
1.708984375000000000e-01
1.728515625000000000e-01
1.336669921875000000e-02
2.470703125000000000e-01
3.203125000000000000e-01
2.636718750000000000e-01
3.847656250000000000e-01
-2.875000000000000000e+00
-1.611328125000000000e-01
2.187500000000000000e-01
3.984375000000000000e-01
1.484375000000000000e-01
2.675781250000000000e-01
2.910156250000000000e-01
2.275390625000000000e-01
-2.078125000000000000e+00
9.960937500000000000e-02
4.711914062500000000e-02
3.378906250000000000e-01
1.796875000000000000e-01
2.500000000000000000e-01
2.910156250000000000e-01
2.675781250000000000e-01
2.753906250000000000e-01
1.650390625000000000e-01
2.984375000000000000e+00
1.845703125000000000e-01
1.923828125000000000e-01
4.003906250000000000e-01
1.281250000000000000e+00
3.027343750000000000e-01
2.490234375000000000e-01
2.773437500000000000e-01
3.144531250000000000e-01
3.906250000000000000e-02
3.105468750000000000e-01
1.088867187500000000e-01
-2.625000000000000000e+00
5.703125000000000000e-01
2.753906250000000000e-01
2.792968750000000000e-01
2.910156250000000000e-01
2.314453125000000000e-01
3.769531250000000000e-01
-2.125000000000000000e+00
2.226562500000000000e-01
3.750000000000000000e-01
6.132812500000000000e-01
2.890625000000000000e-01
1.226562500000000000e+00
9.062500000000000000e-01
1.630859375000000000e-01
2.080078125000000000e-01
1.757812500000000000e-01
-1.656250000000000000e+00
1.137695312500000000e-01
3.750000000000000000e-01
5.195312500000000000e-01
1.242187500000000000e+00
9.765625000000000000e-02
8.437500000000000000e-01
4.042968750000000000e-01
3.339843750000000000e-01
2.968750000000000000e-01
3.808593750000000000e-01
2.294921875000000000e-01
-2.765625000000000000e+00
8.593750000000000000e-02
2.216796875000000000e-01
-3.686523437500000000e-02
2.080078125000000000e-01
3.125000000000000000e-01
3.847656250000000000e-01
3.437500000000000000e-01
1.611328125000000000e-01
2.988281250000000000e-01
3.886718750000000000e-01
1.845703125000000000e-01
-1.695312500000000000e+00
-3.000000000000000000e+00
3.535156250000000000e-01
1.289062500000000000e-01
5.156250000000000000e-01
5.000000000000000000e-01
4.746093750000000000e-01
1.298828125000000000e-01
2.675781250000000000e-01
3.281250000000000000e-01
3.046875000000000000e-01
3.925781250000000000e-01
8.867187500000000000e-01
3.730468750000000000e-01
1.542968750000000000e-01
5.507812500000000000e-01
3.378906250000000000e-01
2.890625000000000000e-01
2.519531250000000000e-01
3.144531250000000000e-01
1.669921875000000000e-01
1.650390625000000000e-01
2.636718750000000000e-01
2.617187500000000000e-01
3.261718750000000000e-01
3.125000000000000000e-01
1.572265625000000000e-01
-3.078125000000000000e+00
8.007812500000000000e-02
3.144531250000000000e-01
-3.007812500000000000e-01
3.925781250000000000e-01
-5.906250000000000000e+00
2.558593750000000000e-01
1.273437500000000000e+00
2.636718750000000000e-01
3.144531250000000000e-01
3.671875000000000000e-01
3.613281250000000000e-01
2.109375000000000000e-01
-2.453125000000000000e+00
2.675781250000000000e-01
3.906250000000000000e-01
-2.750000000000000000e+00
3.144531250000000000e-01
2.158203125000000000e-01
4.003906250000000000e-01
2.949218750000000000e-01
-2.988281250000000000e-01
2.910156250000000000e-01
3.828125000000000000e-01
3.300781250000000000e-01
3.808593750000000000e-01
3.437500000000000000e-01
3.417968750000000000e-01
-1.937500000000000000e+00
3.585815429687500000e-03
5.117187500000000000e-01
1.455078125000000000e-01
1.982421875000000000e-01
2.714843750000000000e-01
1.279296875000000000e-01
4.003906250000000000e-01
3.437500000000000000e-01
3.730468750000000000e-01
-9.179687500000000000e-02
3.437500000000000000e-01
5.156250000000000000e-01
1.914062500000000000e-01
4.785156250000000000e-01
2.216796875000000000e-01
1.125000000000000000e+00
4.003906250000000000e-01
-1.343750000000000000e+00
3.359375000000000000e-01
3.691406250000000000e-01
2.792968750000000000e-01
2.988281250000000000e-01
3.203125000000000000e-01
1.085937500000000000e+00
5.585937500000000000e-01
3.339843750000000000e-01
4.277343750000000000e-01
4.160156250000000000e-01
2.949218750000000000e-01
3.339843750000000000e-01
3.964843750000000000e-01
6.494140625000000000e-02
2.792968750000000000e-01
1.533203125000000000e-01
-2.078125000000000000e+00
1.953125000000000000e-01
-3.979492187500000000e-02
5.195312500000000000e-01
4.218750000000000000e-01
1.109375000000000000e+00
1.039062500000000000e+00
2.871093750000000000e-01
-3.171875000000000000e+00
1.826171875000000000e-01
5.039062500000000000e-01
2.656250000000000000e-01
1.000976562500000000e-01
3.183593750000000000e-01
2.812500000000000000e-01
4.355468750000000000e-01
2.675781250000000000e-01
2.871093750000000000e-01
1.904296875000000000e-01
4.472656250000000000e-01
4.902343750000000000e-01
4.433593750000000000e-01
2.031250000000000000e-01
5.312500000000000000e-01
1.108398437500000000e-01
2.949218750000000000e-01
3.925781250000000000e-01
4.121093750000000000e-01
7.187500000000000000e-01
-1.351562500000000000e+00
1.689453125000000000e-01
1.337890625000000000e-01
1.335937500000000000e+00
1.507812500000000000e+00
2.949218750000000000e-01
1.914062500000000000e-01
4.628906250000000000e-01
4.785156250000000000e-01
3.437500000000000000e-01
3.437500000000000000e-01
2.382812500000000000e-01
-3.187500000000000000e+00
1.320312500000000000e+00
2.519531250000000000e-01
1.718750000000000000e-01
9.375000000000000000e-02
2.753906250000000000e-01
-1.000976562500000000e-01
-3.312500000000000000e+00
3.164062500000000000e-01
2.968750000000000000e-01
4.843750000000000000e-01
1.040039062500000000e-01
1.164062500000000000e+00
3.808593750000000000e-01
2.031250000000000000e-01
3.300781250000000000e-01
4.140625000000000000e-01
3.652343750000000000e-01
3.496093750000000000e-01
3.085937500000000000e-01
-2.328125000000000000e+00
1.640625000000000000e-01
9.814453125000000000e-02
2.636718750000000000e-01
3.417968750000000000e-01
3.164062500000000000e-01
-9.257812500000000000e-01
1.416015625000000000e-01
3.046875000000000000e-01
3.750000000000000000e-01
4.062500000000000000e-01
3.437500000000000000e-01
2.871093750000000000e-01
3.320312500000000000e-01
3.261718750000000000e-01
3.808593750000000000e-01
4.062500000000000000e-01
2.871093750000000000e-01
3.593750000000000000e-01
3.847656250000000000e-01
4.003906250000000000e-01
3.437500000000000000e-01
3.222656250000000000e-01
3.457031250000000000e-01
4.472656250000000000e-01
4.199218750000000000e-01
3.652343750000000000e-01
4.003906250000000000e-01
3.066406250000000000e-01
2.412109375000000000e-01
3.359375000000000000e-01
4.003906250000000000e-01
2.792968750000000000e-01
3.535156250000000000e-01
3.964843750000000000e-01
3.535156250000000000e-01
-1.093750000000000000e+00
2.968750000000000000e-01
4.589843750000000000e-01
3.261718750000000000e-01
2.714843750000000000e-01
5.898437500000000000e-01
4.628906250000000000e-01
3.593750000000000000e-01
3.906250000000000000e-01
4.140625000000000000e-01
3.593750000000000000e-01
5.039062500000000000e-01
3.378906250000000000e-01
3.359375000000000000e-01
1.689453125000000000e-01
5.117187500000000000e-01
2.929687500000000000e-01
5.507812500000000000e-01
1.982421875000000000e-01
2.031250000000000000e-01
3.457031250000000000e-01
3.066406250000000000e-01
1.835937500000000000e-01
3.925781250000000000e-01
3.906250000000000000e-01
3.828125000000000000e-01
2.500000000000000000e-01
3.535156250000000000e-01
2.968750000000000000e-01
2.500000000000000000e-01
3.203125000000000000e-01
3.574218750000000000e-01
-3.234375000000000000e+00
4.296875000000000000e-01
2.597656250000000000e-01
4.160156250000000000e-01
1.679687500000000000e-01
